148 352
212 327
272 318
336 304
396 287
460 280
524 255
592 254
652 248
716 240
776 240
840 224
900 224
964 240
1028 240
1088 248
1152 255
1212 255
1276 284
1336 304
1400 318
1464 335
1524 368
1592 384
1656 399
1716 423
1780 448
1840 480
1904 496
1968 512
2028 529
2092 547
2152 572
2216 575
2276 608
2340 608
2404 624
2464 624
2528 632
2588 632
2656 632
2720 624
2784 624
2844 608
2908 608
2968 575
3032 572
3092 551
3156 536
3216 515
3280 504
3344 480
3404 455
3468 448
3528 415
3592 391
3660 384
3724 353
3784 352
3848 319
3908 312
3972 295
4032 286
4096 271
4160 263
4220 255
4284 255
4344 255
4408 255
4468 255
4532 271
4592 284
4656 287
4724 312
4788 319
4848 327
4912 352
4972 384
5036 384
5100 399
5160 415
5224 448
5284 455
5348 480
5408 496
5472 511
5536 526
5596 542
5660 551
5728 572
5788 575
5852 575
5916 583
5976 591
6040 608
6100 591
6164 590
6224 583
6288 575
6348 574
6412 568
6476 547
6536 540
6600 519
6660 510
6728 496
6792 480
6856 455
6916 448
6980 419
7040 408
7104 387
7164 384
7228 384
7292 352
7352 327
7416 319
7476 316
7540 312
7600 304
7664 287
7724 287
7796 287
7856 287
7920 287
7980 304
8044 312
8104 316
8168 319
8232 327
8292 352
8356 368
8416 384
8480 385
8540 399
8604 415
8668 448
8728 448
8796 480
8860 480
8920 504
8984 510
9048 519
9108 527
9172 542
9232 543
9296 560
9356 568
9420 568
9480 572
9544 572
9608 568
9668 568
9732 560
9800 547
9860 543
9924 536
9988 519
10048 511
10112 504
10172 496
10236 480
10296 455
10360 448
10424 448
10484 415
10548 399
10608 385
10672 384
10732 384
10796 352
10860 352
10924 332
10988 319
11048 319
11112 318
11172 316
11236 316
11296 316
11360 318
11424 319
11484 319
11548 327
11608 335
11672 352
11732 353
11796 384
11864 384
11928 391
11988 401
12052 415
12112 448
12176 448
12236 455
12300 480
12364 480
12424 496
12488 508
12548 512
12612 519
12672 527
12736 540
12800 543
12868 543
12928 543
12992 543
13052 543
13116 543
13180 542
13240 536
13304 527
13364 519
13428 512
13488 508
13552 496
13612 480
13676 480
13740 455
13800 448
13864 448
13932 415
13992 412
14056 396
14120 384
14180 384
14244 384
14304 384
14368 352
14428 352
14492 352
14556 334
14616 327
14680 327
14740 327
14804 327
14864 334
14932 352
14996 352
15060 352
15120 368
15184 384
15244 384
15308 384
15368 391
15432 408
15496 415
15556 448
15620 448
15680 449
15744 462
15804 480
15868 480
15936 496
16000 504
