#teff = 42.536 micro
#dteff = 2.374 micro 
24 1023
68 284
108 199
156 127
200 96
244 48
284 7
328 0
368 0
412 0
452 0
496 24
540 62
580 120
624 167
664 240
708 312
748 384
792 451
836 527
876 608
920 668
960 736
1004 771
1044 816
1088 839
1128 864
1172 864
1220 864
1264 831
1304 799
1348 768
1388 707
1432 647
1476 583
1516 515
1560 448
1600 384
1644 312
1684 252
1728 192
1772 135
1812 96
1856 63
1896 48
1940 31
1980 31
2024 48
2064 63
2108 112
2152 143
2192 199
2240 255
2284 319
2324 391
2368 455
2412 519
2452 583
2496 639
2536 704
2580 768
2620 769
2664 798
2708 816
2748 816
2792 803
2832 792
2876 768
2916 736
2960 688
3000 636
3044 575
3088 512
3128 449
3172 387
3212 327
3260 255
3304 224
3348 176
3388 127
3432 112
3472 96
3516 78
3556 79
3600 96
3644 120
3684 143
3728 192
3768 224
3812 275
3852 327
3896 387
3936 448
3980 508
4024 568
4064 609
4108 655
4148 704
4192 736
4232 768
4284 768
4324 768
4368 768
4408 768
4452 736
4492 704
4536 639
4580 608
4620 551
4664 504
4704 448
4748 387
4788 352
4832 287
4872 248
4916 199
4960 176
5000 143
5044 127
5084 124
5128 124
5168 127
5212 152
5256 192
5304 224
5344 255
5388 304
5428 352
5472 399
5516 449
5556 508
5600 547
5640 608
5684 638
5724 671
5768 704
5808 711
5852 736
5896 736
5936 736
5980 707
6020 704
6064 664
6104 632
6148 583
6192 543
6232 504
6276 448
6324 391
6364 352
6408 304
6452 255
6492 225
6536 195
6576 192
6620 159
6660 158
6704 159
6744 159
6788 192
6832 206
6872 240
6916 271
6956 316
7000 352
7040 396
7084 448
7128 496
7168 527
7212 574
7252 608
7296 639
7344 668
7388 704
7428 704
7472 704
7512 704
7556 675
7596 655
7640 638
7680 608
7724 572
7768 527
7808 496
7852 448
7892 399
7936 384
7976 319
8020 287
8064 255
8104 240
8148 224
8188 193
8232 192
8272 192
8316 193
8364 224
8408 240
8448 255
8492 287
8532 319
8576 384
8616 408
8660 448
8704 496
8744 519
8788 568
8828 590
8872 624
8912 639
8956 655
9000 664
9040 668
9084 664
9124 652
9168 638
9208 624
9252 583
9292 560
9336 519
9384 480
9428 448
9468 399
9512 384
9552 327
9596 304
9640 271
9680 254
9724 240
9764 224
9808 224
9848 224
9892 224
9936 240
9976 255
10020 273
10060 312
10104 335
10144 384
10188 399
10228 448
10272 480
10316 511
10356 542
10404 575
10448 608
10488 624
10532 632
10576 639
10616 639
10660 638
10700 632
10744 624
10784 591
10828 572
10872 543
10924 496
10964 455
11008 423
11048 387
11092 384
11132 327
11176 304
11220 284
11260 255
11304 252
11344 248
11388 248
11428 248
11472 255
11516 255
11564 287
11604 316
11648 352
11688 384
11732 399
11772 448
11816 463
11860 496
11900 519
11944 543
11984 574
12028 590
12068 608
12112 624
12156 624
12196 624
12240 608
12280 608
12324 583
12364 568
12408 542
12448 513
12492 496
12536 455
12576 419
12624 391
12668 384
12708 352
12752 318
12796 295
12836 284
12880 271
12920 255
12964 255
13004 255
13048 271
13092 287
13132 312
13176 319
13216 352
13260 384
13300 399
13344 448
13384 455
13428 480
13472 511
13512 531
13556 560
13596 574
13644 583
13688 591
13732 608
13772 591
13816 583
13856 575
13900 568
13940 543
13984 524
14028 508
14068 480
14112 448
14152 423
14196 398
14236 384
14280 352
14320 327
14364 316
14408 304
14448 287
14492 287
14532 286
14576 287
14616 291
14664 312
14708 319
14752 352
14792 384
14836 384
14876 412
14920 448
14960 455
15004 481
15048 508
15088 526
15132 543
15172 560
15216 572
15256 575
15300 575
15340 575
15384 574
15428 568
15468 543
15512 529
15552 512
15596 496
15636 480
15684 448
15728 415
15772 399
15812 384
15856 368
15896 352
15940 319
15980 316
16024 312
16068 304
16108 304
16152 312
16192 316
16236 319
16276 335
16320 352
16360 384
16404 387
16448 414
16488 448
16532 455
16572 480
16616 504
16656 512
16708 529
16748 543
16792 551
16832 560
16876 568
16916 560
16960 551
17000 543
17044 527
17088 515
17128 504
17172 480
17212 463
17256 448
17296 419
17340 399
17384 384
17424 384
17468 352
17508 352
17552 327
17592 319
17636 319
17676 319
17728 319
17768 327
17812 352
17852 352
17896 384
17936 384
17980 399
18024 415
18064 448
18108 455
18148 480
18192 496
18232 510
18276 519
18320 527
18360 542
18404 543
18444 543
18488 542
18528 542
18572 527
18612 519
18656 511
18700 496
18748 480
18788 455
18832 448
18872 415
18916 399
18960 385
19000 384
19044 384
19084 352
19128 352
19168 334
19212 327
19256 327
19296 334
19340 352
19380 352
19424 384
19464 384
19508 385
19548 401
19592 419
19636 448
19676 451
19720 480
19768 496
19808 504
19852 512
19896 519
19936 527
19980 527
20020 529
20064 527
20104 526
20148 515
20192 510
20232 504
20276 496
20316 480
20360 451
20400 448
20444 419
20484 408
20528 391
20572 384
20612 384
20656 256
20696 352
20740 352
20788 352
20832 352
20872 352
20916 352
20956 384
21000 384
21040 384
21084 391
21128 412
21168 423
21212 448
21252 451
21296 480
21336 480
21380 496
21420 508
21464 511
21508 513
21548 519
21592 519
21632 515
21676 512
21716 510
21760 504
21816 504
21856 496
21900 480
21940 463
21984 448
22024 448
22068 419
22112 412
22152 396
22196 384
22236 384
22280 384
22320 384
22364 368
22408 353
22448 368
22492 384
22532 384
22576 384
22616 384
22660 385
22700 399
22744 414
22788 423
22828 448
22876 451
22920 480
22960 480
23004 496
23048 504
23088 508
23132 510
23172 511
23216 512
23256 511
23300 510
23344 504
23384 504
23428 496
23468 480
23512 480
23552 449
23596 448
23636 432
23680 415
23724 399
23764 391
23808 384
23848 384
23896 384
23940 384
23984 384
24024 384
24068 384
24108 384
24152 384
24192 384
24236 391
24280 399
24320 415
24364 423
24404 448
24448 448
24488 455
24532 480
24572 480
24616 496
24660 496
24700 504
24744 504
24784 508
24828 508
24868 504
24916 496
24960 496
25004 480
25044 480
25088 460
25128 448
25172 448
25212 432
25256 415
25300 408
25340 391
25384 385
25424 384
25468 384
25508 384
25552 384
25592 384
25636 384
25680 384
25720 384
25764 384
25804 391
25848 399
25888 415
25936 432
25980 448
26024 448
26064 455
26108 480
26148 480
26192 480
26232 496
26276 496
26320 504
26360 504
26404 504
26444 496
26488 496
26528 496
26572 480
26612 480
26656 455
26700 448
26740 448
26784 448
26824 415
26868 412
26908 399
26960 391
27000 384
27044 384
27084 384
27128 384
27168 384
27212 384
27252 384
27296 384
27340 391
27380 399
27424 408
27464 415
27508 423
27548 448
27592 448
27636 451
27676 462
27720 480
27760 480
27804 480
27844 496
27888 496
27928 496
27980 496
28020 496
28064 481
28104 480
28148 480
28188 480
28232 455
28276 448
28316 448
28360 448
28400 419
28444 414
28484 408
28528 399
28572 391
28612 385
28656 384
28696 384
28740 384
28780 384
28824 384
28864 387
28908 391
28952 399
29000 412
29040 415
29084 432
29124 448
29168 448
29212 449
29252 455
29296 480
29336 480
29380 480
29420 480
29464 496
29508 496
29548 496
29592 480
29632 480
29676 480
29716 480
29760 463
29800 455
29844 448
29888 448
29928 448
29972 419
30020 415
30060 408
30104 399
30148 391
30188 387
30232 385
30272 384
30316 384
30356 384
30400 387
30444 391
30484 398
30528 399
30568 412
30612 415
30652 423
30696 448
30736 448
30780 448
30824 454
30864 462
30908 480
30948 480
30992 480
31040 480
31084 480
31124 480
31168 480
31208 480
31252 480
31292 480
31336 455
31380 451
31420 448
31464 448
31504 448
31548 423
31588 415
31632 414
31672 403
31716 399
31760 391
31800 391
31844 391
31884 391
31928 391
31968 391
32012 398
32060 399
32104 412
32144 415
32188 419
32228 432
32272 448
32316 448
32356 448
32400 451
32440 460
32484 480
32524 480
32568 480
32608 480
32652 480
32700 455
32744 455
32784 451
32828 449
32868 448
32912 448
32952 448
32996 448
33040 448
33080 432
33128 423
33172 419
33212 415
33256 415
33300 415
33340 414
33384 414
33424 414
33468 414
33508 414
33552 415
33596 415
33636 415
33680 419
33720 423
33764 448
33804 448
33848 448
33888 448
33932 448
33976 448
34016 448
34060 449
34100 451
34148 451
34192 455
34236 455
34276 455
34320 451
34360 451
34404 448
34444 448
34488 448
34532 448
34572 448
34616 448
34656 448
34700 448
34740 432
34784 419
34824 415
34868 415
34912 415
34952 415
34996 415
35036 415
35080 415
35120 415
35172 415
35212 415
35256 419
35296 432
35340 448
35380 448
35424 448
35468 448
35508 448
35552 448
35592 448
35636 448
35676 448
35720 449
35760 449
35804 449
35848 449
35888 449
35932 449
35972 448
36016 448
36056 448
36100 448
36144 448
36192 448
36232 448
36276 448
36316 432
36360 432
36404 419
36444 419
36488 415
36528 415
36572 415
36612 415
36656 415
36696 415
36740 415
36784 419
36824 423
36868 432
36908 448
36952 448
36992 448
37036 448
37080 448
37120 448
37164 448
37204 448
37252 448
37296 448
37340 448
37380 448
37424 448
37464 448
37508 448
37548 448
37592 448
37632 448
37676 448
37720 448
37760 448
37804 448
37844 448
37888 448
37928 432
37972 432
38016 423
38056 419
38100 419
38140 415
38184 415
38224 415
38276 415
38316 415
38360 419
38400 423
38444 423
38484 432
38528 448
38568 448
38612 448
38656 448
38696 448
38740 448
38780 448
38824 448
38864 448
38908 448
38952 448
38992 448
39036 448
39076 448
39120 448
39160 448
39204 448
39244 448
39292 448
39336 448
39380 448
39420 448
39464 448
39504 448
39548 448
39588 432
39632 423
39672 419
39716 419
39760 419
39800 419
39844 419
39884 419
39928 423
39968 423
40012 432
40056 432
40096 448
40140 448
40180 448
40224 448
40264 448
40312 448
40356 448
40400 448
40440 448
40484 448
40524 448
40568 448
40608 448
40652 448
40696 448
40736 448
40780 448
40820 448
40864 448
40904 448
40948 448
40988 448
41032 448
41076 448
41116 432
41160 432
41200 423
41244 419
41284 419
41336 419
41376 415
41420 419
41460 419
41504 419
41544 419
41588 423
41632 423
41672 432
41716 448
41756 448
41800 448
41840 448
41884 448
41924 448
41968 448
42012 448
42052 448
42096 448
42136 448
42180 448
42220 448
42264 448
42308 448
42356 448
42396 448
42440 448
42480 448
42524 448
42568 448
42608 448
42652 448
42692 448
42736 448
42776 432
42820 423
42860 423
42904 423
42948 419
42988 419
43032 419
43072 419
43116 419
43156 419
43200 432
43244 432
43284 448
43328 448
43376 448
43416 448
43460 448
43504 448
43544 448
43592 448
43632 448
43676 448
43716 448
43760 448
43800 448
43844 448
43888 448
43928 448
43972 448
44012 432
44056 432
44096 423
44140 423
44180 419
44224 419
44268 423
44308 419
44352 423
44392 432
44440 432
44484 448
44528 448
44568 448
44612 448
44652 448
44696 448
44736 448
44780 448
44824 448
44864 448
44908 448
44948 448
44992 448
45032 448
45076 448
45116 448
45160 448
45204 448
45244 448
45288 448
45328 448
45372 448
45412 448
45464 448
45504 448
45548 448
45588 432
45632 432
45672 423
45716 423
45760 423
45800 423
45844 423
45884 432
45928 432
45968 448
46012 448
46052 448
46096 448
46140 448
46180 448
46224 448
46264 448
46308 448
46348 448
46392 448
46436 448
46484 448
46524 448
46568 448
46608 448
46652 448
46696 448
46736 448
46780 448
46820 448
46864 448
46904 448
46948 448
46988 448
47032 448
47076 448
47116 432
47160 432
47200 432
47244 423
47284 423
47328 432
47372 423
47412 432
47456 432
47504 432
47544 448
47588 448
47632 448
47672 448
47716 448
47756 448
47800 448
47840 448
47884 448
47924 448
47968 448
48012 448
48052 448
48096 448
48136 448
48180 448
48220 448
48264 448
48308 448
48348 448
48392 448
48432 448
48476 448
48524 448
48568 448
48608 448
48652 448
48692 448
48736 448
48776 432
48820 448
48860 432
48904 432
48948 448
48988 448
49032 448
49072 448
49116 448
49156 448
49200 448
49244 448
49284 448
49328 448
49368 448
49412 448
49452 448
49496 448
49544 448
49588 448
49628 448
49672 448
49712 448
49756 448
49796 448
49840 448
49884 448
49924 448
49968 448
50008 448
50052 448
50092 448
50136 448
50180 448
50220 448
50264 448
50304 448
50348 448
50388 448
50432 448
50472 448
50516 448
50564 448
50608 448
50648 448
50692 448
50732 448
50776 448
50820 448
50860 448
50904 448
50944 448
50988 448
51028 448
51072 448
51116 448
51156 448
51200 448
51240 448
51284 448
51324 448
51368 448
51408 448
51452 448
51496 448
51536 448
51584 448
51628 448
51668 448
51712 448
51756 448
51796 448
51840 448
51880 448
51924 448
51964 448
52008 448
52052 448
52092 448
52136 448
52176 448
52220 448
52260 448
52304 448
52344 448
52388 448
52432 448
52472 448
52516 448
52556 448
52600 448
52648 448
52692 448
52732 448
52776 448
52816 448
52860 448
52900 448
52944 448
52988 448
53028 448
53072 448
53112 448
53156 448
53196 448
53240 448
53280 448
53324 448
53368 448
53408 448
53452 448
53492 448
53536 448
53576 448
53620 448
53664 448
53708 448
53752 448
53792 448
53836 448
53876 448
53920 448
53960 448
54004 448
54044 448
54088 448
54132 448
54172 448
54216 448
54256 448
54300 448
54340 448
54384 448
54428 448
54480 448
54520 448
54564 448
54604 448
54652 448
54696 448
54740 448
54780 448
54824 448
54864 448
54908 448
54948 448
54992 448
55036 448
55076 432
55120 423
55160 419
55204 415
55244 415
55288 415
55328 415
55372 415
55416 415
55456 415
55500 419
55540 423
55584 423
55624 448
55676 448
55716 448
55760 448
55800 448
55844 448
55884 448
55928 448
55972 448
56012 448
56056 448
56096 448
56140 448
56180 448
56224 448
56264 448
56308 448
56352 448
56392 448
56436 448
56476 448
56520 448
56560 448
56604 448
56648 432
56696 423
56736 423
56780 419
56820 419
56864 419
56908 419
56948 419
56992 419
57032 423
57076 432
57116 432
57160 448
57200 448
57244 448
57288 448
57328 448
57372 448
57412 448
57456 448
57496 448
57540 448
57584 448
57624 448
57668 448
57716 448
57756 448
57800 448
57844 448
57884 448
57928 448
57968 448
58012 448
58052 448
58096 448
58136 432
58180 432
58224 423
58264 419
58308 419
58348 419
58392 415
58432 415
58476 419
58520 419
58560 423
58604 432
58644 432
58688 448
58736 448
58780 448
58820 448
58864 448
58904 448
58948 448
58988 448
59032 448
59072 448
59116 448
59160 448
59200 448
59244 448
59284 448
59328 448
59368 448
59412 448
59456 448
59496 448
59540 448
59580 448
59624 448
59664 448
59708 432
59756 432
59800 423
59840 423
59884 419
59924 419
59968 419
60008 419
60052 423
60096 423
60136 432
60180 432
60220 448
60264 448
60304 448
60348 448
60392 448
60432 448
60476 448
60516 448
60560 448
60600 448
60644 448
60684 448
60728 448
60776 448
60820 448
60860 448
60904 448
60944 448
60988 448
61032 448
61072 448
61116 448
61156 448
61200 448
61240 432
61284 423
61328 432
61368 423
61412 419
61452 419
61496 419
61536 419
61580 419
61620 423
61664 423
61708 432
61748 448
61796 448
61840 448
61880 448
61924 448
61968 448
62008 448
62052 448
62092 448
62136 448
62176 448
62220 448
62264 448
62304 448
62348 448
62388 448
62432 448
62472 448
62516 448
62556 448
62600 448
62644 448
62684 448
62728 448
62768 448
62816 432
62860 423
62904 423
62944 423
62988 419
63028 419
63072 419
63112 423
63156 423
63200 423
63240 432
63284 448
63324 448
63368 448
63408 448
63452 448
63492 448
63536 448
63580 448
63620 448
63664 448
63704 448
63748 448
63788 448
63832 448
63880 448
63924 448
63964 448
64008 448
64048 448
64092 448
64136 448
64176 448
64220 448
64260 448
64304 448
64344 448
64388 432
64428 432
64472 423
64516 423
64556 423
64600 423
64640 423
64684 423
64724 432
64768 432
64812 448
64852 448
64896 448
64940 448
64984 448
65024 448
65068 448
65108 448
65152 448
65192 448
65236 448
65276 448
65320 448
65368 448
65412 448
65456 448
65496 448
65540 448
65580 448
65624 448
65664 448
65708 448
65748 448
65792 448
65840 448
65884 448
65924 448
65968 448
66008 448
66052 448
66096 432
66136 432
66180 423
66220 423
66264 419
66304 419
66348 419
66388 423
66432 423
66476 423
66516 432
66560 432
66600 448
66644 448
66684 448
66728 448
66772 448
66812 448
66860 448
66904 448
66944 448
66988 448
67032 448
67072 448
67116 448
67156 448
67200 448
67240 448
67284 448
67324 448
67368 448
67412 448
67452 448
67496 448
67536 448
67580 448
67620 448
67664 432
67708 432
67748 423
67792 423
67832 423
67880 423
67924 423
67968 432
68008 432
68052 448
68092 448
68136 448
68176 448
68220 448
68260 448
68304 448
68348 448
68388 448
68432 448
68472 448
68516 448
68556 448
68600 448
68644 448
68684 448
68728 448
68768 448
68812 448
68852 448
68896 448
68944 448
68988 448
69028 448
69072 448
69112 448
69156 432
69196 432
69240 423
69284 423
69324 423
69368 419
69408 423
69452 423
69492 423
69536 423
69580 432
69620 432
69664 432
69704 448
69748 448
69788 448
69832 448
69872 448
69916 448
69960 448
70004 448
70048 448
70088 448
70132 448
70172 448
70216 448
70256 448
70300 448
70344 448
70384 448
70428 448
70468 448
70512 448
70552 448
70596 448
70636 448
70680 448
70724 432
70764 432
70808 423
70848 423
70892 423
70932 423
70980 423
71024 423
71068 423
71108 432
71152 432
71192 432
71236 448
71276 448
71320 448
71364 448
71404 448
71448 448
71488 448
71532 448
71572 448
71616 448
71656 448
71700 448
71744 448
71784 448
71828 448
71868 448
71912 448
71952 448
72004 448
72044 448
72088 448
72128 448
72172 448
72212 448
72256 448
72296 432
72340 432
72384 423
72424 423
72468 423
72508 423
72552 423
72592 423
72636 432
72680 432
72720 448
72764 448
72804 448
72848 448
72888 448
72932 448
72972 448
73024 448
73064 448
73108 448
73148 448
73192 448
73232 448
73276 448
73320 448
73360 448
73404 448
73444 448
73488 448
73528 448
73572 448
73616 448
73656 448
73700 448
73740 448
73784 448
73824 448
73868 448
73908 432
73952 423
73996 423
74044 423
74084 423
74128 423
74168 432
74212 432
74256 432
74296 448
74340 448
74380 448
74424 448
74464 448
74508 448
74552 448
74592 448
74636 448
74676 448
74720 448
74760 448
74804 448
74844 448
74888 448
74932 448
74972 448
75016 448
75064 448
75104 448
75148 448
75192 448
75232 448
75276 448
75316 448
75360 448
75400 448
75444 432
75488 432
75528 432
75572 432
75612 432
75656 432
75696 432
75740 432
75780 448
75824 448
75868 448
75908 448
75952 448
75992 448
76036 448
76084 448
76128 448
76168 448
76212 448
76260 448
76300 448
76344 448
76384 448
76428 448
76468 448
76512 448
76552 448
76596 448
76640 448
76680 432
76724 432
76764 432
76808 432
76848 432
76892 423
76936 432
76976 423
77020 432
77068 432
77108 448
77152 448
77192 448
77236 448
77280 448
77320 448
77364 448
77404 448
77448 448
77488 448
77532 448
77576 448
77616 448
77660 448
77700 448
77744 448
77784 448
77828 448
77868 448
77912 448
77956 448
77996 448
78040 448
78088 448
78128 448
78172 448
78216 448
78256 432
78300 432
78340 432
78384 432
78424 432
78468 423
78512 432
78552 432
78596 432
78636 432
78680 448
78720 448
78764 448
78804 448
78848 448
78892 448
78932 448
78976 448
79016 448
79060 448
79108 448
79152 448
79192 448
79236 448
79276 448
79320 448
79360 448
79404 448
79448 448
79488 448
79532 448
79572 448
79616 448
79656 448
79700 448
79740 448
79784 448
79828 432
79868 432
79912 432
79952 423
79996 423
80036 423
80080 432
80128 432
80172 432
80212 448
80256 448
80296 448
80340 448
80384 448
80424 448
80468 448
80508 448
80552 448
80592 448
80636 448
80676 448
80720 448
80764 448
80804 448
80848 448
80888 448
80932 448
80972 448
81016 448
81060 448
81100 448
81148 448
81192 448
81232 448
81276 448
81320 448
81360 448
81404 432
81444 432
81488 432
81528 432
81572 432
81612 432
81656 432
81700 432
81740 448
81784 448
81824 448
81868 448
81908 448
81952 448
81996 448
82036 448
82080 448
82120 448
82168 448
82212 448
82256 448
82296 448
82340 448
82380 448
82424 448
82464 448
82508 448
82548 448
82592 448
82636 448
82676 448
82720 448
82760 448
82804 448
82844 448
82888 448
82932 448
82972 384
83016 432
83056 432
83100 432
83140 432
83188 432
83232 448
83276 448
83316 448
83360 448
83400 448
83444 448
83484 448
83528 448
83572 448
83612 448
83656 448
83696 448
83740 448
83780 448
83824 448
83868 448
83908 448
83952 448
83992 448
84036 448
84076 448
84120 448
84160 448
84212 448
84252 448
84296 448
84336 448
84380 448
84420 448
84464 432
84508 432
84548 432
84592 432
84632 432
84676 432
84716 432
84760 448
84804 448
84844 448
84888 448
84928 448
84972 448
85012 448
85056 448
85096 448
85140 448
85184 448
85224 448
85272 448
85316 448
85356 448
85400 448
85444 448
85484 448
85528 448
85568 448
85612 448
85652 448
85696 448
85740 448
85780 448
85824 448
85864 448
85908 448
85948 448
85992 432
86032 432
86076 432
86120 432
86160 432
86204 432
86244 432
86292 432
86336 448
86380 448
86420 448
86464 448
86504 448
86548 448
86588 448
86632 448
86676 448
86716 448
86760 448
86800 448
86844 448
86884 448
86928 448
86968 448
87012 448
87056 448
87096 448
