20 511
84 1023
148 540
208 127
272 1023
332 1023
396 511
460 511
524 1023
584 280
648 352
708 1023
772 511
832 511
896 1023
956 384
1020 255
1080 1023
1144 511
1204 511
1268 1023
1328 480
1400 608
1460 124
1524 1023
1584 1023
1648 511
1708 1023
1772 824
1832 96
1896 1023
1956 1023
2020 511
2080 1023
2144 972
2208 96
2268 924
2332 1023
2400 1023
2460 511
2524 1023
2584 1023
2648 152
2708 511
2772 1023
2832 511
2896 511
2960 1023
3020 224
3084 399
3144 1023
3208 511
3268 511
3332 1023
3392 284
3460 448
3524 192
3584 1023
3648 511
3712 511
3772 1023
3836 608
3896 135
3960 1023
4020 1023
4084 511
4144 1023
4208 768
4268 112
4332 1023
4392 1023
4460 1023
4524 511
4588 1023
4648 1023
4712 96
4772 783
4836 1023
4896 511
4960 1023
5020 1023
5084 126
5144 647
5208 1023
5268 511
5332 511
5392 1023
5456 1023
5524 271
5588 319
5648 1023
5712 511
5772 511
5836 1023
5896 384
5960 248
6020 1023
6084 511
6144 511
6208 1023
6272 455
6332 192
6396 1023
6456 511
6524 1023
6588 511
6648 1023
6712 864
6772 96
6836 1023
6896 1023
6960 511
7024 1023
7084 1016
7148 71
7208 896
7272 1023
7332 511
7396 1023
7456 1023
7524 1023
7588 135
7648 540
7712 1023
7776 511
7836 511
7900 1023
7960 224
8024 415
8084 1023
8148 511
8208 511
8272 1023
8332 312
8396 319
8456 1023
8520 511
8588 511
8652 511
8712 1023
8776 575
8836 127
8900 1023
8960 1023
9024 511
9084 1023
9148 711
9208 97
9272 1023
9332 1023
9396 511
9460 1023
9520 864
9588 1023
9652 96
9712 768
9776 1023
9836 511
9900 1023
9960 1023
10024 124
10084 608
10148 1023
10212 511
10272 511
10336 1023
10396 159
10460 496
10520 1023
10588 1023
10652 511
10712 511
10776 1023
10836 387
10900 252
10964 1023
11024 511
11088 511
11148 1023
11212 504
11272 192
11336 1023
11396 511
11460 511
11520 1023
11584 624
11652 768
11712 96
11776 1023
11840 1023
11900 511
11964 1023
12024 992
12088 96
12148 903
12212 1023
12272 511
12336 1023
12396 1023
12460 112
12520 768
12584 1023
12652 1023
12716 511
12776 511
12840 1023
12900 224
12964 387
13024 1023
13088 511
13148 511
13212 1023
13272 287
13336 295
13396 1023
13460 511
13524 511
13584 1023
13648 1023
13716 560
13776 127
13840 1023
13900 1023
13964 511
14024 1023
14088 768
14148 112
14212 1023
14276 1023
14336 511
14400 1023
14460 903
14524 79
14584 992
14648 1023
14716 1023
14776 511
14840 1023
14900 1023
14964 127
15028 624
15088 1023
15152 511
15212 511
15276 1023
15336 192
15400 504
15460 1023
15524 511
15584 511
15648 1023
15716 1023
15780 384
15840 224
15904 1023
15964 511
15024 1023
15088 511
15152 511
15212 1023
15280 1023
15344 903
15404 71
15468 992
15528 1023
15592 511
15652 1023
15716 1023
15776 96
15840 831
15904 1023
15964 511
16028 1023
16088 1023
16152 120
16212 704
16280 504
16344 1023
16404 511
16468 511
16528 1023
16592 252
16656 352
16716 1023
16780 511
16840 511
16904 1023
16964 327
17028 255
17088 1023
17152 511
17212 511
17276 1023
17344 1023
17404 624
17468 124
17532 1023
17592 1023
17656 511
17716 1023
17780 828
17840 96
17904 1023
17964 1023
18028 511
18088 1023
18152 992
18212 96
18276 920
18344 768
18408 1023
18468 511
18532 1023
18592 1023
18656 152
18716 568
18780 1023
18840 511
18904 511
18964 1023
19028 224
19088 448
19152 1023
19216 511
19276 511
19340 511
19408 1023
19468 448
19532 192
19592 1023
19656 511
19716 511
19780 1023
19840 547
19904 135
19968 1023
20028 1023
20092 511
20152 1023
20216 679
20276 112
20340 1023
20408 993
20468 1023
20532 511
20592 1023
20656 1023
20720 96
20780 771
20844 1023
20904 511
20968 1023
21028 1023
21092 120
21152 639
21216 1023
21276 511
21340 1023
21408 511
21472 1023
21532 280
21596 352
21656 1023
21720 511
21780 511
21844 1023
21904 384
21968 268
22028 1023
22092 511
22152 511
22216 1023
22276 480
22340 198
22404 1023
22468 1023
22532 511
22596 511
22656 1023
22720 670
22780 126
22844 1023
22904 1023
22968 511
23028 1023
23092 803
23152 96
23216 1023
23276 1023
23340 511
23400 1023
23472 1023
23532 1023
23596 112
23656 711
23720 1023
23780 511
23844 1023
23904 1023
23968 143
24028 579
24092 1023
24152 511
24216 511
24280 1023
24340 195
24404 480
24472 316
24532 1023
24596 511
24656 511
24720 1023
24780 415
24844 195
24904 1023
24968 511
25032 511
25092 1023
25156 529
25216 143
25280 1023
25340 1023
25404 511
25464 1023
25532 1023
25596 896
25656 71
25720 960
25784 1023
25844 511
25908 1023
25968 1023
26032 96
26092 792
26156 1023
26216 511
26280 1023
26340 1023
26404 112
26464 647
26532 515
26596 1023
26660 511
26720 511
26784 1023
26844 240
26908 408
26968 1023
27032 511
27092 511
27156 1023
27216 316
27280 316
27340 1023
27404 511
27464 511
27528 511
27596 1023
27660 583
27720 127
27784 1023
27844 1023
27908 511
27968 1023
28032 736
28092 96
28156 1023
28216 1023
28280 511
28344 1023
28404 864
28468 71
28528 1023
28596 799
28660 1023
28720 511
28784 1023
28844 1023
28908 124
28968 608
29032 1023
29096 511
29156 511
29220 1023
29280 159
29344 480
29404 1023
29468 511
29528 511
29596 511
29660 1023
29720 399
29784 248
29848 1023
29908 511
29972 511
30032 1023
30096 511
30156 192
30220 1023
30280 511
30344 511
30404 1023
30468 639
30528 127
30592 1023
30660 1023
30724 1023
30784 511
30848 1023
30908 1016
30972 96
30032 511
30100 1023
30160 736
30224 96
30284 1023
30348 1023
30408 511
30472 1023
30536 864
30596 71
30660 1023
30720 1023
30784 511
30844 1023
30908 1022
30968 96
31032 896
31100 655
31160 1023
31224 511
31288 511
31348 1023
31412 159
31472 480
31536 1023
31596 511
31660 511
31720 1023
31784 240
31844 384
31908 1023
31968 511
32032 511
32100 511
32164 1023
32224 511
32288 192
32348 1023
32412 511
32472 511
32536 1023
32596 638
32660 127
32720 1023
32784 1023
32844 511
32908 1023
32972 769
33032 96
33096 1023
33160 1023
33224 1023
33288 511
33348 1023
33412 931
33472 71
33536 961
33596 1023
33660 511
33720 1023
33784 1023
33844 96
33908 816
33968 1023
34032 511
34092 1023
34164 511
34224 1023
34288 192
34348 480
34412 1023
34472 511
34536 511
34596 1023
34660 255
34720 384
34784 1023
34844 511
34908 511
34972 1023
35032 352
35096 284
35164 192
35224 1023
35288 1023
35348 511
35412 1023
35472 639
35536 120
35596 1023
35660 1023
35724 511
35784 1023
35848 782
35908 96
35972 1023
36032 1023
36096 511
36156 1023
36224 1023
36288 1023
36348 112
36412 670
36476 1023
36536 511
36600 1023
36660 1023
36724 135
36784 540
36848 1023
36908 511
36972 511
37032 1023
37096 192
37156 419
37224 319
37288 1023
37352 511
37412 511
37476 1023
37536 451
37600 224
37660 1023
37724 511
37784 511
37848 1023
37908 574
37972 152
38032 1023
38096 1023
38160 511
38220 511
38288 1023
38352 927
38412 71
38476 961
38536 1023
38600 511
38660 1023
38724 1023
38784 96
38848 816
38912 1023
38972 511
39036 1023
39096 1023
39160 124
39220 671
39288 480
39352 1023
39412 511
39476 511
39536 1023
39600 255
39664 327
39724 1023
39788 511
39848 511
39912 1023
39972 352
40036 252
40096 1023
40160 511
40220 511
40288 511
40352 1023
40416 704
40476 120
40540 1023
40600 1023
40664 511
40724 1023
40788 831
40848 96
40912 1023
40972 1023
41036 511
41096 1023
41160 992
41220 71
41284 911
41352 768
41416 1023
41476 511
41540 511
41600 1023
41664 156
41724 568
41788 1023
41848 511
41912 511
41972 1023
42036 224
42096 448
42160 1023
42224 511
42284 511
42352 511
42416 1023
42476 448
42540 192
42600 1023
42664 511
42724 511
42788 1023
42848 543
42912 135
42976 1023
43036 1023
43100 511
43160 1023
43224 679
43284 112
43352 79
43416 992
43476 1023
43540 511
43600 1023
43664 1023
43728 96
43788 768
43852 1023
43912 511
43976 1023
44036 1023
44100 120
44160 636
44224 1023
44284 511
44348 511
44416 511
44480 1023
44540 286
44604 352
44664 1023
44728 511
44788 511
44852 1023
44912 384
44976 255
45036 1023
45100 511
45160 511
45224 1023
45284 481
45348 192
45416 124
45480 1023
45540 1023
45604 511
45664 1023
45728 824
45788 96
45852 1023
45912 1023
45976 511
45024 511
45088 1023
45152 1023
45220 1023
45280 126
45344 583
45404 1023
45468 511
45528 511
45592 1023
45652 193
45716 480
45776 1023
45840 511
45904 511
45964 1023
46028 263
46088 384
46152 1023
46220 1023
46280 511
46344 511
46404 1023
46468 519
46528 152
46592 1023
46656 1023
46716 511
46780 1023
46840 639
46904 120
46964 1023
47028 1023
47088 511
47152 1023
47212 783
47280 1020
47344 96
47408 816
47468 1023
47532 511
47592 1023
47656 1023
47716 112
47780 670
47840 1023
47904 511
47964 1023
48028 1023
48088 143
48152 540
48212 1023
48284 1023
48344 511
48408 511
48468 1023
48532 352
48592 280
48656 1023
48716 511
48780 511
48840 1023
48904 455
48964 204
49028 1023
49088 511
49152 511
49216 1023
49284 1023
49344 783
49408 96
49468 1023
49532 1023
49592 511
49656 1023
49716 931
49780 71
49840 960
49904 1023
49968 511
50028 1023
50092 1023
50152 96
50216 816
50276 1023
50344 1023
50408 511
50468 511
50532 1023
50592 192
50656 448
50720 1023
50780 511
50844 511
50904 1023
50968 255
51028 327
51092 1023
51152 511
51216 511
51276 1023
51344 1023
51408 510
51472 156
51532 1023
51596 511
51656 511
51720 1023
51780 704
51844 120
51904 1023
51968 1023
52028 511
52092 1023
52152 831
52216 96
52276 1023
52340 1023
52404 511
52468 511
52532 1023
52592 543
52656 135
52716 1023
52780 1023
52840 511
52904 1023
52964 671
53028 112
53088 1023
53152 1023
53212 511
53276 1023
53336 816
53408 1023
53468 96
53532 782
53592 1023
53656 511
53716 1023
53780 1023
53840 120
53904 639
53964 1023
54028 511
54088 1023
54152 1023
54216 147
54276 513
54340 1023
54408 1023
54468 511
54532 511
54592 1023
54656 384
54716 255
54780 1023
54840 511
54904 511
54968 1023
55028 480
55092 192
55152 1023
55216 511
55276 511
55340 1023
55400 608
55468 768
55532 96
55592 1023
55656 1023
55720 511
55780 1023
55844 960
55904 79
55968 944
56028 1023
56092 511
56152 1023
56216 1023
56276 96
56340 792
56400 1023
56468 1023
56532 511
56596 511
56656 1023
56720 199
56780 414
56844 1023
56904 511
56968 511
57028 1023
57092 271
57152 318
57216 1023
57276 511
57340 511
57404 1023
57464 1023
57532 527
57596 143
57656 1023
57720 1023
57780 511
57844 1023
57904 718
57968 112
58028 1023
58092 1023
58156 511
58216 1023
58280 864
58340 96
58404 1023
58464 1023
58532 1023
58596 511
58656 1023
58720 1023
58780 124
58844 668
58908 1023
58968 511
59032 511
59092 1023
59156 159
59216 536
59280 1023
59340 511
59404 511
59464 1023
59532 1023
59596 352
59660 248
59720 1023
59784 511
59844 511
59908 1023
59968 451
60032 192
60092 1023
60156 511
60216 511
60280 1023
60340 575
60404 127
60464 1023
60528 1023
60596 1023
60660 511
60720 1023
60784 1016
60844 78
60908 896
60968 1023
60028 1023
60088 511
60152 511
60212 1023
60276 448
60336 192
60400 1023
60460 511
60524 511
60588 1023
60648 543
60712 135
60772 1023
60836 1023
60896 511
60964 511
61028 1023
61088 967
61152 96
61212 927
61276 1023
61340 511
61400 1023
61464 1023
61524 96
61588 775
61648 1023
61712 511
61772 1023
61836 1023
61896 120
61964 192
62028 451
62092 1023
62152 511
62216 511
62276 1023
62340 280
62400 352
62464 1023
62524 511
62588 511
62648 1023
62712 384
62772 255
62836 1023
62896 511
62960 511
63028 511
63092 1023
63152 671
63216 112
63276 1023
63340 1023
63400 511
63464 1023
63524 816
63588 96
63648 1023
63712 1023
63772 511
63836 1023
63900 960
63960 79
64028 97
64092 711
64152 1023
64216 511
64276 1023
64340 1023
64400 143
64464 519
64524 1023
64588 511
64652 511
64712 1023
64776 199
64836 415
64900 1023
64960 511
65028 511
65092 511
65152 1023
65216 480
65276 199
65340 1023
65404 511
65464 511
65528 1023
65588 582
65652 147
65712 1023
65776 1023
65836 511
65900 1023
65960 711
66024 112
66092 71
66156 960
66216 1023
66280 511
66340 1023
66404 1023
66464 96
66528 816
66588 1023
66652 511
66712 1023
66776 1023
66836 124
66900 670
66960 1023
67024 511
67092 511
67156 511
67216 1023
67280 255
67340 319
67404 1023
67464 511
67528 511
67588 1023
67652 352
67712 248
67776 1023
67840 511
67900 511
67964 1023
68024 449
68088 639
68156 120
68216 1023
68280 1023
68340 511
68404 1023
68464 864
68528 96
68592 1023
68652 1023
68716 511
68776 1023
68840 1008
68900 71
68964 896
69024 1023
69088 511
69156 511
69216 1023
69280 1023
69344 159
69404 542
69468 1023
69528 511
69592 511
69652 1023
69716 224
69776 423
69840 1023
69900 511
69964 511
70024 1023
70088 304
70156 408
70220 224
70280 1023
70344 511
70404 511
70468 1023
70528 575
70592 127
70652 1023
70716 1023
70776 511
70840 1023
70900 705
70964 97
71024 1023
71088 1023
71152 511
71220 511
71280 1023
71344 1023
71404 96
71468 768
71528 1023
71592 511
71652 1023
71716 1023
71776 124
71840 608
71904 1023
71964 511
72028 511
72088 1023
72152 159
72220 255
72280 327
72344 1023
72404 511
72468 511
72528 1023
72592 385
72656 254
72716 1023
72780 511
72840 511
72904 1023
72964 504
73028 192
73088 1023
73152 511
73220 1023
73280 511
73344 1023
73408 831
73468 79
73532 1023
73592 1023
73656 511
73716 1023
73780 992
73840 78
73904 911
73964 1023
74028 511
74088 1023
74152 1023
74212 112
74284 127
74344 568
74408 1023
74468 511
74532 511
74592 1023
74656 224
74716 399
74780 1023
74840 511
74904 511
74964 1023
75028 284
75092 312
75152 1023
75216 511
75284 511
75344 511
75408 1023
75468 608
75532 135
75592 1023
75656 1023
75716 511
75780 1023
75844 768
75904 112
75968 1023
75028 639
75088 127
75152 1023
75212 1023
75276 511
75336 1023
75400 775
75460 96
75524 1023
75584 1023
75648 511
75712 1023
75772 924
75836 71
75896 975
75964 816
76028 1023
76088 511
76152 1023
76212 1023
76276 7
76336 608
76400 1023
76464 511
76524 511
76588 1023
76648 192
76712 496
76772 1023
76836 511
76896 511
76964 511
77028 1023
77088 387
77152 224
77216 1023
77276 511
77340 511
77400 1023
77464 504
77524 158
77588 1023
77648 511
77712 511
77772 1023
77836 632
77896 120
77960 1023
78028 1023
78092 1023
78152 511
78216 1023
78276 1023
78340 96
78400 831
78464 1023
78524 511
78588 1023
78648 1023
78712 112
78772 704
78836 1023
78900 511
78960 1023
79028 511
79092 1023
79152 252
79216 387
79276 1023
79340 511
79400 511
79464 1023
79524 327
79588 295
79652 1023
79712 511
79776 511
79836 1023
79900 448
79960 224
80028 135
80092 1023
80152 1023
80216 511
80276 1023
80340 768
80404 96
80464 1023
80528 1023
80588 511
80652 1023
80712 896
80776 71
80836 1008
80900 1023
80960 511
81024 1023
81092 1023
81152 1023
81216 127
81280 575
81340 1023
81404 511
81464 511
81528 1023
81588 192
81652 460
81712 1023
81776 511
81836 511
81900 1023
81960 248
82024 384
82092 255
82156 1023
82216 511
82280 511
82340 1023
82404 536
82464 167
82528 1023
82588 511
82652 511
82712 1023
82776 659
82836 126
82900 1023
82964 1023
83024 511
83088 511
83156 1023
83216 1023
83280 96
83340 864
83404 1023
83464 511
83528 1023
83588 1023
83652 112
83716 711
83776 1023
83840 511
83900 1023
83964 1023
84024 143
84088 575
84156 399
84216 1023
84280 511
84340 511
84404 1023
84468 319
84528 270
84592 1023
84652 511
84716 511
84776 1023
84840 415
84900 195
84964 1023
85024 511
85088 511
85156 511
85220 1023
85280 803
85344 96
85404 1023
85468 1023
85528 511
85592 1023
85652 960
85716 71
85776 960
85840 1023
85900 511
85964 1023
86024 1023
86088 96
86152 792
86220 639
86280 1023
86344 511
86404 511
86468 1023
86528 199
86592 460
86652 1023
86716 511
86776 511
86840 1023
86904 271
86964 384
87028 1023
87088 511
87152 511
87220 511
87280 1023
87344 526
87404 143
87468 1023
87528 1023
87592 511
87656 1023
87716 639
87780 120
87840 1023
87904 1023
87964 511
88028 1023
88088 783
88152 96
88220 71
88280 896
88344 1023
88408 511
88468 1023
88532 1023
88592 112
88656 670
88716 1023
88780 511
88840 1023
88904 1023
88964 135
89028 543
89088 1023
89152 511
89212 511
89284 511
89344 1023
89408 352
89468 286
89532 1023
89592 511
89656 511
89716 1023
89780 448
89840 224
89904 1023
89964 511
90028 511
90088 1023
90152 568
90216 158
90284 112
90344 1023
90408 1023
90468 511
90532 1023
90592 911
90656 96
90716 992
90780 1023
90840 511
90904 1023
90968 1023
90028 511
90088 1023
90152 384
90212 224
90276 1023
90340 511
90400 511
90464 1023
90524 496
90588 159
90648 1023
90712 511
90772 511
90836 1023
90896 624
90960 124
91020 96
91088 1023
91152 1023
91216 511
91276 1023
91340 1023
91400 96
91464 835
91524 1023
91588 511
91648 1023
91712 1023
91772 112
91836 704
91896 1023
91960 511
92020 1023
92092 511
92152 1023
92216 254
92276 385
92340 1023
92400 511
92464 511
92524 1023
92588 334
92648 295
92712 1023
92772 511
92836 511
92900 1023
92960 448
93024 224
93092 135
93152 1023
93216 1023
93276 511
93340 1023
93400 768
93464 96
93524 1023
93588 1023
93652 511
93712 1023
93776 896
93836 71
93900 1008
93960 1023
94024 511
94084 1023
94152 1023
94216 1023
94276 127
94340 574
94404 1023
94464 511
94528 511
94588 1023
94652 192
94712 455
94776 1023
94836 511
94900 511
94960 1023
95024 248
95084 384
95152 255
95216 1023
95280 511
95340 511
95404 1023
95464 531
95528 166
95588 1023
95652 511
95712 511
95776 1023
95836 655
95900 126
95960 1023
96024 1023
96088 511
96156 511
96216 1023
96280 1023
96340 96
96404 896
96464 1023
96528 511
96588 1023
96652 1023
96712 112
96776 736
96840 1023
96900 511
96964 1023
97024 1023
97088 142
97148 588
97216 414
97280 1023
97340 511
97404 511
97464 1023
97528 316
97592 275
97652 1023
97716 511
97776 511
97840 1023
97900 408
97964 224
98024 1023
98088 511
98148 511
98216 511
98280 1023
98344 783
98404 96
98468 1023
98528 1023
98592 511
98652 1023
98716 927
98776 71
98840 963
98900 1023
98964 511
99024 1023
99088 1023
99148 96
99212 124
99280 608
99344 1023
99404 511
99468 511
99528 1023
99592 192
99652 481
99716 1023
99776 511
99840 511
99900 1023
99964 255
100024 384
100088 1023
100152 511
100212 511
100280 511
100344 1023
100404 508
100468 158
100528 1023
100592 511
100652 511
100716 1023
100776 632
100840 120
100904 1023
100964 1023
101028 511
101088 1023
101152 768
101212 96
101280 76
101344 903
101404 1023
101468 511
101528 1023
101592 1023
101656 112
101716 704
101780 1023
101840 511
101904 1023
101964 1023
102028 127
102088 568
102152 1023
102212 511
102276 511
102344 511
102408 1023
102468 332
102532 291
102592 1023
102656 511
102716 511
102780 1023
102840 448
102904 224
102964 1023
103028 511
103088 511
103152 1023
103212 551
103276 159
103344 112
103408 1023
103468 1023
103532 511
103592 1023
103656 903
103716 96
103780 992
103840 1023
103904 511
103964 1023
104028 1023
104092 96
104152 831
104216 1023
104276 511
104344 511
104408 511
104468 1023
104532 192
104592 448
104656 1023
104716 511
104780 511
104844 1023
104904 254
104968 352
105028 1023
105092 511
105152 511
105216 1023
105276 334
105340 255
105408 192
105468 1023
105532 511
105596 511
105656 1023
105720 704
105780 124
105844 1023
105904 1023
105968 511
105028 511
105088 511
105152 1023
105212 768
105276 112
105340 1023
105400 1023
105464 511
105532 511
105592 1023
105656 1023
105716 96
105780 775
105840 1023
105904 511
105964 1023
106028 1023
106092 127
106152 639
106216 1023
106276 511
106340 511
106400 1023
106464 192
106524 248
106592 352
106656 1023
106716 511
106780 511
106844 1023
106904 384
106968 240
107028 1023
107092 511
107152 511
107216 1023
107276 480
107340 192
107400 1023
107464 511
107524 511
107592 511
107656 1023
107720 864
107780 96
107844 1023
107904 1023
107968 511
108028 1023
108092 1020
108152 79
108216 896
108276 1023
108340 511
108400 1023
108464 1023
108524 96
108596 142
108656 536
108720 1023
108780 511
108844 511
108904 1023
108968 224
109028 419
109092 1023
109152 511
109216 511
109276 1023
109340 304
109404 319
109464 1023
109528 511
109588 511
109656 511
109720 1023
109780 575
109844 127
109904 1023
109968 1023
110028 511
110092 1023
110156 704
110216 97
110280 1023
110340 1023
110404 511
110464 1023
110528 846
110588 76
110656 96
110720 824
110780 1023
110844 511
110908 1023
110968 1023
111032 120
111092 624
111156 1023
111216 511
111280 511
111340 1023
111404 158
111464 496
111528 1023
111588 511
111656 511
111720 511
111784 1023
111844 384
111908 254
111968 1023
112032 511
112092 511
112156 1023
112216 496
112280 192
112340 1023
112404 511
112464 511
112528 1023
112592 624
112652 135
112720 96
112784 1023
112844 1023
112908 511
112968 1023
113032 992
113092 79
113156 924
113216 1023
113280 511
113344 1023
113404 1023
113468 97
113528 775
113592 1023
113652 511
113720 511
113784 511
113844 1023
113908 204
113968 399
114032 1023
114096 511
114156 511
114220 1023
114280 280
114344 312
114404 1023
114468 511
114528 511
114592 1023
114652 384
114716 240
114780 419
114844 1023
114908 511
114968 511
115032 1023
115092 312
115156 287
115216 1023
115280 511
115340 511
115404 1023
115464 396
115528 224
115588 1023
115652 511
115712 511
115784 511
115844 1023
115908 771
115968 97
116032 1023
116092 1023
116156 511
116216 1023
116280 926
116340 71
116404 967
116464 1023
116528 511
116592 1023
116652 1023
116716 96
116784 124
116844 608
116908 1023
116968 511
117032 511
117092 1023
117156 192
117216 480
117280 1023
117344 511
117404 511
117468 1023
117528 255
117592 384
117652 1023
117716 511
117776 511
117844 511
117908 1023
117968 511
118032 156
118096 1023
118156 1023
118220 511
118280 1023
118344 638
118404 120
118468 1023
118528 1023
118592 511
118652 1023
118716 771
118776 96
118844 71
118908 896
118972 1023
119032 511
119096 1023
119156 1023
119220 112
119280 679
119344 1023
119404 511
119468 1023
119528 1023
119592 127
119652 551
119716 1023
119780 511
119840 511
119908 511
119972 1023
120032 335
120096 291
120156 1023
120220 511
120280 511
120344 1023
120404 448
120468 224
120532 1023
120592 511
120656 511
120716 1023
120780 543
120840 159
120908 112
120972 1023
