24 799
88 799
148 799
212 799
276 799
340 799
400 799
464 799
524 799
588 799
648 799
712 799
772 799
836 799
896 799
960 799
1020 799
1084 799
1144 799
1216 799
1276 799
1340 799
1400 799
1464 799
1524 799
1588 799
1648 799
1712 799
1772 799
1836 799
1896 799
1960 799
2020 799
2084 799
2148 799
2216 798
2276 799
2340 799
2400 798
2464 798
2524 798
2588 798
2648 799
2712 798
2772 798
2836 798
2900 798
2960 798
3024 798
3084 798
3148 798
3208 798
3276 798
3340 798
3400 798
3464 798
3524 798
3588 798
3652 798
3712 796
3776 798
3836 798
3900 796
3960 798
4024 796
4084 798
4148 796
4208 796
4276 796
4340 796
4404 796
4464 796
4528 796
4588 796
4652 796
4712 796
4776 796
4836 796
4900 796
4960 796
5024 796
5084 796
5148 796
5208 796
5272 796
5340 796
5404 796
5464 796
5528 796
5588 796
5652 796
5712 796
5776 796
5836 796
5900 796
5960 796
6024 796
6088 796
6148 796
6212 796
6272 792
6340 796
6404 792
6464 793
6528 792
6588 792
6652 792
6712 792
6776 792
6840 793
6900 792
6964 792
7024 792
7088 792
7148 792
7212 792
7272 792
7340 792
7404 792
7464 792
7528 792
7592 792
7652 792
7716 792
7776 792
7840 792
7900 792
7964 792
8024 792
8088 792
8148 792
8212 792
8272 792
8336 792
8404 792
8468 792
8528 792
8592 792
8652 792
8716 792
8776 792
8840 792
8900 792
8964 792
9024 792
9088 792
9148 792
9212 792
9272 792
9336 792
9404 792
9468 792
9528 792
9592 792
9652 792
9716 792
9776 792
9840 792
9900 792
9964 792
10024 792
10088 792
10152 792
10212 792
10276 792
10336 792
10404 792
10468 783
10528 792
10592 783
10652 783
10716 783
10776 783
10840 792
10904 783
10964 783
11028 783
11088 783
11152 783
11212 783
11276 783
11336 783
11400 783
11468 783
11528 783
11592 783
11656 783
11716 783
11780 783
11840 783
11904 783
11964 783
12028 783
12088 783
12152 783
12212 783
12276 783
12336 783
12400 783
12468 783
12532 783
12592 783
12656 783
12716 783
12780 783
12840 783
12904 783
12964 783
13028 783
13088 783
13152 783
13212 783
13276 783
13340 783
13400 783
13464 783
13532 783
13592 783
13656 782
13716 782
13780 782
13840 783
13904 782
13964 782
14028 782
14092 782
14152 782
14216 782
14276 780
14340 782
14400 782
14464 780
14532 780
14592 780
14656 780
14716 780
14780 780
14844 780
14904 780
14968 780
15028 775
15092 780
15152 775
15216 775
15276 775
15340 775
15400 775
15464 775
15532 775
15592 775
15656 775
15720 775
15780 775
15844 775
15904 775
15968 775
15024 780
15088 780
15148 775
15212 775
15280 775
15344 775
15404 775
15468 775
15528 775
15592 775
15652 775
15716 775
15776 775
15840 775
15900 775
15964 775
16024 775
16088 775
16152 775
16212 775
16280 775
16344 775
16404 775
16468 775
16528 775
16592 775
16652 775
16716 775
16776 775
16840 775
16904 775
16964 775
17028 775
17088 775
17152 771
17212 771
17280 771
17344 771
17404 771
17468 771
17528 771
17592 771
17656 771
17716 771
17780 771
17840 771
17904 771
17964 771
18028 771
18088 769
18152 769
18212 769
18276 769
18344 769
18404 769
18468 769
18532 769
18592 768
18656 768
18716 769
18780 768
18840 768
18904 768
18964 768
19028 768
19088 768
19152 768
19212 768
19276 768
19344 768
19408 768
19468 768
19532 768
19592 768
19656 768
19716 768
19780 768
19840 768
19904 768
19964 768
20028 768
20088 768
20152 768
20216 768
20276 768
20344 768
20408 768
20468 768
20532 768
20592 768
20656 768
20716 768
20780 768
20840 768
20904 768
20968 768
21028 768
21092 768
21152 768
21216 768
21276 768
21340 768
21408 768
21468 768
21532 768
21592 768
21656 768
21720 768
21780 768
21844 768
21904 768
21968 768
22028 768
22092 768
22152 768
22216 768
22276 768
22340 768
22408 768
22468 768
22532 768
22596 768
22656 768
22720 768
22780 768
22844 768
22904 768
22968 768
23028 768
23092 768
23152 768
23216 768
23276 768
23340 768
23400 768
23472 768
23532 768
23596 768
23656 768
23720 768
23780 768
23844 768
23904 768
23968 768
24028 768
24092 768
24152 768
24216 768
24280 768
24340 768
24404 768
24472 768
24532 768
24596 768
24656 768
24720 768
24780 768
24844 768
24904 768
24968 768
25032 768
25092 768
25156 768
25216 768
25280 768
25340 768
25404 752
25472 752
25532 752
25596 748
25656 748
25720 748
25784 748
25844 748
25908 748
25968 748
26032 748
26092 743
26156 743
26216 743
26280 743
26340 743
26404 743
26464 743
26532 743
26596 743
26660 743
26720 743
26784 743
26844 743
26908 743
26968 743
27032 743
27092 743
27156 743
27216 743
27280 743
27340 743
27404 743
27468 739
27536 739
27596 739
27660 739
27720 739
27784 739
27844 739
27908 739
27968 739
28032 739
28092 739
28156 737
28220 737
28280 737
28344 737
28404 737
28468 737
28536 737
28596 736
28660 736
28720 736
28784 736
28844 736
28908 736
28972 736
29032 736
29096 736
29156 736
29220 736
29280 736
29344 736
29404 736
29468 736
29528 736
29596 736
29660 736
29724 736
29784 736
29848 736
29908 736
29972 736
30032 736
30096 736
30156 736
30220 736
30280 732
30344 732
30404 732
30468 732
30528 732
30600 732
30660 728
30724 728
30784 728
30848 728
30908 728
30972 728
30024 736
30088 736
30148 736
30212 732
30272 732
30340 732
30404 732
30464 732
30528 732
30592 732
30652 729
30716 728
30776 728
30840 728
30900 728
30964 728
31024 728
31088 728
31148 728
31212 728
31272 728
31340 728
31404 728
31468 728
31528 728
31592 728
31652 728
31716 728
31776 728
31840 728
31900 728
31964 728
32024 728
32088 728
32148 719
32212 719
32272 719
32344 719
32404 719
32468 719
32528 719
32592 719
32652 719
32716 719
32776 719
32840 719
32900 719
32964 719
33024 719
33088 719
33152 719
33212 719
33276 719
33336 719
33404 718
33468 719
33528 718
33592 718
33652 718
33716 718
33776 718
33840 716
33904 716
33964 716
34028 716
34088 711
34152 711
34212 711
34276 711
34336 711
34404 711
34468 711
34528 711
34592 711
34656 711
34716 711
34780 711
34840 711
34904 711
34964 711
35028 711
35088 711
35152 711
35212 711
35276 707
35336 711
35400 707
35464 707
35528 707
35592 707
35652 707
35716 707
35776 707
35840 705
35900 705
35964 705
36024 705
36088 705
36148 704
36212 704
36272 704
36336 704
36396 704
36468 704
36528 704
36592 704
36652 704
36716 704
36776 704
36840 704
36900 704
36964 704
37024 704
37088 704
37148 704
37212 704
37272 704
37336 704
37400 704
37468 704
37528 704
37592 704
37652 704
37716 704
37776 704
37840 704
37900 704
37964 696
38024 696
38088 696
38152 696
38212 696
38276 696
38336 696
38400 696
38460 696
38528 696
38592 696
38652 696
38716 696
38776 696
38840 696
38904 696
38964 696
39028 696
39088 696
39152 696
39212 696
39276 689
39336 689
39400 689
39460 689
39528 688
39592 688
39656 688
39716 688
39780 688
39840 688
39904 688
39964 688
40028 688
40088 688
40152 688
40212 688
40276 688
40336 688
40400 688
40460 688
40524 688
40592 684
40656 686
40716 684
40780 684
40840 684
40904 679
40964 679
41028 679
41088 679
41152 679
41212 679
41276 679
41340 679
41400 679
41464 679
41524 679
41592 679
41656 679
41716 679
41780 679
41840 675
41904 675
41964 675
42028 671
42092 671
42152 671
42216 671
42276 671
42340 671
42400 671
42464 671
42524 671
42592 671
42656 671
42716 671
42780 671
42844 671
42904 671
42968 671
43028 671
43092 671
43152 671
43216 671
43276 671
43340 671
43400 670
43464 670
43524 670
43588 670
43656 670
43720 668
43780 668
43844 668
43904 668
43968 668
44028 668
44092 665
44152 668
44216 665
44276 664
44340 664
44400 664
44464 664
44524 664
44588 664
44656 664
44720 664
44780 664
44844 664
44904 664
44968 664
45028 664
45092 664
45152 664
45216 664
45276 655
45340 655
45404 655
45464 655
45528 655
45588 655
45656 655
45720 655
45780 655
45844 655
45904 655
45968 655
45024 664
45088 664
45152 664
45212 664
45276 655
45344 655
45404 655
45468 655
45528 655
45592 655
45652 655
45716 655
45780 655
45840 655
45904 655
45964 655
46028 655
46088 655
46152 655
46212 655
46276 654
46336 654
46404 654
46468 654
46532 652
46592 652
46656 652
46716 652
46780 639
46840 639
46904 639
46964 639
47028 639
47088 639
47152 639
47212 639
47276 639
47336 639
47408 639
47468 639
47532 639
47592 639
47656 639
47716 639
47780 639
47840 639
47904 639
47964 639
48028 639
48088 639
48152 639
48212 639
48276 639
48340 639
48408 639
48468 639
48532 639
48592 639
48656 639
48716 639
48780 639
48840 639
48904 639
48964 639
49028 638
49092 638
49152 638
49216 638
49276 638
49340 636
49400 636
49468 636
49532 636
49592 636
49656 636
49716 636
49780 633
49844 632
49904 632
49968 632
50028 632
50092 632
50152 632
50216 632
50276 632
50340 632
50400 632
50468 632
50532 632
50596 632
50656 632
50720 632
50780 632
50844 632
50904 625
50968 625
51028 624
51092 624
51152 625
51216 624
51276 624
51340 624
51400 624
51472 624
51532 624
51596 624
51656 624
51720 624
51780 624
51844 624
51904 622
51968 622
52028 620
52092 620
52152 620
52216 620
52280 620
52340 615
52404 615
52464 615
52532 615
52596 615
52656 615
52720 615
52780 615
52844 615
52904 615
52968 615
53032 615
53092 611
53156 611
53216 611
53280 611
53340 611
53404 611
53464 609
53532 609
53596 609
53656 609
53720 609
53784 608
53844 608
53908 608
53968 608
54032 608
54092 608
54156 608
54216 608
54280 608
54340 608
54404 608
54464 608
54528 608
54592 608
54656 608
54716 604
54780 604
54844 604
54904 604
54968 604
55028 604
55092 604
55152 600
55216 600
55276 600
55340 600
55400 600
55464 600
55524 600
55592 600
55656 600
55720 600
55780 600
55844 600
55904 600
55968 600
56028 600
56092 595
56152 595
56216 591
56276 591
56340 591
56400 591
56464 591
56528 591
56596 591
56656 591
56720 591
56780 591
56844 591
56904 591
56968 591
57028 590
57092 590
57152 590
57216 590
57280 588
57340 588
57404 588
57464 583
57528 583
57588 583
57656 583
57720 583
57780 583
57844 583
57904 583
57968 583
58032 575
58092 575
58156 575
58216 575
58280 575
58340 575
58404 575
58464 575
58528 575
58588 575
58656 575
58720 575
58784 575
58844 575
58908 575
58968 575
59032 575
59092 575
59156 575
59216 575
59280 575
59340 575
59404 575
59464 575
59528 574
59588 574
59652 574
59720 572
59784 572
59844 572
59908 572
59968 572
60032 572
60092 572
60156 569
60216 572
60280 568
60340 568
60404 568
60464 568
60528 568
60592 568
60652 568
60720 568
60784 568
60844 568
60908 568
60968 568
60024 572
60088 572
60148 572
60212 569
60272 568
60336 568
60404 568
60464 568
60528 568
60592 568
60652 568
60716 568
60776 568
60840 568
60900 568
60964 568
61024 568
61088 568
61148 561
61212 561
61272 561
61336 561
61404 560
61468 560
61528 560
61592 560
61652 560
61716 560
61776 560
61840 560
61900 560
61964 560
62024 560
62088 558
62148 558
62212 556
62276 556
62336 556
62400 556
62464 556
62528 551
62592 551
62652 551
62716 551
62776 551
62840 551
62900 551
62964 551
63024 551
63088 551
63148 551
63212 547
63272 547
63336 543
63396 543
63468 543
63528 543
63592 543
63652 543
63716 543
63776 543
63840 543
63900 543
63964 543
64024 543
64088 543
64148 543
64212 543
64272 543
64336 542
64400 542
64468 542
64528 540
64592 540
64652 540
64716 540
64776 540
64840 540
64900 540
64964 540
65024 536
65088 536
65152 536
65212 536
65276 536
65336 536
65400 536
65460 536
65528 536
65592 536
65652 536
65716 536
65776 536
65840 531
65904 529
65964 531
66028 527
66088 527
66152 527
66212 527
66276 527
66336 527
66400 527
66460 527
66528 527
66592 527
66656 527
66716 527
66780 526
66840 526
66904 526
66964 524
67028 524
67088 524
67152 524
67212 519
67276 519
67336 519
67400 519
67460 519
67524 519
67592 519
67656 519
67716 519
67780 519
67840 519
67904 515
67964 515
68028 515
68088 515
68152 515
68212 515
68276 515
68340 513
68400 513
68464 513
68524 512
68592 512
68656 512
68716 512
68780 512
68840 511
68904 511
68964 511
69028 511
69092 510
69152 510
69216 510
69276 510
69340 508
69400 508
69464 508
69524 508
69592 508
69656 508
69716 508
69780 504
69844 504
69904 504
69968 504
70028 504
70092 504
70152 504
70216 504
70276 504
70340 504
70400 504
70464 504
70524 504
70588 504
70656 497
70720 497
70780 497
70844 497
70904 496
70968 496
71028 496
71092 496
71152 496
71216 496
71276 496
71340 496
71400 496
71464 496
71524 494
71588 494
71656 492
71720 492
71780 492
71844 492
71904 487
71968 487
72028 487
72092 487
72152 487
72216 487
72276 487
72340 487
72400 487
72464 487
72528 487
72588 483
72656 483
72720 483
72780 483
72844 483
72904 483
72968 483
73028 481
73092 481
73152 481
73216 480
73280 480
73340 480
73404 480
73464 480
73528 480
73588 480
73652 480
73720 480
73780 480
73844 480
73904 480
73968 480
74032 476
74092 476
74156 476
74216 476
74280 476
74340 476
74404 472
74464 472
74528 472
74588 472
74652 472
74720 472
74784 472
74844 472
74908 472
74968 472
75032 472
75092 472
75156 467
75216 467
75280 467
75340 465
75404 463
75464 463
75528 463
75588 463
75652 463
75716 463
75784 463
75844 463
75908 463
75968 463
75024 472
75088 472
75152 467
75212 467
75276 467
75336 465
75400 463
75468 463
75528 463
75592 463
75652 463
75716 463
75776 463
75840 463
75904 463
75964 463
76028 463
76088 462
76152 462
76212 462
76276 462
76336 460
76400 460
76468 455
76528 455
76592 455
76656 455
76716 455
76780 455
76840 455
76904 455
76964 455
77028 455
77088 455
77152 455
77212 451
77276 451
77336 451
77400 451
77460 451
77532 449
77592 449
77656 449
77716 449
77780 449
77840 448
77904 448
77964 448
78028 448
78088 448
78152 448
78212 448
78276 448
78336 448
78400 448
78464 448
78532 448
78592 448
78656 448
78716 448
78780 448
78840 448
78904 448
78964 448
79028 440
79088 440
79152 440
79216 440
79276 440
79340 440
79400 440
79464 440
79532 440
79592 440
79656 440
79716 440
79780 433
79840 433
79904 433
79968 433
80028 432
80092 432
80152 432
80216 432
80276 432
80340 432
80400 432
80464 432
80524 432
80592 432
80656 432
80720 428
80780 428
80844 428
80904 423
80968 423
81028 423
81092 423
81152 423
81216 423
81276 423
81340 423
81400 423
81464 423
81524 423
81596 419
81656 419
81720 419
81780 419
81844 415
81904 415
81968 415
82028 415
82092 415
82152 415
82216 415
82276 415
82340 415
82404 415
82464 415
82528 415
82588 415
82652 415
82716 414
82780 414
82840 414
82904 412
82964 412
83028 412
83088 412
83152 412
83212 412
83276 412
83336 408
83400 408
83460 408
83524 408
83584 408
83656 408
83716 408
83780 408
83840 408
83904 408
83964 408
84028 403
84088 403
84152 403
84212 399
84276 399
84336 399
84400 399
84464 399
84524 399
84588 399
84656 399
84716 399
84780 399
84840 399
84904 398
84964 399
85028 398
85088 396
85152 396
85216 391
85276 391
85340 391
85400 391
85464 391
85524 391
85588 391
85648 391
85716 391
85780 391
85840 391
85904 391
85968 387
86028 387
86092 387
86152 387
86216 387
86276 387
86340 385
86400 385
86464 385
86524 385
86588 384
86648 384
86716 384
86780 384
86844 384
86904 384
86968 384
87028 384
87092 384
87152 384
87216 384
87276 384
87340 384
87400 384
87464 384
87524 384
87588 384
87648 384
87712 384
87780 384
87844 384
87904 384
87968 384
88028 384
88092 376
88152 376
88216 376
88276 376
88340 376
88400 376
88464 371
88528 371
88588 369
88652 369
88712 369
88780 368
88844 368
88904 368
88968 368
89028 368
89092 368
89152 368
89216 368
89280 368
89340 368
89404 366
89464 366
89528 364
89588 359
89652 359
89712 359
89780 359
89844 359
89904 359
89968 359
90032 359
90092 359
90156 359
90216 359
90280 359
90340 355
90404 355
90464 355
90528 355
90588 355
90652 355
90712 355
90776 353
90844 353
90908 352
90968 352
90024 359
90088 359
90148 359
90212 359
90276 359
90336 359
90400 355
90468 355
90528 355
90592 355
90652 355
90716 353
90776 353
90840 353
90900 352
90964 352
91028 352
91088 352
91152 352
91212 352
91276 352
91336 352
91400 352
91460 352
91528 352
91592 352
91652 352
91716 352
91780 348
91840 348
91904 348
91964 348
92028 344
92088 344
92152 344
92212 344
92276 344
92336 344
92400 344
92460 344
92528 344
92592 344
92656 344
92716 344
92780 339
92840 339
92904 335
92964 335
93028 335
93088 335
93152 335
93212 335
93276 335
93336 335
93400 335
93460 335
93532 335
93592 335
93656 334
93716 334
93780 334
93840 332
93904 327
93964 327
94028 327
94088 327
94152 327
94212 327
94276 327
94336 327
94400 327
94464 327
94524 327
94592 327
94656 319
94716 319
94780 319
94840 319
94904 319
94964 319
95028 319
95088 319
95152 319
95216 319
95276 319
95340 319
95400 319
95464 319
95524 319
95592 319
95656 319
95716 319
95780 319
95840 319
95904 318
95968 318
96028 318
96092 316
96152 316
96216 316
96276 316
96340 316
96400 316
96464 316
96524 312
96588 312
96652 312
96716 312
96776 312
96840 312
96904 312
96964 312
97028 312
97088 312
97152 312
97212 312
97276 307
97336 307
97400 305
97460 305
97524 305
97584 304
97652 304
97716 304
97780 304
97840 304
97904 304
97964 304
98028 304
98088 304
98152 304
98212 304
98276 304
98336 300
98400 300
98460 295
98524 295
98584 295
98656 295
98716 295
98780 295
98840 295
98904 295
98964 295
99028 295
99088 295
99152 295
99212 295
99276 291
99336 291
99400 291
99464 291
99524 287
99588 287
99648 287
99716 287
99780 287
99840 287
99904 287
99964 287
100028 287
100088 287
100152 287
100216 287
100276 287
100340 287
100400 287
100464 287
100524 286
100588 286
100648 286
100716 284
100780 284
100840 284
100904 284
100968 284
101028 284
101092 281
101152 280
101216 280
101276 280
101340 280
101400 280
101464 280
101524 280
101588 280
101648 280
101712 280
101780 280
101844 280
101904 275
101968 275
102028 271
102092 271
102152 271
102216 271
102276 271
102340 271
102400 271
102464 271
102524 271
102588 271
102652 271
102712 271
102780 271
102844 270
102904 255
102968 255
103028 255
103092 255
103152 255
103216 255
103276 255
103340 255
103404 255
103464 255
103528 255
103588 255
103652 255
103712 255
103780 255
103844 255
103904 255
103968 255
104028 255
104092 255
104156 255
104216 255
104280 255
104340 255
104404 255
104464 255
104528 255
104588 255
104652 255
104712 255
104776 255
104844 255
104904 255
104968 255
105032 255
105092 255
105156 255
105216 254
105280 254
105340 254
105404 252
105464 254
105528 252
105588 252
105652 252
105712 252
105776 252
105844 248
105908 248
105968 248
105032 255
105096 255
105156 255
105220 254
105280 254
105344 254
105404 252
105468 252
105536 252
105596 252
105660 252
105724 252
105784 252
105848 248
105908 248
105972 248
106032 248
106096 248
106156 248
106220 248
106280 248
106344 248
106404 248
106468 248
106536 248
106600 243
106660 243
106724 243
106784 241
106848 241
106908 241
106972 240
107032 240
107096 240
107156 240
107220 240
107280 240
107344 240
107404 240
107468 240
107532 240
107600 240
107660 240
107724 238
107784 236
107848 231
107908 231
107972 231
108032 231
108096 231
108156 231
108220 231
108284 231
108344 231
108408 231
108468 231
108532 231
108600 231
108660 231
108724 231
108784 227
108848 227
108908 227
108972 227
109036 227
109096 227
109160 225
109220 225
109284 225
109344 225
109408 224
109468 224
109532 224
109600 224
109660 224
109724 224
109788 224
109848 224
109912 224
109972 224
110036 224
110096 224
110160 224
110220 224
110284 220
110344 220
110408 220
110468 220
110532 220
110592 217
110664 216
110724 216
110788 216
110848 216
110912 216
110972 216
111036 216
111096 216
111160 216
111220 216
111284 216
111344 216
111408 216
111472 211
111532 211
111596 211
111664 207
111724 207
111788 207
111848 207
111912 207
111972 207
112036 207
112096 207
112160 207
112224 207
112284 207
112348 207
112408 207
112472 206
112532 206
112596 206
112664 199
112724 199
112788 199
112848 199
112912 199
112976 199
113036 199
113100 199
113160 199
113224 199
113284 199
113348 199
113408 199
113472 199
113532 199
113596 199
113656 199
113724 195
113788 195
113852 195
113912 195
113976 195
114036 195
114100 193
114160 193
114224 193
114284 193
114348 193
114408 192
114472 192
114532 192
114596 192
114656 192
114728 192
114788 192
114852 192
114912 192
114976 192
115036 192
115100 192
115160 192
115224 192
115284 192
115348 192
115408 192
115472 188
115536 188
115596 188
115660 188
115720 184
115784 184
115848 184
115912 184
115972 184
116036 184
116096 184
116160 184
116220 184
116284 184
116344 184
116408 184
116468 184
116532 184
116592 184
116656 179
116716 179
116788 177
116848 177
116912 177
116972 177
117036 176
117096 176
117160 176
117220 176
117284 176
117344 176
117408 176
117468 176
117532 176
117596 176
117656 176
117720 176
117788 174
117848 174
117912 174
117972 172
118036 167
118096 167
118160 167
118220 167
118284 167
118348 167
118408 167
118472 167
118532 167
118596 167
118656 167
118720 167
118780 167
118848 167
118912 167
118972 167
119036 167
119100 163
119160 163
119224 163
119284 163
119348 159
119408 159
119472 159
119532 159
119596 159
119656 159
119720 159
119780 159
119848 159
119912 159
119976 159
120036 159
120100 159
120160 159
120224 159
120284 159
120348 159
120408 158
120472 158
120532 158
120596 158
120656 156
120720 156
120784 156
120844 156
120912 156
120976 156
