24 799
88 799
148 799
212 798
272 798
336 796
396 796
464 796
528 793
588 792
652 792
712 792
776 792
840 792
900 792
964 792
1024 783
1088 783
1148 783
1212 783
1272 783
1336 782
1396 780
1460 775
1524 775
1588 775
1648 771
1712 771
1776 769
1836 768
1900 768
1960 768
2024 768
2084 768
2148 768
2208 768
2272 768
2332 768
2396 768
2456 768
2524 748
2588 743
2652 743
2712 739
2776 737
2836 736
2900 736
2960 732
3024 728
3084 728
3148 728
3208 719
3272 719
3332 716
3396 711
3456 711
3528 707
3588 704
3652 704
3712 704
3776 696
3836 696
3900 688
3960 688
4024 684
4084 679
4148 671
4208 671
4272 671
4336 668
4396 664
4460 664
4520 655
4588 654
4652 639
4712 639
4776 639
4836 639
4900 636
4960 632
5024 627
5088 624
5148 620
5212 615
5272 611
5336 608
5396 608
5460 600
5520 600
5588 591
5652 590
5712 583
5776 575
5840 575
5900 574
5964 568
6024 568
6088 560
6148 558
6212 551
6272 547
6336 543
6396 542
6460 536
6520 531
6584 527
6652 519
6716 519
6776 513
6840 511
6900 508
6964 504
7024 496
7088 496
7148 487
7212 483
7272 480
7336 480
7396 472
7460 467
7524 463
7584 455
7652 455
7716 448
7776 448
7840 440
7900 440
7964 432
8024 428
8088 423
8148 415
8212 414
8272 408
8336 408
8400 399
8460 391
8524 391
8584 385
8652 384
8716 384
8776 376
8840 368
8900 359
8964 359
9024 352
9088 352
9152 344
9212 339
9276 335
9336 327
9400 327
9460 319
9524 318
9584 312
9648 312
9716 304
9776 300
9840 295
9904 287
9964 287
10028 284
10088 280
10152 271
10212 271
10276 255
10336 255
10400 255
10460 254
10524 248
10584 248
10648 240
10716 236
10780 231
10840 227
10904 224
10964 220
11028 216
11088 211
11152 207
11212 199
11276 199
11336 195
11400 192
11460 192
11524 184
11584 184
11648 176
11716 174
11780 167
11840 163
11904 159
11964 159
12028 156
12088 152
12152 145
12212 143
12276 140
12336 135
12400 127
12464 127
12524 127
12588 124
12648 120
12712 120
12780 113
12840 112
12904 108
12964 103
13028 103
13088 99
13152 96
13216 96
13276 92
13340 88
13400 88
13464 81
13524 79
13588 79
13648 71
13712 71
13780 71
13840 63
13904 63
13968 63
14028 63
14092 60
14152 57
14216 56
14276 56
14340 51
14400 49
14464 48
14524 48
14588 46
14648 39
14712 39
14772 39
14844 39
14904 35
14968 35
15028 31
15092 31
15152 31
15216 31
15276 30
15340 28
15400 28
15464 28
15524 24
15588 24
15652 24
15712 24
15776 24
15844 24
15904 19
15968 19
15036 31
15096 31
15160 31
15220 31
15284 30
15348 28
15416 28
15476 28
15540 24
15600 24
15664 24
15724 24
15788 24
15848 24
15912 19
15972 19
16036 19
16100 17
16160 17
16224 15
16284 15
16348 15
16416 15
16476 15
16540 15
16600 15
16664 15
16724 15
16788 15
16852 15
16912 15
16976 15
17036 15
17100 15
17160 15
17224 15
17284 17
17348 17
17408 19
17476 19
17540 24
17604 24
17664 24
17728 24
17788 24
17852 24
17912 25
17976 28
18036 28
18100 28
18160 30
18224 31
18284 31
18348 31
18408 31
18480 35
18540 35
18604 39
18664 39
18728 39
18788 44
18852 48
18912 48
18976 48
19036 51
19100 56
19160 56
19224 56
19284 60
19348 62
19412 63
19480 63
19540 63
19604 71
19664 71
19728 71
19788 78
19852 79
19912 79
19976 88
20036 88
20100 92
20164 96
20224 96
20288 97
20348 99
20412 103
20472 103
20540 112
20604 113
20664 120
20728 120
20788 124
20852 127
20916 127
20976 127
21040 135
21100 135
21164 143
21224 145
21288 152
21348 156
21412 159
21472 159
21540 163
21604 167
21668 174
21728 176
21792 184
21852 184
21916 192
21976 192
22040 195
22100 199
22164 199
22224 207
22288 211
22348 216
22412 220
22472 224
22544 227
22604 231
22668 240
22728 241
22792 248
22852 252
22916 255
22976 255
23040 255
23100 255
23164 271
23224 271
23288 280
23352 284
23412 287
23476 287
23536 295
23604 304
23668 304
23728 312
23792 316
23852 319
23916 319
23976 327
24040 332
24104 335
24164 344
24228 348
24288 352
24352 353
24412 359
24476 364
24536 368
24604 376
24668 384
24728 384
24792 387
24856 391
24916 398
24980 399
25040 408
25104 412
25164 415
25228 415
25288 423
25352 432
25412 433
25476 440
25536 448
25600 448
25668 451
25732 455
25792 462
25856 463
25916 472
25980 476
26040 480
26104 481
26164 487
26228 492
26288 496
26352 504
26412 504
26476 508
26536 512
26600 515
26668 519
26732 527
26792 527
26856 536
26916 540
26980 543
27040 543
27104 551
27164 556
27228 560
27288 568
27352 568
27416 572
27476 575
27540 575
27600 583
27668 588
27732 591
27792 600
27856 600
27916 604
27980 608
28040 609
28104 615
28168 620
28228 624
28292 625
28352 632
28416 636
28476 638
28540 639
28600 639
28664 639
28732 654
28792 655
28856 655
28920 664
28980 668
29044 670
29104 671
29168 671
29228 679
29292 684
29352 688
29416 688
29476 696
29540 696
29600 704
29664 704
29732 704
29796 705
29856 711
29920 711
29980 716
30044 719
30104 719
30168 719
30228 728
30292 728
30352 736
30416 736
30476 736
30540 737
30604 739
30664 743
30732 743
30796 748
30856 768
30920 768
30980 768
30028 718
30088 719
30152 719
30212 728
30276 728
30340 732
30400 736
30464 736
30524 737
30588 739
30648 743
30716 743
30780 748
30840 752
30904 768
30964 768
31028 768
31092 768
31152 768
31216 768
31276 768
31340 768
31400 768
31464 768
31524 769
31588 771
31648 771
31712 775
31780 775
31840 775
31904 780
31968 782
32028 782
32092 783
32152 783
32216 783
32276 783
32340 792
32400 792
32464 792
32524 792
32588 792
32648 792
32712 792
32780 792
32844 796
32904 796
32968 796
33028 796
33092 798
33152 798
33216 799
33276 799
33340 799
33400 799
33464 798
33524 798
33588 798
33652 796
33712 796
33776 796
33844 796
33904 792
33968 792
34028 792
34092 792
34152 792
34216 792
34276 792
34340 783
34404 783
34464 783
34528 783
34588 783
34652 782
34712 780
34776 775
34844 775
34904 775
34968 775
35028 771
35092 769
35156 768
35216 768
35280 768
35340 768
35404 768
35464 768
35528 768
35588 768
35652 768
35712 768
35776 768
35844 748
35908 743
35968 743
36032 743
36092 737
36156 736
36216 736
36280 736
36340 732
36404 728
36464 728
36528 719
36588 719
36652 718
36712 711
36776 711
36840 707
36908 704
36968 704
37032 704
37092 696
37156 696
37216 696
37280 688
37340 686
37404 679
37464 679
37528 671
37592 671
37652 668
37716 664
37776 664
37840 655
37908 655
37968 647
38032 639
38092 639
38156 639
38216 638
38280 632
38344 632
38404 624
38468 624
38528 615
38592 615
38652 609
38716 608
38776 604
38840 600
38908 591
38968 591
39032 588
39096 575
39156 575
39220 575
39280 572
39344 568
39404 563
39468 560
39528 556
39592 551
39652 543
39716 543
39776 540
39840 536
39900 527
39972 526
40032 519
40096 515
40156 512
40220 510
40280 504
40344 504
40404 496
40468 492
40528 487
40592 481
40652 480
40716 476
40776 472
40840 463
40904 462
40972 455
41032 451
41096 448
41156 448
41220 440
41280 433
41344 432
41404 423
41468 419
41528 415
41592 412
41656 408
41716 399
41780 399
41840 391
41904 387
41964 384
42032 384
42096 376
42156 369
42220 368
42280 359
42344 355
42408 352
42468 348
42532 344
42592 335
42656 334
42716 327
42780 319
42840 319
42904 316
42964 312
43032 305
43096 304
43160 295
43220 295
43284 287
43344 286
43408 280
43468 280
43532 271
43592 255
43656 255
43716 255
43780 255
43840 252
43904 248
43964 241
44036 240
44096 231
44160 231
44220 225
44284 224
44344 220
44408 216
44468 207
44532 206
44592 199
44656 199
44716 193
44780 192
44844 188
44904 184
44968 177
45028 176
45096 167
45160 167
45220 163
45284 159
45344 158
45408 152
45468 152
45532 143
45596 143
45656 135
45720 135
45780 127
45844 127
45904 126
45968 124
45032 176
45092 172
45156 167
45216 163
45280 159
45340 158
45404 152
45472 152
45536 143
45596 143
45660 135
45720 135
45784 127
45844 127
45908 126
45968 124
46032 120
46092 120
46156 112
46216 112
46280 103
46344 103
46404 99
46468 97
46536 96
46596 96
46660 92
46720 88
46784 88
46844 79
46908 79
46968 78
47032 71
47096 71
47156 71
47220 63
47280 63
47344 63
47404 62
47468 60
47536 56
47596 56
47660 56
47720 51
47784 49
47848 48
47908 48
47972 44
48032 39
48096 39
48156 39
48220 35
48280 35
48344 33
48404 31
48468 31
48528 31
48596 31
48660 30
48724 28
48784 28
48848 28
48908 24
48972 24
49032 24
49096 24
49156 24
49220 24
49280 19
49344 19
49404 17
49468 17
49528 17
49600 15
49660 15
49724 15
49784 15
49848 15
49908 15
49972 15
50032 15
50096 15
50156 15
50220 15
50280 15
50344 15
50408 15
50468 15
50532 15
50600 15
50660 17
50724 17
50784 19
50848 24
50908 24
50972 24
51032 24
51096 24
51160 24
51220 24
51284 28
51344 28
51408 28
51468 30
51532 31
51592 31
51660 31
51724 31
51784 35
51848 35
51912 39
51972 39
52036 39
52096 39
52160 46
52220 48
52284 48
52344 49
52408 51
52468 56
52532 56
52592 60
52660 60
52724 63
52788 63
52848 63
52912 63
52972 71
53036 71
53096 71
53160 79
53220 79
53284 81
53344 88
53408 88
53468 92
53532 96
53596 96
53664 99
53724 103
53788 103
53848 108
53912 112
53972 113
54036 120
54096 120
54160 124
54220 127
54284 127
54348 127
54408 135
54472 142
54532 143
54596 147
54656 152
54724 156
54788 159
54848 159
54912 167
54972 167
55036 176
55100 177
55160 184
55224 184
55284 192
55348 192
55408 195
55472 199
55532 206
55596 207
55656 216
55724 216
55788 224
55852 224
55912 227
55976 231
56036 240
56100 241
56160 248
56224 252
56284 255
56348 255
56408 255
56472 255
56532 271
56596 280
56656 280
56720 286
56784 287
56848 291
56912 295
56972 304
57036 305
57096 312
57160 316
57220 319
57284 319
57344 327
57408 334
57468 335
57532 344
57592 348
57656 352
57716 355
57788 359
57848 368
57912 369
57972 384
58036 384
58096 384
58160 387
58220 391
58284 399
58344 399
58408 408
58468 412
58532 415
58596 419
58656 423
58720 432
58788 433
58848 440
58912 448
58972 448
59036 451
59096 455
59160 463
59220 463
59284 472
59348 476
59408 480
59472 483
59532 487
59596 494
59656 496
59720 504
59780 504
59848 510
59912 513
59972 519
60036 519
60100 527
60160 529
60224 536
60284 540
60348 543
60408 543
60472 551
60532 558
60596 560
60656 568
60720 568
60780 574
60848 575
60912 575
60976 583
60024 519
60088 527
60148 527
60216 536
60280 540
60340 543
60404 543
60464 551
60528 556
60592 560
60652 568
60716 568
60776 574
60840 575
60900 575
60964 583
61024 590
61088 591
61148 600
61212 600
61280 608
61344 608
61404 611
61468 615
61528 620
61592 624
61652 632
61716 632
61776 636
61840 639
61900 639
61964 639
62024 639
62088 654
62148 655
62212 664
62280 664
62344 668
62404 671
62468 671
62528 671
62592 679
62652 684
62716 688
62776 688
62840 696
62900 696
62964 704
63028 704
63088 704
63152 707
63212 711
63276 711
63344 716
63404 719
63468 719
63528 728
63592 728
63652 728
63716 736
63780 736
63840 736
63904 737
63964 739
64028 743
64088 743
64152 748
64212 768
64276 768
64344 768
64404 768
64468 768
64532 768
64592 768
64656 768
64716 768
64780 768
64840 768
64904 769
64964 771
65028 775
65088 775
65152 775
65212 775
65276 780
65344 782
65408 783
65468 783
65532 783
65592 783
65656 783
65716 792
65780 792
65840 792
65904 792
65964 792
66028 792
66088 796
66152 796
66212 796
66276 796
66340 796
66404 798
66468 799
66528 799
66592 799
66656 799
66716 799
66780 799
66840 799
66904 798
66964 798
67028 796
67088 796
67152 796
67212 796
67276 792
67336 792
67404 792
67468 792
67532 792
67592 792
67656 792
67716 783
67780 783
67840 783
67904 783
67964 783
68028 782
68088 780
68152 775
68212 775
68276 775
68336 775
68408 771
68468 771
68532 768
68592 768
68656 768
68716 768
68780 768
68840 768
68904 768
68964 768
69028 768
69088 768
69152 768
69216 748
69276 743
69340 743
69400 739
69468 739
69532 736
69592 736
69656 736
69716 728
69780 728
69840 728
69904 719
69968 719
70028 716
70092 711
70152 711
70216 707
70276 704
70340 704
70400 704
70468 696
70532 696
70592 689
70656 688
70720 684
70780 679
70844 675
70904 671
70968 671
71028 668
71092 664
71152 664
71216 655
71276 655
71340 639
71400 639
71464 639
71532 639
71596 636
71656 632
71720 632
71780 624
71844 624
71904 615
71968 611
72028 608
72092 608
72152 604
72216 600
72276 591
72340 591
72404 583
72464 575
72532 575
72596 575
72656 572
72720 568
72780 561
72844 560
72904 551
72968 547
73028 543
73092 542
73156 536
73216 536
73280 527
73340 524
73404 519
73464 515
73532 511
73596 508
73656 504
73720 497
73780 496
73844 487
73908 487
73968 480
74032 480
74092 472
74156 472
74216 463
74280 462
74340 455
74404 449
74464 448
74528 448
74596 440
74656 432
74720 428
74784 423
74844 415
74908 415
74968 412
75032 408
75092 399
75156 396
75216 391
75280 387
75340 384
75404 384
75464 376
75528 368
75596 364
75660 359
75720 353
75784 352
75844 348
75908 344
75968 335
75024 408
75088 399
75148 398
75212 391
75272 387
75336 384
75396 384
75460 376
75520 368
75584 368
75644 359
75708 355
75768 352
75832 348
75892 344
75956 335
76024 334
76088 327
76148 319
76212 319
76272 316
76336 312
76396 305
76460 304
76520 295
76584 291
76644 287
76708 286
76772 280
76832 275
76896 271
76956 255
77024 255
77088 255
77148 255
77212 252
77272 248
77336 241
77396 240
77460 231
77524 227
77584 224
77648 224
77708 216
77772 216
77832 207
77896 206
77956 199
78024 195
78088 192
78148 192
78212 185
78276 184
78336 177
78400 176
78460 167
78524 167
78584 159
78648 159
78708 156
78772 152
78832 152
78896 143
78956 143
79020 135
79088 127
79152 127
79212 127
79276 126
79336 120
79400 120
79460 115
79524 112
79584 110
79648 103
79708 103
79772 99
79832 96
79896 96
79960 92
80020 88
80088 88
80152 83
80212 79
80276 79
80336 78
80400 71
80460 71
80524 67
80584 63
80648 63
80712 63
80772 62
80836 60
80896 56
80960 56
81020 56
81088 49
81152 48
81212 48
81276 46
81336 39
81400 39
81464 39
81524 39
81588 35
81648 35
81712 31
81772 31
81836 31
81896 31
81960 31
82020 30
82084 28
82152 28
82212 25
82276 24
82340 24
82400 24
82464 24
82524 24
82588 24
82648 19
82712 19
82772 17
82836 17
82896 17
82960 15
83020 15
83084 15
83152 15
83216 15
83276 15
83340 15
83400 15
83464 15
83524 15
83588 15
83648 15
83712 15
83772 15
83836 15
83896 15
83960 15
84024 17
84084 17
84148 19
84216 24
84276 24
84340 24
84400 24
84464 24
84524 24
84588 24
84648 28
84712 28
84776 28
84836 30
84900 31
84960 31
85024 31
85084 31
85148 35
85216 35
85276 39
85340 39
85400 39
85464 39
85528 46
85588 48
85652 48
85712 49
85776 51
85836 56
85900 56
85960 60
86024 60
86084 63
86148 63
86216 63
86280 67
86340 71
86404 71
86464 76
86528 79
86588 79
86652 83
86712 88
86776 88
86836 92
86900 96
86960 96
87024 99
87084 103
87148 103
87212 110
87280 112
87340 113
87404 120
87464 120
87528 126
87588 127
87652 127
87712 127
87776 135
87836 143
87900 143
87964 152
88024 152
88088 156
88148 159
88212 159
88280 167
88340 167
88404 176
88464 177
88528 184
88588 188
88652 192
88716 193
88776 195
88840 199
88900 207
88964 207
89024 216
89088 220
89148 224
89212 225
89280 231
89340 231
89404 240
89468 243
89528 248
89592 252
89652 255
89716 255
89776 255
89840 255
89900 271
89964 280
90024 284
90088 287
90148 287
90212 295
90272 295
90344 304
90404 312
90468 312
90528 318
90592 319
90652 319
90716 327
90776 335
90840 339
90900 344
90964 352
90024 284
90088 287
90152 287
90212 295
90276 295
90336 304
90400 312
90460 312
90524 318
90584 319
90648 319
90716 327
90776 335
90840 339
90904 344
90964 352
91028 352
91088 355
91152 359
91212 368
91276 376
91336 384
91400 384
91460 384
91524 391
91584 391
91648 399
91716 408
91780 408
91840 414
91904 415
91964 423
92028 428
92088 432
92152 440
92212 440
92276 448
92336 449
92400 455
92460 455
92524 463
92584 467
92648 472
92712 480
92780 480
92840 483
92904 487
92964 496
93028 497
93088 504
93152 508
93212 511
93276 515
93336 519
93400 524
93464 527
93524 536
93588 536
93648 542
93712 543
93780 547
93840 551
93904 560
93964 561
94028 568
94088 572
94152 575
94216 575
94276 575
94340 583
94400 591
94464 591
94524 600
94588 604
94648 608
94712 608
94772 611
94840 615
94904 624
94968 624
95028 632
95092 632
95152 636
95216 639
95276 639
95340 639
95400 639
95464 655
95524 655
95588 664
95648 664
95712 668
95772 671
95844 671
95904 679
95968 679
96028 686
96092 688
96152 696
96216 696
96276 696
96340 704
96400 704
96464 705
96524 707
96588 711
96652 711
96712 718
96776 719
96844 719
96904 728
96968 728
97028 732
97092 736
97152 736
97216 737
97276 739
97340 743
97404 743
97464 748
97528 752
97588 768
97652 768
97712 768
97776 768
97836 768
97904 768
97968 768
98028 768
98092 768
98156 768
98216 769
98280 771
98340 771
98404 775
98464 775
98528 775
98588 780
98652 782
98712 783
98776 783
98836 783
98904 783
98968 783
99032 792
99092 792
99156 792
99216 792
99280 792
99340 792
99404 792
99464 796
99528 796
99588 796
99652 796
99712 798
99776 798
99836 799
99908 799
99968 799
100032 799
100092 799
100156 799
100216 799
100280 798
100340 798
100404 796
100464 796
100528 796
100588 796
100652 792
100716 792
100776 792
100840 792
100900 792
100968 792
101032 792
101092 783
101156 783
101216 783
101280 783
101340 783
101404 782
101468 780
101528 775
101592 775
101652 775
101716 771
101776 771
101840 769
101900 768
101968 768
102032 768
102092 768
102156 768
102220 768
102280 768
102344 768
102404 768
102468 768
102528 768
102592 748
102652 743
102716 743
102776 739
102840 737
102900 736
102964 736
103032 732
103096 728
103156 728
103220 728
103280 719
103344 718
103404 716
103468 711
103528 711
103592 705
103652 704
103716 704
103776 704
103840 696
103904 696
103964 688
104032 688
104096 679
104156 679
104220 671
104280 671
104344 670
104404 668
104468 664
104528 655
104592 655
104656 654
104716 639
104780 639
104840 639
104904 638
104964 636
105032 632
105096 625
105156 624
105220 620
105280 615
105344 611
105408 608
105468 608
105532 600
105592 600
105656 591
105716 590
105780 583
105840 575
105904 575
105964 574
105024 632
105088 625
105148 624
105212 620
105280 615
105340 611
105404 608
105464 608
105528 600
105588 600
105652 591
105712 590
105776 583
105840 575
105900 575
105964 574
106024 569
106088 568
106148 560
106212 560
106280 551
106340 543
106404 543
106464 540
106528 536
106592 531
106652 527
106716 524
106776 519
106840 513
106900 511
106964 508
107024 504
107088 497
107148 496
107212 487
107272 483
107340 480
107404 480
107468 472
107528 467
107592 463
107652 455
107716 455
107776 449
107840 448
107900 440
107964 440
108024 432
108088 428
108148 423
108212 415
108276 414
108344 408
108404 408
108468 399
108528 391
108592 391
108652 385
108716 384
108776 384
108840 376
108900 368
108964 359
109028 359
109088 353
109152 352
109212 344
109276 344
109336 335
109400 327
109464 327
109524 319
109588 318
109652 312
109712 312
109776 304
109836 302
109900 295
109960 287
110024 287
110084 284
110148 280
110208 271
110272 271
110332 255
110400 255
110464 255
110528 254
110588 248
110652 248
110712 240
110776 238
110836 231
110900 227
110960 224
111024 220
111084 216
111148 211
111208 207
111272 199
111332 199
111404 195
111464 192
111528 192
111588 184
111652 184
111712 176
111776 176
111836 167
111900 163
111960 159
112024 159
112084 156
112148 152
112212 147
112272 143
112336 140
112396 135
112464 127
112528 127
112588 127
112652 124
112712 120
112776 120
112836 113
112900 112
112964 108
113024 103
113088 103
113148 99
113212 96
113272 96
113336 92
113396 88
113464 88
113528 81
113588 79
113652 79
113712 71
113776 71
113840 71
113900 63
113964 63
114024 63
114088 63
114148 60
114212 60
114272 56
114336 56
114396 51
114460 49
114528 48
114592 48
114652 46
114716 39
114776 39
114840 39
114900 39
114964 35
115024 35
115088 31
115148 31
115212 31
115272 31
115336 30
115396 30
115460 28
115528 28
115592 24
115652 24
115716 24
115776 24
115840 24
115900 24
115964 24
116024 19
116088 19
116148 17
116212 17
116276 15
116336 15
116400 15
116460 15
116528 15
116592 15
116652 15
116716 15
116776 15
116840 15
116900 15
116964 15
117028 15
117088 15
117152 15
117212 15
117276 15
117336 15
117400 17
117460 19
117524 24
117592 24
117652 24
117716 24
117780 24
117840 24
117904 24
117964 25
118028 28
118088 28
118152 30
118212 31
118276 31
118336 31
118400 31
118460 31
118524 35
118592 35
118656 39
118716 39
118780 39
118840 44
118904 48
118964 48
119028 48
119088 49
119152 56
119212 56
119276 56
119336 60
119400 62
119460 63
119524 63
119592 63
119656 67
119716 71
119780 71
119840 78
119904 79
119964 79
120028 88
120088 88
120152 92
120212 94
120276 96
120340 97
120400 99
120464 103
120524 103
120588 112
120656 112
120716 120
120780 120
120840 124
120904 127
120964 127
