24 707
84 255
152 15
216 243
280 664
340 769
404 432
464 60
528 103
588 512
652 792
712 591
776 167
836 28
900 344
960 732
1024 719
1084 327
1156 17
1216 224
1280 639
1340 775
1404 451
1464 71
1528 92
1588 492
1652 792
1712 611
1776 192
1836 24
1900 319
1960 718
2024 736
2088 352
2156 24
2216 199
2280 625
2340 783
2404 476
2464 79
2528 78
2588 472
2652 783
2712 632
2776 207
2840 19
2900 295
2964 704
3024 743
3088 376
3148 35
3216 184
3280 608
3340 792
3404 496
3464 96
3528 63
3592 448
3652 775
3716 639
3776 227
3840 15
3900 280
3964 688
4024 768
4088 391
4148 44
4216 159
4280 588
4344 792
4404 515
4468 110
4528 56
4592 423
4652 768
4716 664
4776 248
4840 15
4900 255
4964 671
5024 768
5088 415
5148 56
5220 143
5280 568
5344 798
5404 537
5468 124
5528 48
5592 403
5652 768
5716 679
5776 255
5840 15
5900 236
5964 655
6028 771
6088 440
6152 63
6212 97
6280 543
6344 799
6404 560
6468 140
6528 39
6592 384
6652 768
6716 696
6780 287
6840 17
6904 216
6964 638
7028 780
7088 463
7152 71
7212 88
7280 527
7344 796
7404 575
7468 158
7532 31
7592 359
7656 737
7716 711
7780 312
7840 24
7904 195
7964 620
8028 783
8088 483
8152 88
8212 71
8276 508
8344 792
8408 600
8468 176
8532 28
8592 335
8656 728
8716 728
8780 334
8840 28
8904 176
8964 600
9028 792
9088 504
9152 97
9212 62
9276 440
9344 783
9408 615
9468 193
9532 24
9592 312
9656 711
9716 736
9780 355
9840 31
9904 159
9964 575
10028 796
10092 527
10152 113
10216 51
10276 415
10344 780
10408 636
10468 216
10532 17
10592 287
10656 704
10716 748
10780 384
10844 39
10904 142
10968 560
11028 798
11092 543
11152 127
11216 39
11276 391
11340 768
11408 655
11468 231
11532 15
11596 271
11656 684
11720 768
11780 399
11844 48
11904 124
11968 540
12028 798
12092 568
12152 143
12216 33
12276 376
12340 743
12408 671
12472 255
12532 15
12596 252
12656 668
12720 768
12780 423
12844 56
12904 110
12968 519
13028 796
13092 583
13152 163
13216 30
13280 352
13340 736
13408 688
13472 275
13532 15
13596 227
13656 639
13720 775
13780 448
13844 63
13904 96
13968 497
14032 792
14092 608
14156 184
14216 24
14280 327
14340 719
14404 728
14472 295
14532 19
14596 207
14656 632
14720 783
14784 467
14844 78
14908 79
14968 480
15032 783
15092 624
15156 199
15216 24
15280 305
15340 707
15404 739
15472 319
15532 24
15596 192
15660 615
15720 783
15784 487
15844 92
15908 67
15968 455
15028 783
15092 632
15152 207
15216 17
15276 295
15340 704
15400 743
15464 376
15524 35
15588 143
15648 568
15712 798
15776 540
15840 99
15904 62
15964 440
16028 771
16092 655
16152 238
16216 15
16276 255
16340 679
16400 768
16464 403
16524 48
16588 124
16648 540
16712 798
16772 568
16840 113
16904 49
16968 415
17028 768
17092 671
17152 255
17216 15
17276 248
17340 668
17400 768
17464 423
17524 56
17588 103
17648 519
17712 796
17772 590
17844 127
17904 39
17968 391
18028 768
18092 688
18152 280
18216 15
18276 225
18340 639
18400 775
18464 448
18524 63
18588 96
18652 496
18712 792
18776 608
18836 184
18904 31
18968 369
19028 743
19092 704
19152 295
19216 19
19276 207
19340 632
19404 783
19464 472
19528 79
19588 79
19652 476
19712 783
19776 625
19836 199
19904 30
19968 352
20028 736
20092 718
20156 319
20216 24
20280 192
20340 611
20404 792
20464 492
20528 92
20588 63
20652 451
20712 775
20776 639
20836 224
20900 24
20968 319
21032 719
21092 729
21156 344
21216 28
21280 167
21340 591
21404 792
21464 512
21528 103
21588 60
21652 432
21712 769
21776 664
21840 243
21900 15
21968 304
22032 707
22092 739
22156 368
22216 31
22280 152
22340 575
22404 798
22464 536
22528 120
22592 48
22652 408
22716 768
22776 675
22840 255
22900 15
22968 284
23032 696
23092 768
23156 387
23216 39
23280 127
23344 551
23404 799
23468 551
23528 135
23592 39
23652 385
23716 768
23776 696
23840 286
23900 17
23964 224
24032 671
24092 768
24156 412
24220 48
24280 120
24344 536
24404 798
24468 574
24528 152
24592 31
24652 366
24716 743
24776 707
24840 305
24900 24
24964 199
25032 664
25096 769
25156 432
25220 60
25280 103
25344 512
25404 792
25468 591
25528 167
25592 28
25652 344
25716 732
25776 719
25840 327
25904 24
25964 184
26032 639
26096 775
26156 455
26220 67
26280 88
26344 492
26404 792
26468 609
26528 192
26592 24
26656 319
26716 718
26780 736
26840 352
26904 31
26964 159
27028 583
27096 783
27156 480
27220 79
27280 78
27344 472
27408 783
27468 632
27532 207
27592 19
27656 295
27716 704
27780 743
27840 376
27904 35
27964 143
28028 568
28096 792
28160 496
28220 96
28284 63
28344 448
28408 775
28468 639
28532 227
28592 15
28656 280
28716 688
28780 768
28840 391
28904 46
28964 127
29028 543
29092 796
29160 519
29220 110
29284 56
29344 423
29408 768
29468 664
29532 252
29592 15
29656 255
29716 671
29780 768
29844 415
29904 56
29968 112
30028 526
30092 796
30160 542
30220 126
30284 46
30344 408
30408 768
30468 679
30532 271
30596 15
30656 231
30720 655
30780 771
30844 440
30904 63
30968 97
30032 513
30092 792
30156 591
30216 167
30280 30
30344 348
30404 736
30468 719
30528 319
30596 15
30660 224
30720 639
30784 775
30844 448
30908 63
30968 92
31032 496
31096 792
31156 608
31220 184
31280 24
31344 319
31404 719
31468 732
31528 348
31592 31
31660 199
31720 632
31784 783
31848 472
31908 79
31972 79
32032 476
32096 783
32156 632
32220 206
32280 19
32344 304
32404 704
32468 743
32528 368
32592 35
32660 184
32724 609
32784 792
32848 494
32908 94
32972 63
33032 451
33096 775
33156 639
33220 224
33280 15
33344 280
33404 689
33468 768
33528 391
33592 39
33660 167
33724 591
33784 792
33848 512
33908 103
33972 56
34032 432
34096 769
34156 664
34220 248
34280 15
34344 255
34408 671
34468 768
34532 415
34592 51
34656 113
34724 572
34784 798
34848 536
34908 120
34972 48
35032 408
35096 768
35160 679
35220 255
35284 15
35344 240
35408 655
35468 769
35532 440
35592 62
35656 99
35724 551
35784 799
35848 556
35912 135
35972 39
36036 384
36096 768
36160 696
36220 287
36284 17
36344 220
36408 639
36468 775
36532 455
36592 71
36656 88
36716 527
36788 798
36848 575
36912 156
36972 31
37036 359
37096 739
37160 707
37220 307
37284 24
37344 199
37408 624
37468 783
37532 480
37596 83
37656 71
37720 465
37788 792
37848 600
37912 174
37972 28
38036 339
38096 728
38160 719
38220 327
38284 28
38348 184
38408 608
38472 792
38532 504
38596 96
38656 63
38720 448
38788 792
38848 615
38912 192
38972 24
39036 318
39100 716
39160 736
39224 352
39284 31
39348 159
39408 583
39472 796
39532 519
39596 112
39656 56
39720 423
39780 768
39848 632
39912 207
39976 19
40036 295
40100 704
40160 743
40224 384
40284 35
40348 143
40408 568
40472 798
40532 543
40596 127
40656 44
40720 399
40780 768
40852 639
40912 231
40976 15
41036 271
41100 688
41160 768
41224 398
41284 46
41348 127
41408 543
41472 798
41532 561
41596 143
41660 35
41720 384
41784 748
41852 668
41912 252
41976 15
42036 255
42100 671
42160 768
42224 415
42284 56
42348 112
42412 524
42472 796
42536 575
42596 159
42660 31
42720 353
42784 736
42844 711
42912 271
42976 15
43036 231
43100 655
43164 771
43224 448
43288 63
43348 96
43412 504
43472 792
43536 604
43596 177
43660 24
43720 334
43784 728
43844 728
43912 295
43976 19
44040 216
44100 638
44164 782
44224 463
44288 71
44348 83
44412 481
44472 783
44536 620
44596 195
44660 24
44720 312
44784 711
44848 737
44908 359
44972 28
45036 176
45096 600
45160 792
45224 508
45284 99
45348 62
45408 440
45472 771
45532 655
45596 240
45656 15
45720 255
45780 679
45844 768
45904 408
45972 31
45032 159
45092 588
45156 793
45216 515
45280 110
45340 56
45404 423
45468 768
45528 668
45592 248
45652 15
45716 255
45776 671
45840 768
45900 415
45964 56
46032 143
46092 568
46156 798
46220 540
46280 124
46344 48
46404 403
46468 768
46528 679
46592 255
46652 15
46716 231
46776 655
46840 771
46900 440
46964 63
47024 97
47096 543
47156 799
47220 560
47280 135
47344 39
47404 384
47468 768
47528 696
47592 287
47652 17
47716 216
47776 638
47840 780
47900 463
47964 71
48028 88
48096 527
48156 796
48220 575
48280 158
48344 31
48404 359
48468 737
48528 711
48592 312
48652 24
48716 195
48780 620
48840 783
48904 481
48964 88
49028 71
49088 508
49156 792
49220 600
49280 176
49344 28
49404 335
49468 728
49532 728
49592 334
49656 28
49716 177
49780 600
49840 792
49904 504
49964 97
50028 62
50088 448
50156 783
50220 615
50284 193
50344 24
50408 316
50468 711
50532 736
50592 353
50656 31
50716 159
50780 575
50840 796
50904 526
50964 112
51028 51
51088 419
51160 782
51220 636
51284 216
51344 17
51408 287
51468 704
51532 748
51592 384
51656 39
51716 143
51780 561
51840 798
51904 543
51968 127
52028 39
52092 398
52152 768
52220 654
52284 231
52344 15
52408 271
52468 688
52532 768
52592 399
52656 48
52720 126
52780 542
52844 798
52904 568
52968 143
53028 35
53092 384
53152 743
53220 671
53284 255
53344 15
53408 252
53472 670
53532 768
53596 423
53656 56
53720 112
53780 519
53844 796
53904 583
53968 159
54028 30
54092 352
54152 736
54220 688
54284 271
54348 15
54408 231
54472 652
54532 775
54596 448
54656 63
54720 96
54780 504
54844 792
54904 608
54968 184
55028 24
55092 327
55152 719
55216 728
55284 295
55348 19
55408 207
55472 636
55532 783
55596 463
55656 76
55720 81
55780 480
55844 783
55904 624
55968 199
56032 24
56092 312
56156 707
56216 739
56284 319
56348 24
56408 192
56472 615
56532 792
56596 487
56656 88
56720 71
56784 455
56844 780
56908 639
56968 220
57032 15
57092 287
57156 696
57216 768
57280 385
57344 31
57408 159
57472 583
57532 796
57596 519
57656 112
57720 56
57780 423
57844 768
57904 668
57968 254
58028 15
58092 252
58152 671
58216 768
58276 419
58348 35
58408 143
58472 568
58532 798
58596 542
58656 127
58720 46
58780 399
58844 768
58904 684
58968 271
59028 15
59092 231
59156 654
59216 775
59280 448
59348 46
59408 127
59472 543
59532 799
59596 561
59656 143
59720 35
59780 384
59844 748
59908 704
59968 295
60032 19
60092 211
60156 636
60216 782
60280 463
60340 76
60408 112
60472 526
60532 796
60596 575
60660 159
60720 31
60784 355
60844 736
60908 711
60968 316
60036 15
60096 248
60160 664
60220 768
60284 428
60344 56
60408 103
60476 560
60540 799
60600 543
60664 127
60724 39
60788 391
60848 768
60912 688
60972 280
61036 15
61096 227
61160 639
61224 775
61284 449
61348 63
61408 92
61476 540
61540 798
61600 568
61664 145
61724 35
61788 371
61848 743
61912 704
61976 295
62036 24
62100 207
62160 632
62224 783
62284 472
62348 79
62408 79
62472 519
62540 796
62600 583
62664 163
62728 30
62788 352
62852 736
62912 718
62976 319
63036 24
63100 192
63160 611
63224 792
63284 492
63348 92
63408 63
63472 455
63540 792
63604 608
63664 184
63728 24
63788 327
63852 719
63912 728
63976 344
64036 30
64100 167
64160 591
64224 792
64284 512
64348 103
64408 57
64472 432
64540 783
64604 624
64664 199
64728 24
64788 305
64852 707
64912 739
64976 364
65036 31
65100 152
65160 575
65224 796
65288 536
65348 120
65412 48
65472 412
65536 768
65604 639
65664 224
65728 15
65788 286
65852 696
65912 768
65976 385
66040 39
66100 127
66164 551
66224 799
66288 551
66348 127
66412 39
66472 387
66536 768
66604 655
66664 240
66728 15
66792 255
66852 679
66916 768
66976 408
67040 49
67100 120
67164 536
67224 796
67288 574
67348 152
67412 31
67472 368
67536 739
67604 671
67668 255
67728 15
67792 243
67852 664
67916 769
67976 432
68040 60
68100 103
68164 512
68224 792
68288 591
68348 167
68412 28
68476 344
68536 732
68600 719
68668 284
68728 17
68792 224
68852 639
68916 775
68976 451
69040 67
69100 92
69164 492
69228 792
69288 611
69352 192
69412 24
69476 319
69536 718
69600 736
69668 304
69728 24
69792 199
69852 632
69916 783
69980 476
70040 79
70104 79
70164 472
70228 783
70288 632
70352 207
70412 19
70476 300
70536 704
70600 743
70660 319
70728 24
70792 184
70856 608
70916 792
70980 496
71040 96
71104 63
71164 449
71228 775
71288 639
71352 225
71412 15
71476 280
71536 688
71600 768
71660 391
71732 30
71792 163
71856 591
71916 793
71980 515
72040 103
72104 56
72164 428
72228 768
72288 664
72352 248
72412 15
72476 255
72540 671
72600 768
72664 415
72732 35
72792 147
72856 572
72916 798
72980 536
73040 124
73104 48
73164 408
73228 768
73292 679
73352 255
73416 15
73476 240
73540 655
73600 771
73664 440
73724 63
73792 127
73856 547
73916 799
73980 560
74044 135
74104 39
74168 384
74228 768
74292 696
74352 287
74416 17
74476 216
74540 639
74600 780
74664 462
74724 71
74792 113
74856 527
74920 796
74980 575
75044 158
75104 31
75168 359
75228 739
75292 711
75352 312
75416 24
75476 195
75540 624
75600 783
75664 481
75728 88
75796 99
75856 508
75920 792
75980 600
75024 248
75088 15
75156 304
75220 705
75280 739
75344 368
75404 31
75468 152
75528 574
75592 796
75652 536
75716 120
75776 48
75840 409
75900 768
75964 675
76028 255
76088 15
76152 240
76220 696
76280 768
76344 385
76404 39
76468 127
76528 551
76592 799
76652 556
76716 135
76780 39
76840 385
76904 768
76964 696
77028 287
77088 17
77152 220
77220 675
77280 768
77344 412
77404 49
77468 120
77532 536
77592 796
77656 575
77716 152
77780 31
77840 368
77904 739
77964 707
78028 307
78088 24
78152 199
78212 664
78284 769
78344 432
78408 60
78468 103
78532 512
78592 792
78656 591
78716 167
78780 28
78840 344
78904 728
78964 719
79028 327
79088 24
79152 184
79216 608
79284 775
79344 455
79408 67
79468 92
79532 492
79592 792
79656 611
79716 192
79780 24
79840 319
79904 718
79968 736
80028 352
80092 31
80152 159
80216 588
80284 783
80344 480
80408 79
80468 78
80532 472
80592 783
80656 632
80720 207
80780 19
80844 295
80904 704
80968 743
81028 376
81092 35
81152 143
81216 568
81276 798
81344 496
81408 96
81472 63
81532 448
81596 775
81656 639
81720 227
81780 15
81844 280
81904 688
81968 768
82028 391
82092 44
82152 127
82216 543
82276 799
82348 519
82408 110
82472 56
82532 423
82596 768
82656 668
82720 248
82780 15
82844 255
82904 671
82968 768
83028 415
83092 56
83152 112
83216 527
83280 796
83348 540
83408 124
83472 48
83532 408
83596 768
83656 679
83720 255
83780 15
83844 238
83904 655
83968 771
84032 440
84092 63
84156 97
84216 508
84280 792
84340 600
84408 142
84472 39
84532 384
84596 768
84656 696
84720 287
84784 17
84844 216
84908 639
84968 780
85032 463
85092 71
85156 88
85216 483
85280 783
85340 615
85408 159
85472 31
85536 359
85596 737
85660 711
85720 312
85784 24
85844 195
85908 620
85968 783
86032 481
86092 88
86156 71
86216 463
86280 782
86340 636
86404 176
86472 28
86536 335
86596 728
86660 728
86720 334
86784 28
86844 177
86908 604
86968 792
87032 504
87092 97
87156 62
87220 448
87280 771
87344 654
87404 231
87472 24
87536 316
87596 711
87660 736
87720 353
87784 31
87844 159
87908 575
87972 796
88032 526
88096 112
88156 51
88220 415
88280 768
88344 671
88404 255
88472 17
88536 291
88596 704
88660 748
88724 384
88784 39
88848 143
88908 561
88972 798
89032 543
89096 127
89156 39
89220 398
89280 768
89344 688
89404 280
89468 15
89536 271
89600 684
89660 768
89724 399
89784 48
89848 126
89908 543
89972 798
90032 568
90096 143
90156 35
90220 384
90280 743
90344 704
90404 295
90468 19
90536 252
90600 668
90660 768
90724 419
90784 56
90848 112
90908 519
90972 796
90028 611
90092 192
90152 24
90216 319
90276 719
90340 736
90400 352
90464 30
90532 199
90596 632
90656 783
90720 476
90780 79
90844 79
90904 472
90968 783
91028 632
91092 207
91152 19
91216 295
91276 704
91340 743
91400 369
91464 35
91528 147
91596 608
91656 792
91720 496
91780 96
91844 63
91904 451
91968 775
92028 639
92092 225
92152 15
92216 280
92280 689
92340 768
92404 391
92464 39
92528 127
92596 590
92656 793
92720 515
92780 103
92844 56
92904 432
92968 768
93032 664
93092 248
93156 15
93216 255
93280 671
93340 768
93404 415
93464 51
93528 113
93588 572
93656 798
93720 536
93784 121
93844 48
93908 408
93968 768
94032 679
94092 255
94156 15
94216 240
94280 655
94340 771
94404 440
94464 62
94528 99
94588 508
94660 799
94720 556
94784 135
94844 39
94908 384
94968 768
95032 696
95092 287
95156 17
95216 216
95280 639
95340 780
95404 455
95464 71
95528 88
95592 487
95660 796
95720 575
95784 156
95844 31
95908 359
95968 739
96032 707
96092 312
96156 24
96216 195
96280 624
96344 783
96404 480
96468 83
96528 71
96592 463
96652 782
96720 600
96784 176
96844 28
96908 344
96968 728
97032 719
97096 327
97156 28
97220 179
97280 608
97344 792
97404 504
97468 96
97528 63
97592 448
97652 775
97720 615
97784 192
97848 24
97908 319
97972 716
98032 736
98096 352
98156 31
98220 159
98280 583
98344 796
98404 519
98468 112
98528 56
98592 423
98652 768
98724 632
98784 207
98848 19
98908 295
98972 704
99032 743
99096 384
99156 35
99220 143
99280 568
99344 798
99404 542
99468 127
99532 46
99592 399
99656 768
99716 686
99784 231
99848 15
99908 275
99972 688
100032 768
100096 398
100156 46
100220 127
100284 543
100344 799
100408 560
100468 143
100532 35
100592 384
100656 748
100716 704
100784 252
100848 15
100908 255
100972 671
101036 768
101096 415
101160 56
101220 112
101284 526
101344 796
101408 575
101468 159
101532 31
101592 353
101656 736
101716 711
101780 271
101848 15
101912 231
101972 655
102036 771
102096 448
102160 63
102220 97
102284 504
102344 792
102408 600
102468 177
102532 25
102592 334
102656 728
102716 728
102780 335
102848 19
102912 216
102972 638
103036 780
103096 463
103160 71
103220 88
103284 483
103344 783
103408 615
103468 195
103532 24
103596 312
103656 711
103720 737
103780 359
103848 24
103912 193
103972 620
104036 783
104096 483
104160 88
104220 71
104284 463
104348 782
104408 636
104472 216
104532 17
104596 287
104656 704
104720 752
104780 384
104844 39
104912 176
104972 600
105036 792
105100 504
105160 97
105224 62
105284 448
105348 775
105408 655
105472 236
105532 15
105596 255
105656 684
105720 768
105780 399
105844 48
105912 158
105976 575
105024 799
105088 556
105152 135
105212 39
105276 384
105336 768
105400 696
105468 248
105528 24
105592 255
105652 671
105716 768
105776 412
105840 49
105904 120
105964 529
106028 796
106088 575
106152 156
106212 31
106276 359
106336 739
106400 707
106468 255
106528 15
106592 240
106656 664
106716 769
106780 432
106840 60
106904 103
106964 511
107028 792
107088 593
107152 172
107212 28
107276 344
107336 728
107400 719
107460 327
107532 17
107592 224
107656 639
107716 775
107780 455
107840 71
107904 88
107964 487
108028 792
108088 611
108152 192
108212 24
108276 319
108336 716
108400 736
108464 352
108532 24
108592 199
108656 624
108716 783
108780 480
108840 81
108904 76
108964 472
109028 783
109088 632
109152 207
109216 19
109276 295
109340 704
109400 743
109464 384
109532 24
109592 184
109656 608
109716 792
109780 496
109840 96
109904 63
109968 448
110028 775
110092 639
110152 227
110216 15
110276 280
110340 688
110400 768
110464 398
110524 44
110592 159
110656 583
110720 796
110780 515
110844 110
110904 56
110968 423
111028 768
111092 668
111152 248
111216 15
111276 255
111340 671
111400 768
111464 415
111524 56
111596 143
111656 568
111720 798
111780 540
111844 124
111904 48
111968 399
112028 768
112092 679
112152 255
112216 15
112276 231
112340 655
112404 771
112464 448
112528 63
112588 96
112652 526
112716 796
112780 575
112840 159
112904 31
112964 359
113028 737
113088 711
113152 312
113212 24
113276 193
113336 620
113400 783
113460 483
113524 88
113584 71
113656 504
113716 792
113780 600
113840 176
113904 28
113964 335
114028 728
114088 728
114152 335
114212 28
114276 176
114336 601
114400 792
114464 504
114524 99
114588 62
114656 483
114716 783
114780 615
114840 193
114904 24
114964 316
115028 711
115088 736
115152 355
115216 31
115276 159
115340 575
115400 796
115464 526
115524 113
115588 51
115648 415
115716 782
115780 636
115840 216
115904 17
115968 291
116028 704
116092 748
116152 384
116216 39
116276 142
116340 561
116400 798
116464 543
116524 127
116588 39
116648 396
116716 775
116780 654
116844 231
116904 15
116968 271
117028 686
117092 768
117152 399
117216 48
117276 124
117340 543
117400 798
117464 568
117524 143
117588 35
117648 376
117712 768
117780 670
117844 254
117904 15
117968 252
118028 670
118092 768
118152 423
118216 56
118276 110
118340 519
118400 796
118464 583
118528 163
118588 30
118652 352
118712 736
118780 688
118844 275
118904 15
118968 231
119028 652
119092 775
119152 448
119216 63
119280 96
119340 504
119404 792
119464 604
119528 184
119588 24
119652 327
119712 719
119780 704
119844 295
119904 19
119968 207
120032 636
120092 782
120156 465
120216 76
120280 79
120340 480
120404 783
120464 624
120528 199
120588 24
120652 305
120712 707
120776 739
120844 318
120908 24
120968 192
