20 796
84 783
152 769
216 768
276 728
340 704
400 671
464 636
524 600
588 560
648 515
712 472
772 430
836 384
900 335
960 291
1024 252
1084 207
1152 167
1216 127
1276 99
1340 71
1400 56
1464 35
1524 24
1588 17
1652 15
1712 24
1776 31
1836 39
1900 63
1960 88
2024 113
2084 152
2148 184
2216 227
2276 271
2340 316
2404 359
2464 408
2528 451
2588 496
2652 536
2712 575
2776 615
2836 655
2900 688
2960 718
3024 739
3084 768
3148 775
3216 792
3280 799
3340 792
3404 783
3464 768
3528 768
3588 728
3652 704
3712 670
3776 632
3836 600
3900 556
3960 513
4024 472
4088 428
4148 384
4212 327
4280 287
4340 248
4404 204
4464 167
4528 127
4588 99
4652 71
4712 56
4776 35
4840 24
4900 17
4964 15
5024 24
5088 31
5148 44
5212 63
5280 92
5340 120
5404 152
5464 192
5528 231
5592 271
5652 316
5716 359
5776 408
5840 451
5900 496
5964 540
6024 575
6088 620
6148 655
6212 688
6280 719
6340 743
6404 768
6468 780
6528 792
6592 799
6652 792
6716 783
6776 768
6840 768
6900 728
6964 704
7024 668
7088 632
7148 591
7212 551
7272 512
7340 463
7404 419
7468 384
7528 327
7592 287
7652 248
7716 199
7776 163
7840 127
7900 99
7964 71
8024 56
8088 35
8148 24
8212 15
8272 15
8344 24
8404 31
8468 48
8528 63
8592 92
8652 120
8716 156
8776 192
8840 231
8900 271
8964 318
9024 364
9088 408
9152 455
9212 497
9276 542
9344 583
9404 624
9468 664
9528 696
9592 719
9652 743
9716 768
9776 782
9840 792
9904 799
9964 792
10028 783
10088 768
10152 768
10212 728
10276 704
10336 668
10404 632
10468 590
10528 547
10592 508
10656 463
10716 415
10780 376
10840 327
10904 286
10964 241
11028 199
11088 163
11152 127
11212 97
11276 71
11336 51
11404 31
11468 24
11532 15
11592 15
11656 24
11716 31
11780 48
11840 63
11904 92
11964 121
12028 156
12088 192
12152 231
12212 275
12276 319
12336 368
12400 415
12468 462
12532 504
12592 543
12656 588
12716 624
12780 664
12840 696
12904 719
12964 743
13028 768
13088 782
13152 792
13216 799
13276 792
13340 783
13400 768
13468 743
13532 719
13592 696
13656 664
13716 625
13780 588
13840 543
13904 504
13968 463
14028 415
14092 376
14152 319
14216 284
14276 240
14340 199
14400 159
14468 126
14532 96
14592 67
14656 48
14720 31
14780 24
14844 15
14904 15
14968 24
15028 31
15092 48
15152 63
15216 96
15276 124
15340 158
15400 193
15464 231
15532 284
15596 319
15656 371
15720 415
15780 463
15844 508
15904 543
15968 590
15024 31
15088 48
15148 63
15216 92
15280 124
15340 158
15404 193
15464 231
15528 280
15592 319
15652 368
15716 412
15776 455
15840 504
15900 543
15964 583
16024 624
16088 655
16148 696
16212 719
16280 743
16344 768
16404 783
16468 792
16528 799
16592 792
16652 783
16716 768
16776 748
16840 728
16900 696
16964 668
17024 632
17088 591
17148 551
17212 510
17280 463
17344 415
17404 376
17468 319
17528 284
17592 240
17652 199
17716 159
17776 127
17840 96
17900 71
17964 49
18028 33
18088 24
18152 15
18212 15
18280 24
18344 31
18404 48
18468 63
18528 96
18592 124
18652 159
18716 195
18780 236
18840 280
18904 319
18964 368
19028 414
19088 455
19152 504
19212 543
19276 583
19344 625
19404 664
19468 696
19532 719
19592 748
19656 768
19716 783
19780 792
19840 799
19904 792
19964 783
20028 768
20088 748
20152 728
20212 696
20276 664
20344 624
20408 583
20468 543
20532 504
20592 462
20656 415
20716 368
20780 319
20840 280
20904 240
20964 199
21028 159
21088 127
21152 96
21212 71
21276 49
21344 31
21408 24
21468 15
21532 15
21592 24
21656 31
21716 48
21780 67
21840 96
21904 126
21964 159
22028 195
22092 240
22152 280
22216 319
22276 368
22340 415
22408 463
22468 508
22532 551
22592 591
22656 632
22716 664
22780 696
22844 728
22904 748
22968 768
23028 783
23092 792
23152 799
23216 792
23276 783
23340 768
23408 743
23468 719
23532 696
23596 655
23656 624
23720 583
23780 543
23844 504
23904 455
23968 415
24028 368
24092 319
24152 280
24216 240
24276 195
24340 159
24400 120
24472 94
24532 63
24596 48
24656 31
24720 24
24780 15
24844 15
24904 24
24968 31
25028 49
25092 71
25152 96
25216 126
25280 159
25340 199
25404 240
25472 287
25532 327
25596 384
25656 423
25720 465
25780 510
25844 551
25904 591
25968 632
26032 668
26092 704
26156 728
26216 752
26280 768
26340 783
26404 792
26472 799
26532 792
26596 780
26656 768
26720 743
26784 719
26844 689
26908 655
26968 624
27032 575
27092 543
27156 504
27216 455
27280 412
27340 368
27404 319
27464 280
27532 231
27596 192
27660 156
27720 120
27784 92
27844 63
27908 48
27968 31
28032 24
28092 15
28156 15
28216 24
28280 31
28340 49
28404 71
28464 96
28536 127
28596 163
28660 204
28720 248
28784 287
28844 327
28908 384
28968 423
29032 472
29092 511
29156 551
29216 591
29280 632
29344 668
29404 704
29468 728
29536 768
29596 769
29660 783
29720 796
29784 798
29844 792
29908 780
29968 768
30032 743
30096 718
30156 688
30220 655
30280 620
30344 575
30404 542
30468 497
30528 455
30596 408
30660 359
30720 316
30784 271
30848 227
30908 192
30972 152
30024 743
30088 719
30148 696
30212 664
30272 624
30336 583
30396 543
30460 504
30528 455
30592 412
30652 368
30716 319
30776 280
30840 231
30900 193
30964 158
31024 124
31088 96
31148 63
31212 48
31272 31
31336 24
31400 15
31460 15
31528 24
31592 31
31652 49
31716 71
31776 97
31840 127
31900 159
31964 199
32024 241
32088 286
32152 327
32212 376
32276 419
32336 463
32400 508
32460 551
32524 591
32592 632
32652 668
32716 704
32776 728
32840 768
32904 768
32964 783
33028 793
33088 799
33152 792
33212 780
33276 768
33336 743
33400 719
33460 696
33524 655
33592 615
33652 575
33716 540
33780 496
33840 455
33904 408
33964 364
34028 319
34088 271
34152 231
34212 192
34276 156
34336 124
34400 92
34460 63
34524 48
34584 31
34656 24
34716 15
34780 15
34840 24
34904 35
34964 51
35028 71
35088 97
35152 127
35212 163
35276 199
35336 243
35400 287
35464 327
35524 384
35588 419
35656 472
35716 513
35780 556
35840 600
35904 636
35964 670
36028 704
36088 728
36152 768
36216 769
36276 783
36340 796
36400 798
36464 792
36524 780
36588 768
36656 739
36716 716
36780 688
36840 654
36904 615
36968 575
37028 537
37092 496
37152 451
37216 408
37276 359
37340 316
37400 271
37464 231
37524 192
37588 156
37648 120
37716 88
37780 63
37844 46
37904 31
37968 24
38028 15
38092 15
38152 24
38216 35
38276 56
38340 71
38400 99
38464 127
38524 167
38588 199
38652 248
38720 287
38780 335
38844 384
38904 428
38968 472
39028 515
39092 560
39152 600
39216 636
39276 671
39340 704
39404 728
39464 768
39528 769
39588 783
39652 796
39720 798
39780 792
39844 775
39904 768
39968 739
40028 711
40092 688
40156 652
40216 615
40280 575
40340 536
40404 496
40464 449
40528 408
40588 359
40652 316
40712 271
40780 225
40844 188
40908 152
40968 115
41032 88
41092 63
41156 46
41216 31
41280 24
41340 15
41404 17
41464 24
41528 35
41588 56
41652 71
41712 99
41784 127
41844 167
41908 207
41968 252
42032 291
42092 335
42156 384
42216 432
42280 476
42340 515
42404 560
42464 600
42528 638
42588 671
42652 704
42716 732
42776 768
42840 771
42904 783
42968 796
43028 798
43092 792
43152 775
43216 768
43276 739
43340 716
43400 688
43464 654
43524 615
43588 575
43648 536
43712 496
43772 451
43844 399
43904 355
43968 312
44028 255
44092 225
44152 192
44216 152
44276 115
44340 88
44400 63
44464 46
44524 31
44588 24
44648 15
44712 17
44776 24
44844 35
44904 56
44968 78
45028 103
45092 127
45152 167
45216 207
45276 252
45340 291
45400 335
45464 384
45528 432
45588 476
45652 515
45712 560
45776 600
45836 638
45904 671
45968 705
45024 103
45088 127
45148 167
45212 207
45272 252
45336 287
45396 335
45460 384
45520 432
45584 472
45644 515
45708 560
45768 600
45832 636
45900 671
45964 704
46024 736
46088 768
46148 771
46212 783
46272 796
46336 798
46396 792
46460 775
46520 768
46584 739
46644 711
46708 688
46772 652
46832 615
46896 574
46964 531
47024 487
47088 448
47148 399
47212 353
47272 312
47336 255
47396 224
47460 188
47524 152
47584 115
47648 88
47708 63
47772 44
47832 31
47896 24
47964 15
48024 17
48088 28
48148 39
48212 56
48276 78
48336 103
48400 135
48460 172
48524 207
48584 252
48648 295
48708 335
48772 384
48832 432
48896 476
48964 519
49024 568
49088 604
49152 639
49212 671
49276 705
49336 736
49400 768
49460 771
49524 783
49584 796
49648 798
49708 792
49772 775
49832 768
49896 737
49956 711
50028 679
50088 639
50152 609
50212 572
50276 527
50336 487
50400 448
50460 399
50524 352
50584 312
50648 255
50708 224
50772 184
50836 147
50896 113
50960 88
51028 62
51088 39
51152 30
51212 24
51276 15
51336 17
51400 28
51460 39
51524 56
51588 79
51648 103
51712 135
51772 174
51836 211
51896 254
51960 295
52028 344
52088 391
52152 440
52212 480
52276 524
52340 568
52400 608
52464 639
52524 675
52588 705
52648 736
52712 768
52772 775
52836 783
52896 796
52960 796
53020 792
53088 775
53152 768
53216 736
53276 707
53340 679
53400 639
53464 608
53524 572
53588 527
53648 483
53712 448
53772 398
53836 352
53896 305
53960 255
54024 224
54092 177
54152 143
54216 112
54276 79
54340 60
54400 39
54464 28
54524 19
54588 15
54648 19
54712 28
54776 39
54836 56
54900 79
54960 103
55024 135
55084 176
55148 216
55212 255
55272 295
55336 344
55400 391
55460 440
55524 480
55584 519
55648 568
55708 608
55772 639
55832 671
55896 705
55956 736
56020 768
56080 771
56148 792
56212 796
56276 796
56336 792
56400 775
56460 768
56524 736
56584 711
56648 679
56708 639
56772 608
56832 572
56896 527
56956 487
57020 448
57080 398
57152 348
57212 304
57276 255
57336 220
57400 179
57460 143
57524 112
57584 81
57648 60
57708 39
57772 30
57832 24
57896 15
57960 17
58020 28
58084 39
58144 56
58212 79
58276 110
58336 142
58400 177
58460 216
58524 255
58584 304
58648 348
58712 391
58772 440
58836 481
58896 526
58960 568
59020 608
59084 639
59144 675
59212 711
59276 736
59336 768
59400 775
59464 792
59524 796
59588 796
59648 792
59712 775
59772 768
59836 736
59896 707
59960 679
60020 639
60084 608
60144 568
60208 524
60276 480
60340 440
60400 391
60464 344
60524 304
60588 255
60648 216
60712 177
60772 143
60836 112
60896 79
60960 60
60028 639
60096 604
60160 561
60220 519
60284 480
60344 433
60408 387
60468 344
60532 295
60592 255
60656 216
60716 176
60780 135
60840 103
60904 79
60964 60
61028 39
61088 28
61160 17
61220 15
61284 19
61344 30
61408 39
61468 60
61532 83
61592 112
61656 143
61716 184
61780 224
61840 255
61904 305
61968 352
62028 398
62092 448
62160 487
62220 536
62284 575
62344 611
62408 639
62468 684
62532 711
62592 737
62656 768
62720 775
62780 792
62844 796
62904 796
62968 783
63028 771
63092 768
63160 732
63220 704
63284 671
63344 638
63408 600
63472 560
63532 519
63596 480
63656 432
63720 385
63780 344
63844 295
63904 255
63968 216
64028 176
64092 135
64152 103
64220 78
64284 56
64348 39
64408 28
64472 17
64532 15
64596 24
64656 30
64720 39
64780 62
64844 88
64904 112
64968 143
65028 184
65092 224
65156 255
65224 312
65284 355
65348 399
65408 448
65472 492
65532 536
65596 575
65656 615
65720 652
65780 688
65844 711
65908 739
65968 768
66032 775
66092 792
66156 798
66216 796
66280 783
66344 771
66404 768
66468 732
66532 704
66592 671
66656 639
66716 600
66780 560
66840 519
66904 480
66964 432
67028 387
67088 344
67152 295
67212 255
67280 207
67344 167
67408 135
67468 103
67532 78
67592 56
67656 39
67716 28
67780 17
67840 15
67904 24
67964 30
68028 39
68088 62
68152 88
68212 112
68284 152
68344 188
68408 224
68468 255
68532 312
68592 355
68656 399
68716 448
68780 492
68840 536
68904 575
68964 615
69028 639
69092 684
69152 711
69216 737
69276 768
69344 775
69408 792
69468 798
69532 796
69592 783
69656 771
69716 768
69780 732
69844 704
69904 671
69968 638
70028 600
70092 560
70152 519
70216 476
70276 432
70344 384
70408 335
70468 287
70532 248
70596 207
70656 167
70720 127
70780 103
70844 78
70904 56
70968 35
71028 28
71092 17
71152 15
71216 24
71276 30
71340 46
71408 63
71472 88
71532 120
71596 152
71656 192
71720 227
71780 255
71844 312
71904 355
71968 403
72028 448
72092 494
72152 536
72216 575
72280 615
72340 652
72408 688
72472 719
72532 743
72596 768
72656 780
72720 792
72780 798
72844 796
72904 783
72968 769
73032 768
73092 728
73156 708 207
73968 167
74032 127
7 600
73408 551
73472 512
73532 472
73596 423
73656 384
73720 335
73784 287
73844 248
73908 207
73968 167
74032 127
74092 103
74156 76
74216 56
74280 35
74340 25
74404 17
74472 15
74532 24
74596 31
74660 46
74720 63
74784 88
74844 120
74908 152
74968 192
75032 227
75092 271
75156 316
75216 359
75280 408
75340 449
75404 496
75472 542
75536 575
75596 622
75660 655
75720 689
75784 719
75844 743
75908 768
75968 780
75024 224
75088 255
75148 316
75220 359
75280 408
75344 449
75404 496
75468 536
75528 575
75592 615
75652 654
75716 688
75776 716
75840 739
75904 768
75964 775
76028 792
76088 798
76152 796
76220 783
76280 769
76344 768
76404 728
76468 704
76528 670
76592 636
76656 600
76716 560
76780 513
76840 472
76904 428
76964 384
77028 335
77088 291
77152 252
77220 206
77280 167
77344 127
77408 99
77468 71
77532 56
77592 35
77656 24
77716 17
77780 15
77840 24
77904 31
77964 44
78028 63
78088 88
78152 115
78212 152
78280 192
78344 227
78404 271
78468 316
78532 359
78592 408
78656 451
78716 496
78780 540
78840 575
78904 615
78964 655
79028 688
79088 718
79152 743
79212 768
79280 780
79344 792
79408 799
79468 792
79532 783
79592 768
79656 768
79716 728
79780 704
79840 670
79904 632
79964 600
80028 556
80088 512
80152 472
80216 423
80284 384
80344 327
80408 287
80468 248
80532 204
80592 167
80656 127
80716 99
80780 71
80840 56
80904 35
80968 24
81028 17
81092 15
81152 24
81216 31
81276 44
81344 63
81408 92
81468 120
81532 156
81592 192
81656 231
81720 271
81780 318
81844 359
81904 408
81968 451
82028 496
82092 540
82152 575
82216 620
82276 655
82344 696
82408 719
82472 743
82532 768
82596 782
82656 792
82720 799
82780 792
82844 783
82904 768
82968 768
83028 728
83092 704
83152 668
83216 632
83276 591
83340 547
83408 508
83472 463
83532 419
83596 384
83656 327
83720 286
83780 243
83844 199
83904 163
83968 127
84028 99
84092 71
84152 56
84216 35
84280 24
84340 15
84408 15
84472 24
84532 31
84596 48
84656 63
84720 92
84780 120
84844 156
84904 192
84968 231
85032 271
85092 319
85156 364
85216 412
85280 455
85340 497
85408 543
85472 583
85532 624
85596 664
85656 696
85720 719
85784 743
85844 768
85908 782
85968 792
86032 799
86092 792
86156 783
86216 768
86280 752
86340 728
86404 704
86472 664
86536 625
86596 590
86660 543
86720 508
86784 463
86844 415
86908 376
86968 327
87032 284
87092 241
87156 199
87216 159
87280 127
87340 97
87404 71
87472 49
87536 31
87596 24
87660 15
87720 15
87784 24
87844 31
87908 48
87968 63
88032 94
88092 124
88156 158
88220 193
88280 231
88344 280
88404 319
88472 369
88536 415
88596 463
88660 504
88720 543
88784 588
88844 625
88908 664
88972 696
89032 719
89096 748
89156 768
89220 783
89280 792
89344 799
89404 792
89468 783
89536 768
89596 743
89660 719
89724 696
89784 664
89848 624
89908 588
89972 543
90032 504
90096 462
90156 415
90220 369
90280 319
90344 284
90404 240
90468 199
90536 159
90600 126
90660 96
90724 67
90784 48
90848 31
90908 24
90972 15
90028 504
90092 463
90152 415
90216 371
90276 319
90344 280
90408 238
90468 195
90532 159
90592 124
90656 96
90720 67
90780 48
90844 31
90904 24
90968 15
91028 15
91092 24
91152 31
91216 48
91276 63
91344 96
91408 127
91472 159
91532 199
91596 240
91656 284
91720 319
91780 376
91844 415
91904 463
91968 508
92028 543
92092 590
92152 632
92216 664
92276 696
92340 719
92404 748
92468 768
92532 783
92592 792
92656 799
92716 792
92780 782
92840 768
92904 743
92964 719
93028 696
93088 664
93152 624
93212 588
93276 543
93336 504
93408 455
93468 414
93532 368
93592 319
93656 280
93716 238
93780 195
93840 159
93904 126
93964 96
94028 67
94088 48
94152 31
94216 24
94276 15
94340 15
94408 24
94468 31
94532 49
94592 71
94656 96
94716 127
94780 159
94840 199
94904 240
94968 284
95028 319
95092 376
95152 415
95216 463
95276 508
95340 547
95400 590
95468 632
95532 668
95592 704
95656 728
95720 768
95780 768
95844 783
95904 792
95968 799
96028 792
96092 782
96152 768
96216 743
96276 719
96340 696
96400 664
96468 622
96532 575
96596 542
96656 497
96720 455
96780 412
96844 368
96904 319
96968 280
97028 231
97092 193
97152 158
97216 124
97276 96
97340 63
97400 48
97464 31
97532 24
97596 15
97656 15
97720 24
97780 31
97844 49
97904 71
97968 96
98028 127
98092 159
98152 199
98216 241
98280 284
98340 327
98404 376
98464 415
98532 472
98596 512
98656 551
98720 591
98780 632
98844 668
98904 704
98968 728
99032 768
99092 768
99156 783
99216 792
99280 799
99340 792
99404 780
99464 768
99532 743
99596 718
99656 688
99720 655
99784 615
99844 575
99908 540
99968 496
100032 455
100092 408
100156 359
100216 319
100280 271
100340 231
100404 192
100464 156
100528 124
100596 92
100660 63
100720 48
100784 31
100844 24
100908 15
100968 15
101032 24
101092 35
101156 49
101216 71
101280 97
101340 127
101404 163
101468 199
101528 243
101596 287
101660 335
101720 384
101784 423
101844 472
101908 513
101968 556
102032 600
102092 636
102156 670
102220 704
102280 728
102344 768
102404 769
102468 783
102528 796
102596 798
102660 792
102720 775
102784 768
102844 739
102908 718
102968 688
103032 655
103096 615
103156 575
103220 540
103280 496
103344 451
103404 408
103468 359
103528 318
103592 271
103660 227
103720 192
103784 152
103848 120
103908 88
103972 63
104032 48
104096 31
104156 24
104220 15
104280 15
104344 24
104404 35
104468 51
104528 71
104592 99
104660 127
104724 167
104784 207
104848 248
104908 287
104972 335
105032 384
105096 428
105156 472
105220 515
105280 560
105344 600
105404 636
105468 671
105528 704
105592 732
105656 768
105724 771
105784 783
105848 796
105908 798
105972 792
105028 384
105092 423
105152 472
105216 512
105276 551
105340 591
105400 632
105464 668
105524 704
105588 728
105656 768
105720 769
105780 783
105844 796
105904 798
105968 792
106028 775
106092 768
106152 743
106216 718
106276 688
106340 655
106400 620
106464 575
106528 540
106588 496
106656 449
106720 408
106780 359
106844 316
106904 271
106968 227
107028 192
107092 152
107152 120
107216 88
107280 63
107340 48
107404 31
107464 24
107528 15
107588 15
107652 24
107720 35
107780 56
107844 71
107904 99
107968 127
108032 167
108092 207
108156 248
108216 287
108280 335
108340 384
108404 423
108464 472
108528 512
108588 556
108652 600
108720 638
108780 671
108844 704
108908 732
108968 768
109032 771
109092 783
109156 796
109216 798
109280 792
109340 775
109404 768
109464 739
109528 716
109588 688
109652 655
109720 611
109784 575
109844 536
109908 492
109968 448
110032 399
110092 355
110156 312
110216 255
110280 225
110340 192
110404 152
110464 120
110528 88
110592 63
110652 46
110716 31
110784 24
110844 15
110908 17
110968 24
111032 35
111092 56
111156 71
111216 103
111280 127
111344 167
111404 207
111468 248
111528 287
111592 335
111652 384
111716 430
111784 480
111844 519
111908 560
111968 601
112032 639
112096 671
112156 704
112220 736
112280 768
112344 771
112404 783
112468 796
112528 798
112592 792
112652 775
112716 768
112784 737
112848 711
112908 679
112972 639
113032 611
113096 574
113156 531
113220 487
113280 448
113344 399
113404 355
113468 312
113528 255
113592 225
113652 188
113716 152
113780 120
113848 88
113908 62
113972 39
114032 30
114096 24
114156 15
114220 17
114280 28
114344 35
114404 56
114468 78
114532 103
114592 127
114656 167
114716 207
114780 252
114848 295
114908 344
114972 387
115032 433
115096 480
115156 519
115220 568
115284 604
115344 639
115408 671
115468 704
115532 736
115592 768
115656 771
115716 783
115780 796
115840 796
115908 792
115972 775
116036 768
116096 736
116160 711
116220 679
116284 639
116344 609
116408 572
116468 527
116532 487
116592 448
116656 399
116716 352
116780 312
116840 255
116912 220
116972 184
117036 143
117096 112
117160 83
117220 60
117284 39
117344 30
117408 24
117468 15
117532 17
117592 28
117656 39
117716 56
117780 79
117844 103
117912 140
117972 176
118036 216
118096 255
118160 300
118220 344
118284 391
118344 440
118408 480
118468 524
118532 568
118596 608
118656 639
118720 671
118780 707
118844 736
118904 768
118972 775
119036 792
119096 798
119160 796
119220 792
119284 775
119348 768
119408 736
119472 711
119532 679
119596 639
119656 608
119720 572
119780 527
119844 487
119904 448
119972 391
120036 348
120100 304
120160 255
120224 220
120284 177
120348 143
120408 112
120472 81
120532 60
120596 39
120656 28
120720 19
120780 15
120844 19
120904 28
120976 39
