24 896
236 896
448 896
664 888
876 881
1092 880
1304 871
1516 867
1732 864
1944 856
2160 847
2372 839
2584 831
2796 824
3016 816
3228 803
3440 796
3652 783
3864 771
4084 768
4296 768
4508 736
4720 728
4932 707
5152 696
5364 679
5576 668
5788 652
6000 638
6220 620
6432 608
6644 590
6856 574
7068 558
7284 540
7496 524
7708 508
7920 487
8140 472
8352 455
8564 440
8776 419
8988 403
9208 384
9420 368
9632 352
9844 335
10056 319
10276 304
10488 287
10700 271
10912 255
11124 240
11344 224
11556 207
11768 195
11980 184
12192 167
12408 156
12620 143
12836 127
13048 120
13264 108
13476 97
13688 88
13900 79
14116 71
14332 63
14544 56
14756 49
14968 46
15184 39
15400 35
15612 31
15824 30
16036 28
16248 24
16468 24
16680 19
16892 19
17104 24
17324 24
17536 28
17748 30
17960 31
18172 35
18392 39
18604 48
18816 51
19028 60
19240 63
19460 71
19672 79
19884 92
20096 99
20308 112
20528 124
20740 127
20952 143
21164 159
21376 167
21596 188
21808 199
22020 216
22232 227
22448 248
22664 255
22876 280
23088 287
23300 312
23516 319
23728 344
23944 359
24156 384
24368 391
24584 412
24796 428
25008 448
25224 463
25436 480
25652 497
25864 513
26076 531
26288 543
26504 568
26720 575
26932 600
27144 611
27356 632
27576 639
27788 664
28000 671
28212 688
28424 704
28644 718
28856 732
29068 743
29280 768
29492 768
29712 780
29924 792
30136 799
30348 812
30560 824
30780 830
30992 831
31204 846
31416 856
31628 860
31848 865
32060 871
32272 876
32484 880
32704 888
32916 896
33128 896
33340 896
33552 896
33772 896
33984 896
34196 888
34408 880
34620 880
34836 871
35052 865
35264 864
35476 856
35688 847
35904 839
36120 831
36332 824
36544 816
36756 799
36976 793
37188 782
37400 771
37612 768
37828 748
38040 736
38256 719
38468 705
38680 696
38896 679
39108 664
39320 639
39536 632
39748 615
39964 600
40176 583
40388 568
40600 551
40816 536
41032 519
41244 504
41456 487
41668 472
41884 451
42100 433
42312 415
42524 399
42736 384
42956 368
43168 352
43380 327
43592 316
43804 295
44024 284
44236 255
44448 252
44660 236
44872 224
45092 207
45304 192
45516 177
45728 163
45940 152
46160 135
46372 127
46584 120
46796 103
47008 96
47228 88
47440 79
47652 71
47864 63
48084 56
48296 48
48508 44
48720 39
48932 31
49148 31
49364 28
49576 25
49788 24
50000 24
50216 19
50428 24
50644 24
50856 24
51068 28
51284 30
51496 31
51708 35
51924 39
52140 48
52352 56
52564 60
52776 63
52988 71
53208 83
53420 96
53632 103
53844 112
54056 126
54276 135
54488 152
54500 152
54712 159
54932 176
55144 192
55356 204
55568 220
55788 231
56000 248
56212 255
56424 280
56636 295
56856 312
57068 327
57280 348
57492 359
57704 384
57924 399
58136 415
58348 432
58560 449
58772 467
58992 483
59204 504
59416 519
59628 536
59840 551
60056 568
60272 583
60484 600
60696 615
60912 632
61124 639
61336 664
61548 679
61764 696
61980 705
62192 719
62404 736
62616 748
62832 768
63048 771
63260 783
63472 796
63684 799
63896 816
64116 824
64328 831
64540 839
64752 847
64964 856
65184 864
65396 867
65608 871
65820 880
66040 880
66252 888
66464 896
66676 896
66888 896
67108 896
67320 896
67532 896
67744 888
67956 880
68176 876
68388 871
68600 864
68812 860
69024 856
69244 846
69456 831
69668 830
69880 824
70092 812
70308 799
70520 792
70732 780
70944 768
71164 768
71376 743
71588 732
71800 718
72012 704
72232 688
72444 671
72656 655
72868 639
73080 632
73300 611
73512 600
73724 575
73936 568
74148 543
74368 531
74580 515
74792 497
75004 481
75216 463
75432 448
75648 432
75860 412
76072 391
76288 384
76500 359
76712 344
76928 327
77140 312
77356 295
77568 280
77780 255
77992 248
78208 231
78424 216
78636 199
78848 192
79060 176
79276 159
79492 152
79704 135
79916 126
80128 113
80348 103
80560 96
80772 88
80984 71
81200 63
81416 60
81628 56
81840 48
82052 39
82264 35
82484 31
82696 31
82908 28
83120 24
83332 24
83552 24
83764 19
83976 24
84188 24
84400 24
84620 28
84832 31
85044 31
85256 39
85476 39
85688 48
85900 56
86112 63
86324 67
86544 79
86756 88
86968 96
87180 103
87392 120
87612 127
87824 140
88036 152
88248 163
88460 177
88680 192
88892 207
89104 224
89316 240
89528 254
89748 255
89960 286
90172 302
90384 318
90600 334
90812 352
91024 368
91240 384
91452 399
91668 415
91880 440
92092 455
92304 472
92520 487
92736 508
92948 524
93160 540
93372 556
93588 572
93804 590
94016 608
94228 624
94440 638
94652 652
94872 668
95084 679
95296 696
95508 711
95728 728
95940 737
96152 768
96364 768
96576 775
96796 783
97008 798
97220 807
97432 816
97644 828
97864 831
98076 839
98288 847
98500 856
98712 864
98932 867
99144 871
99356 880
99568 881
99780 888
100000 896
100212 896
100424 896
100636 896
100852 896
101068 888
101280 888
101492 880
101704 876
101920 871
102132 864
102348 857
102560 847
102772 844
102988 831
103200 828
103412 817
103628 807
103840 799
104056 783
104268 775
104480 768
104692 768
104908 739
105124 728
105336 711
105548 704
105760 688
105980 671
106192 655
106404 639
106616 624
106828 608
107048 591
107260 575
107472 560
107684 543
107896 527
108116 511
108328 496
108540 480
108752 460
108964 448
108984 440
109204 423
109416 408
109628 387
109840 369
110052 353
110272 335
110484 319
110696 304
110908 287
111120 271
111340 255
111552 241
111764 225
111976 216
112188 195
112408 184
112620 167
112832 158
113044 143
113260 127
113476 120
113688 112
113900 99
114112 92
114328 79
114540 71
114756 63
114968 60
115180 51
115396 48
115608 39
115820 35
116036 31
116248 30
116464 28
116676 24
116888 24
117100 19
117316 19
117532 24
117744 24
117956 28
118168 30
118388 31
118600 35
118812 39
119024 46
119236 49
119456 56
119668 63
119880 71
120092 79
120304 88
120524 99
120736 112
120948 120
121160 127
121372 143
121592 158
121804 167
122016 184
122228 195
122440 211
122660 227
122872 241
123084 255
123296 271
123516 287
123728 305
123940 319
124152 335
124364 355
124584 376
124796 391
125008 408
125220 423
125432 448
125648 462
125864 480
126076 496
126288 512
126500 527
126716 543
126928 561
127144 575
127356 591
127568 609
127784 625
127996 639
128208 655
128424 671
128640 688
128852 704
129064 711
129276 728
129488 743
129708 768
129920 768
130132 775
130344 792
130556 799
130776 807
130988 824
131200 830
131412 831
131624 846
131844 856
132056 860
132268 864
132480 871
132692 876
132912 880
133124 888
133336 888
133548 896
133768 896
133980 896
134192 896
134404 896
134616 888
134836 880
135048 880
135260 871
135472 867
135684 864
135904 856
136116 847
136328 839
136540 831
136752 824
136972 816
137184 799
137396 796
137608 783
137820 771
138036 768
138248 750
138460 736
138672 719
138892 707
139104 696
139316 679
139528 668
139740 639
139960 636
140172 620
140384 604
140596 588
140808 572
141028 556
141240 540
141452 519
141664 508
141876 487
142096 472
142308 455
142520 440
142732 415
142944 399
143164 384
143376 368
143588 352
143800 335
144020 318
144232 304
144444 286
144656 270
144868 255
145088 240
145300 224
145512 207
145724 193
145936 184
146156 167
146368 156
146580 142
146792 127
147004 120
147224 103
147436 96
147648 88
147860 79
148076 71
148288 63
148504 56
148716 49
148928 46
149144 39
149356 35
149568 31
149784 30
149996 28
150212 24
150424 24
150636 19
150848 19
151064 24
151280 24
151492 28
151704 30
151916 31
152132 35
152348 39
152560 48
152772 51
152984 60
153204 63
153416 71
153628 79
153840 92
154052 99
154272 112
154484 124
154696 127
154908 145
155120 159
155340 176
155552 192
155764 199
155976 216
156188 231
156408 248
156620 255
156832 280
157044 291
157256 312
157476 319
157688 344
157900 359
158112 384
158332 391
158544 412
158756 432
158968 448
159180 463
159396 481
159612 499
159824 515
160036 536
160248 547
160464 568
160676 575
160892 600
161104 615
161316 632
161532 639
161744 664
161956 671
162172 689
162384 704
162600 719
162812 736
163024 743
163236 768
163456 768
163472 769
163684 783
163900 792
164112 799
164324 816
164540 824
164756 831
164968 839
165180 847
165392 856
165608 864
165820 865
166036 871
166248 880
166460 880
166676 888
166888 896
167100 896
167316 896
167528 896
167744 896
167956 896
168168 888
168380 880
168600 876
168812 871
169024 865
169236 860
169448 856
169668 847
169880 831
170092 831
170304 824
170516 812
170736 799
170948 792
171160 780
171372 768
171584 768
171804 743
172016 736
172228 719
172440 704
172652 689
172872 671
173084 664
173296 639
173508 632
173728 615
173940 600
174152 575
174364 568
174576 551
174796 536
175008 515
175220 504
175432 481
175644 463
175864 448
176076 432
176288 415
176500 396
176712 384
176928 359
177144 344
177356 327
177568 312
177780 295
177996 280
178208 255
178424 248
178636 231
178852 220
179064 204
179276 192
179488 176
179704 159
179920 152
180132 135
180344 127
180556 113
180768 103
180988 96
181200 88
181412 78
181624 63
181836 62
182056 56
182268 48
182480 39
182692 39
182904 31
183124 31
183336 28
183548 24
183760 24
183980 24
184192 19
184404 24
184616 24
184828 24
185048 28
185260 31
185472 31
185684 39
185896 39
186116 48
186328 56
186540 62
186752 63
186964 78
187184 88
187396 96
187608 103
187820 113
188032 127
188252 135
188464 152
188676 163
188888 176
189104 192
189316 207
189528 224
189744 231
189956 252
190172 255
190384 284
190600 295
190812 316
191024 327
191240 352
191456 368
191668 384
191880 399
192092 415
192308 435
192520 451
192736 472
192948 487
193160 504
193376 519
193588 540
193800 551
194016 572
194232 588
194444 604
194656 620
194868 636
195080 639
195300 664
195512 679
195724 696
195936 707
196148 719
196368 736
196580 752
196792 768
197004 771
197216 783
197436 796
197648 803
197860 816
198072 824
198292 831
198504 839
198716 847
198928 856
199140 864
199360 867
199572 871
199784 880
199996 881
200208 888
200428 896
200640 896
200852 896
201064 896
201276 896
201496 888
201708 888
201920 880
202132 876
202344 871
202564 864
202776 860
202988 856
203200 846
203416 831
203628 828
203840 824
204056 807
204268 799
204484 792
204696 775
204908 768
205120 768
205336 743
205552 728
205764 711
205976 704
206188 688
206404 671
206620 655
206832 639
207044 625
207256 609
207468 591
207688 575
207900 561
208112 543
208324 527
208544 512
208756 496
208968 480
209180 463
209392 448
209612 423
209824 412
210036 391
210248 384
210460 359
210680 344
210892 319
211104 312
211316 291
211528 280
211748 255
211960 248
212172 231
212384 216
212596 199
212816 192
213028 176
213240 159
213452 145
213668 127
213884 124
214096 112
214308 99
214520 92
214736 81
214948 71
215164 63
215376 60
215588 56
215804 48
216016 39
216228 35
216444 31
216656 31
216872 28
217084 24
217296 24
217508 24
217724 17
217940 24
217960 24
218176 24
218392 25
218604 28
218816 31
219028 33
219248 39
219460 44
219672 48
219884 56
220096 63
220312 71
220528 79
220740 88
220952 96
221168 108
221380 120
221592 127
221804 143
222020 156
222236 167
222448 184
222660 195
222872 207
223088 224
223304 240
223516 255
223728 271
223940 287
224152 304
224372 319
224584 335
224796 352
225008 369
225220 387
225440 408
225652 423
225864 440
226076 455
226296 476
226508 494
226720 511
226932 527
227144 543
227364 560
227576 575
227788 591
228000 608
228212 624
228432 639
228644 655
228856 671
229068 686
229280 704
229500 711
229712 728
229924 739
230136 768
230348 768
230568 775
230780 792
230992 799
231204 807
231420 817
231632 828
231848 831
232060 844
232272 856
232488 860
232700 864
232912 871
233128 876
233340 880
233556 881
233768 888
233980 896
234192 896
234408 896
234624 896
234836 896
235048 888
235260 881
235476 880
235692 871
235904 867
236116 864
236328 856
236548 847
236760 839
236972 831
237184 825
237396 816
237616 807
237828 796
238040 783
238252 775
238464 768
238684 768
238896 736
239108 728
239320 711
239532 696
239752 679
239964 668
240176 654
240388 638
240600 624
240820 608
241032 590
241244 574
241456 560
241676 542
241888 526
242100 508
242312 492
242524 476
242740 455
242956 440
243168 419
243380 408
243592 385
243808 368
244020 352
244236 335
244448 319
244660 304
244876 287
245088 271
245300 255
245516 240
245728 224
245944 207
246156 195
246368 184
246580 167
246800 156
247012 143
247224 127
247436 120
247648 110
247868 97
248080 88
248292 79
248504 71
248716 63
248936 56
249148 49
249360 46
249572 39
249784 35
250004 31
250216 30
250428 28
250640 24
250852 24
251072 19
251284 19
251496 24
251708 24
251928 28
252140 30
252352 31
252564 35
252776 39
252996 46
253208 51
253420 60
253632 63
253844 71
254060 79
254276 92
254488 99
254700 112
254912 120
255128 127
255340 143
255556 159
255768 167
255984 184
256196 199
256408 216
256620 227
256836 243
257052 255
257264 275
257476 287
257688 307
257900 319
258120 344
258332 355
258544 384
258756 391
258968 408
259188 428
259400 448
259612 463
259824 480
260036 496
260256 513
260468 527
260680 543
260892 561
261112 575
261324 595
261536 611
261748 632
261960 639
262180 655
262392 671
262604 688
262816 704
263028 716
263248 732
263460 743
263672 768
263884 768
264096 780
264316 792
264528 799
264740 812
264952 824
265164 830
265384 831
265596 847
265808 856
266020 860
266236 865
266448 871
266660 876
266876 880
267088 888
267304 896
267516 896
267728 896
267940 896
268156 896
268372 896
268584 888
268796 880
269008 880
269224 871
269440 867
269652 864
269864 856
270076 847
270288 839
270508 831
270720 824
270932 816
271144 799
271364 796
271576 783
271788 771
272000 768
272212 748
272432 736
272452 736
272664 719
272876 705
273088 696
273300 679
273520 664
273732 639
273944 632
274156 615
274376 600
274588 583
274800 568
275012 551
275224 536
275440 519
275656 504
275868 487
276080 472
276292 451
276508 433
276720 415
276936 399
277148 384
277360 368
277576 352
277788 327
278000 316
278216 300
278428 284
278644 255
278856 252
279068 238
279280 224
279500 207
279712 192
279924 177
280140 163
280352 152
280568 135
280780 127
280992 120
281204 103
281420 96
281636 88
281848 79
282060 71
282272 63
282488 56
282704 48
282916 39
283128 39
283340 35
283552 31
283772 30
283984 25
284196 24
284408 24
284628 19
284840 19
285052 24
285264 24
285476 28
285696 30
285908 31
286120 35
286332 39
286544 48
286764 56
286976 60
287188 63
287400 71
287612 83
287832 96
288044 103
288256 112
288468 124
288680 135
288900 152
289112 159
289324 176
289536 192
289752 199
289968 217
290180 231
290392 248
290604 255
290820 280
291032 295
291248 312
291460 327
291672 344
291888 359
292100 384
292312 396
292528 415
292740 432
292956 448
293168 463
293380 483
293592 504
293812 519
294024 536
294236 551
294448 568
294660 575
294880 600
295092 615
295304 632
295516 639
295728 664
295948 675
296160 696
296372 705
296584 719
296796 736
297016 743
297228 768
297440 769
297652 782
297864 792
298084 799
298296 816
298508 824
298720 831
298940 839
299152 847
299364 856
299576 864
299788 865
300008 871
300220 880
300432 880
300644 888
300856 896
301076 896
301288 896
301500 896
301712 896
301924 896
302140 888
302356 880
302568 876
302780 871
302992 865
303208 860
303420 856
303636 847
303848 831
304064 830
304276 824
304488 812
304700 799
304916 792
305132 780
305344 768
305556 768
305768 743
305980 736
306200 718
306412 704
306624 688
306836 671
307048 664
307268 639
307480 632
307692 615
307904 600
308116 575
308336 568
308548 547
308760 536
308972 515
309192 504
309404 481
309616 463
309828 448
310040 432
310260 414
310472 391
310684 384
310896 359
311108 344
311328 327
311540 312
311752 295
311964 280
312176 255
312396 248
312608 231
312820 220
313032 199
313244 192
313464 176
313676 159
313888 152
314100 135
314316 126
314528 113
314740 103
314956 96
315168 88
315384 78
315596 63
315808 62
316020 56
316236 48
316452 39
316664 39
316876 31
317088 31
317304 28
317520 24
317732 24
317944 24
318156 19
318368 24
318588 24
318800 24
319012 28
319224 31
319444 31
319656 39
319868 39
320080 48
320292 56
320512 62
320724 63
320936 78
321148 88
321360 96
321580 103
321792 115
322004 127
322216 135
322428 152
322648 163
322860 177
323072 192
323284 207
323496 224
323716 236
323928 252
324140 255
324352 284
324572 300
324784 316
324996 327
325208 352
325420 368
325640 384
325852 399
326064 415
326276 435
326488 451
326708 472
326920 487
326936 487
327156 508
327368 526
327580 542
327792 558
328004 574
328224 591
328436 608
328648 624
328860 638
329072 654
329292 668
329504 684
329716 696
329928 711
330140 728
330360 737
330572 768
330784 768
330996 775
331216 783
331428 798
331640 807
331852 816
332064 828
332284 831
332496 839
332708 847
332920 856
333132 864
333352 867
333564 876
333776 880
333988 881
334200 888
334420 896
334632 896
334844 896
335056 896
335268 896
335488 888
335700 881
335912 880
336124 876
336340 867
336552 864
336764 856
336980 847
337192 844
337408 831
337620 828
337832 816
338044 807
338260 799
338476 783
338688 775
338900 768
339112 768
339328 737
339544 728
339756 711
339968 704
340180 684
340392 670
340612 655
340824 639
341036 624
341248 608
341468 591
341680 575
341892 560
342104 543
342316 527
342536 511
342748 496
342960 480
343172 455
343384 448
343604 423
343816 408
344028 387
344240 371
344452 353
344672 335
344884 319
345096 304
345308 287
345520 271
345740 255
345952 241
346164 225
346376 216
346592 199
346808 184
347020 167
347232 158
347444 143
347660 127
347872 120
348088 112
348300 99
348512 92
348728 79
348940 71
349152 63
349368 60
349580 51
349796 48
350008 39
350220 35
350432 31
350648 30
350864 28
351076 24
351288 24
351500 24
351720 19
351932 24
352144 24
352356 28
352568 30
352788 31
353000 33
353212 39
353424 46
353636 49
353856 56
354068 63
354280 71
354492 79
354704 88
354924 97
355136 110
355348 120
355560 127
355772 143
355988 156
356200 167
356416 184
356628 195
356844 211
357056 225
357268 241
357480 255
357696 271
357912 287
358124 305
358336 319
358548 335
358764 353
358980 376
359192 387
359404 408
359616 423
359828 448
360048 460
360260 480
360472 496
360684 511
360904 527
361116 543
361328 560
361540 575
361752 591
361972 608
362184 624
362396 639
362608 655
362820 671
363040 688
363252 704
363464 711
363676 728
363888 739
364108 768
364320 768
364532 775
364744 792
364956 799
365176 807
365388 824
365600 828
365812 831
366028 846
366244 856
366456 860
366668 864
366880 871
367096 876
367308 880
367524 888
367736 888
367948 896
368164 896
368376 896
368588 896
368804 896
369016 888
369232 881
369444 880
369656 871
369868 867
370084 864
370300 856
370512 847
370724 839
370936 831
371156 824
371368 816
371580 803
371792 796
372004 783
372224 771
372436 768
372648 768
372860 736
373076 719
373292 707
373504 696
373716 679
373928 668
374140 652
374360 636
374572 620
374784 604
374996 588
375208 572
375428 556
375640 540
375852 524
376064 508
376284 487
376496 472
376708 455
376920 440
377132 419
377352 399
377564 384
377776 368
377988 352
378200 335
378420 319
378632 304
378844 287
379056 271
379268 255
379488 240
379700 224
379912 207
380124 193
380336 184
380556 167
380768 156
380980 143
381192 127
381408 120
381428 120
381640 103
381852 96
382064 88
382280 79
382492 71
382708 63
382920 56
383132 49
383348 44
383560 39
383772 35
383988 31
384200 30
384416 28
384628 24
384840 24
385052 19
385268 19
385484 24
385696 24
385908 28
386120 31
386340 31
386552 35
386764 39
386976 48
387188 56
387408 60
387620 63
387832 71
388044 83
388256 92
388476 103
388688 112
388900 124
389112 127
389324 147
389544 159
389756 176
389968 192
390180 199
390392 216
390612 231
390824 248
391036 255
391248 280
391468 295
391680 312
391892 327
392104 344
392316 359
392536 384
392748 391
392960 414
393172 432
393384 448
393604 463
393816 481
394028 504
394240 515
394452 536
394672 551
394884 568
395096 575
395308 600
395520 615
395740 632
395952 639
396164 664
396376 671
396592 696
396804 704
397020 719
397232 736
397444 743
397660 768
397872 769
398084 782
398300 792
398512 799
398728 816
398940 824
399152 831
399364 831
399580 847
399796 856
400008 864
400220 865
400432 871
400648 880
400864 880
401076 888
401288 896
401500 896
401720 896
401932 896
402144 896
402356 896
402568 888
402788 880
403000 880
403212 871
403424 865
403636 864
403856 856
404068 847
404280 831
404492 831
404704 824
404924 812
405136 799
405348 792
405560 782
405772 768
405992 768
406204 743
406416 736
406628 719
406848 704
407060 689
407272 671
407484 664
407696 639
407912 632
408128 615
408340 600
408552 575
408764 568
408980 551
409192 536
409408 515
409620 504
409832 483
410048 463
410260 448
410472 432
410688 415
410900 398
411116 384
411328 359
411540 344
411752 327
411972 312
412184 295
412396 280
412608 255
412820 248
413040 231
413252 220
413464 206
413676 192
413888 176
414108 159
414320 152
414532 135
414744 127
414956 115
415176 103
415388 96
415600 88
415812 78
416032 63
416244 63
416456 56
416668 48
416880 39
417100 39
417312 31
417524 31
417736 28
417948 24
418168 24
418380 24
418592 19
418804 24
419016 24
419236 24
419448 28
419660 31
419872 31
420084 35
420300 39
420516 48
420728 56
420940 62
421156 63
421368 78
421580 88
421792 96
422008 103
422224 113
422436 127
422648 135
422860 152
423076 163
423292 176
423504 192
423716 206
423928 224
424140 231
424360 252
424572 255
424784 284
424996 295
425208 316
425428 327
425640 352
425852 368
426064 384
426284 399
426496 415
426708 433
426920 451
427132 472
427352 487
427564 504
427776 519
427988 540
428200 551
428420 572
428632 583
428844 604
429056 615
429268 636
429488 639
429700 668
429912 679
430124 696
430336 707
430556 719
430768 736
430980 752
431192 768
431408 771
431620 783
431836 796
432048 803
432260 816
432476 824
432692 831
432904 839
433116 847
433328 856
433548 864
433760 867
433972 871
434184 880
434396 880
434612 888
434828 896
435040 896
435252 896
435464 896
435680 896
435892 888
