24 896
544 888
1056 876
1572 864
2084 847
2604 830
3116 807
3636 783
4148 768
4668 728
5180 696
5696 655
6208 620
6728 575
7240 543
7760 504
8272 463
8788 419
9300 384
9820 335
10332 300
10852 255
11364 224
11880 192
12396 159
12912 127
13424 103
13944 79
14456 63
14976 48
15488 35
16004 28
16516 24
17036 24
17548 28
18068 35
18580 48
19100 63
19612 79
20128 103
20640 127
21160 159
21672 192
22192 225
22704 255
23220 304
23732 344
24252 384
24764 423
25284 463
25796 508
26316 543
26828 583
27344 624
27856 664
28376 696
28888 728
29408 768
29920 783
30436 807
30952 831
31468 847
31980 864
32500 878
33012 888
33532 896
34044 888
34560 876
35072 864
35592 847
36104 831
36624 807
37136 783
37652 768
38168 728
38684 696
39196 655
39716 620
40228 575
40748 543
41260 504
41776 463
42288 423
42808 384
43320 339
43840 304
44352 255
44868 225
45380 192
45900 159
46416 127
46928 103
47448 79
47960 63
48480 48
48992 35
49512 28
50024 24
50540 24
51052 28
51572 35
52084 48
52604 62
53116 79
53632 103
54148 127
54664 159
55176 192
55696 224
56208 255
56728 304
57240 339
57756 384
58268 423
58788 463
59300 505
59820 543
60332 583
60848 624
61364 655
61880 696
62392 728
62912 768
63424 783
63944 807
64456 831
64972 847
65484 864
66004 878
66516 888
67036 896
67548 888
68068 876
68580 864
69096 847
69608 831
70128 807
70640 783
71160 768
71672 728
72188 696
72700 655
73220 624
73732 575
74252 543
74764 504
75284 463
75796 423
76312 384
76824 344
77344 304
77856 255
78376 225
78888 192
79404 159
79920 127
80436 103
80948 79
81468 63
81980 48
82500 35
83012 30
83528 24
84040 24
84560 28
85072 31
85592 46
86104 62
86620 79
87136 103
87652 127
88164 158
88684 192
89196 224
89716 255
90228 295
90744 335
91256 384
91776 419
92288 463
92808 504
93320 543
93836 575
94352 620
94868 655
95380 696
95900 728
96412 768
96932 783
97444 807
97960 831
98472 847
98992 864
99504 876
100024 888
100536 896
101052 888
101568 878
102084 864
102596 847
103116 831
103628 807
104148 783
104660 768
105176 728
105688 696
106208 655
106720 624
107240 583
107752 543
108268 508
108784 463
109300 423
109812 384
110332 344
110844 304
111364 255
111876 227
112392 192
112904 159
113424 127
113936 103
114456 81
114968 63
115488 48
116000 35
116516 30
117028 24
117548 24
118060 28
118580 31
119092 46
119608 60
120120 79
120640 99
121152 127
121668 158
122180 192
122700 224
123216 255
123728 295
124248 335
124760 384
125280 415
125792 462
126308 504
126820 543
127340 575
127852 620
128372 655
128884 696
129404 728
129916 768
130432 783
130944 807
131464 831
131480 831
131992 847
132512 864
133024 878
133544 888
134056 896
134572 888
135084 878
135604 864
136116 847
136636 831
137148 807
137664 783
138180 768
138696 728
139208 696
139728 664
140240 624
140760 583
141272 543
141788 508
142300 463
142820 423
143332 384
143852 344
144364 304
144884 255
145396 227
145912 193
146424 159
146944 127
147456 103
147976 81
148488 63
149004 48
149516 35
150036 30
150548 24
151068 24
151580 28
152100 31
152612 46
153128 62
153640 79
154160 99
154672 127
155192 156
155704 192
156220 224
156736 255
157252 295
157764 335
158284 384
158796 415
159316 462
159828 504
160344 543
160856 575
161376 620
161888 655
162408 696
162920 728
163440 768
163952 783
164468 807
164980 830
165500 847
166012 864
166532 876
167044 888
167560 896
168076 888
168592 878
169104 864
169624 847
170136 831
170656 812
171168 783
171684 768
172196 728
172716 696
173228 664
173748 624
174260 583
174776 543
175292 508
175808 467
176320 423
176840 384
177356 344
177872 304
178388 255
178900 227
179420 193
179932 159
180452 127
180964 103
181480 81
181992 63
182512 48
183024 35
183544 30
184056 24
184576 24
185088 28
185604 31
186116 46
186636 60
187148 79
187668 99
188180 127
188696 156
189208 192
189728 224
190240 255
190760 295
191272 335
191792 384
192304 415
192820 462
193332 504
193852 542
194364 575
194884 615
195396 655
195912 689
196428 728
196944 768
197456 783
197976 807
198488 830
199008 847
199520 864
200036 876
200548 888
201068 896
201580 888
202100 880
202612 865
203128 847
203644 831
204160 812
204672 783
205192 768
205704 729
206224 696
206736 664
207252 624
207764 583
208284 543
208796 510
209316 472
209828 428
210344 384
210860 344
211376 305
211888 255
212408 231
212920 195
213440 159
213952 127
214468 103
214980 83
215500 63
216012 48
216532 35
217044 30
217560 24
218076 24
218592 28
219104 31
219624 44
220136 60
220656 78
221168 99
221684 126
222196 156
222716 192
223228 224
223748 255
224260 295
224776 335
225292 384
225808 415
226320 455
226840 504
227352 540
227872 575
228384 615
228900 655
229412 688
229932 719
230444 768
230964 783
231476 807
231996 830
232508 847
233024 864
233536 876
234056 888
234568 896
235088 888
235600 880
236116 865
236628 847
237148 831
237660 812
238180 792
238692 768
239212 732
239724 704
240240 664
240752 625
241272 588
241784 551
242304 511
242816 472
243332 430
243848 385
244364 348
244876 307
245396 270
245908 231
246428 195
246940 163
247456 127
247968 103
248488 88
249000 63
249520 48
250032 35
250548 30
251060 24
251580 24
252092 28
252612 31
253124 44
253644 60
254160 78
254672 97
255192 126
255704 152
256224 185
256736 224
257252 255
257764 295
258284 334
258796 376
259316 415
259828 455
260344 499
260860 540
261376 575
261888 615
262408 655
262920 688
262936 688
263448 719
263964 768
264476 783
264996 807
265508 830
266028 847
266540 864
267056 876
267568 888
268088 896
268600 888
269120 880
269632 865
270152 847
270664 831
271180 812
271692 792
272212 768
272724 732
273244 704
273756 664
274272 625
274784 590
275304 551
275816 512
276336 472
276848 430
277368 385
277880 348
278396 307
278908 255
279428 231
279940 195
280460 163
280972 127
281488 108
282008 88
282520 63
283040 48
283552 35
284068 30
284580 24
285100 24
285612 28
286132 31
286644 44
287164 60
287676 78
288192 97
288704 124
289224 152
289736 184
290256 220
290768 255
291284 295
291800 334
292316 376
292828 415
293348 455
293860 497
294380 540
294892 575
295408 615
295920 652
296440 688
296952 719
297472 768
297984 782
298500 807
299016 828
299532 847
300044 864
300564 876
301076 888
301596 896
302108 888
302624 880
303136 865
303656 856
304168 831
304688 814
305200 792
305716 768
306232 736
306748 704
307260 664
307780 632
308292 591
308812 551
309324 512
309840 472
310352 432
310872 387
311384 352
311904 312
312416 271
312936 231
313448 199
313964 163
314476 127
314996 110
315508 88
316028 63
316540 49
317056 35
317568 30
318088 24
318600 24
319120 28
319632 31
320152 39
320664 60
321180 76
321692 97
322212 124
322724 152
323244 184
323756 220
324272 255
324784 291
325304 327
325816 376
326336 415
326848 455
327368 497
327880 536
328396 575
328908 615
329428 652
329940 688
330460 719
330972 768
331488 780
332000 799
332520 828
333032 847
333552 864
334064 876
334584 888
335096 896
335612 888
336124 880
336644 865
337156 856
337676 831
338188 816
338704 792
339220 768
339736 736
340248 704
340768 664
341280 632
341800 591
342312 551
342828 512
343340 472
343860 432
344372 387
344892 352
345404 312
345920 271
346436 231
346952 199
347464 167
347984 135
348496 112
349016 88
349528 63
350044 49
350556 39
351076 30
351588 24
352108 24
352620 28
353136 31
353652 44
354168 60
354680 71
355200 96
355712 124
356232 152
356744 184
357260 216
357772 255
358292 287
358808 327
359320 369
359840 414
360352 455
360872 496
361384 536
361900 575
362412 615
362932 639
363444 688
363964 719
364476 768
364996 780
365508 799
366024 828
366536 847
367056 864
367568 876
368088 888
368600 896
369116 888
369632 880
370148 867
370660 856
371180 831
371692 816
372212 792
372724 768
373240 736
373752 704
374272 668
374784 632
375304 591
375816 551
376336 513
376848 476
377364 432
377876 391
378396 352
378908 312
379428 271
379940 236
380456 199
380968 167
381488 135
382000 112
382520 88
383032 63
383552 48
384064 39
384580 31
385092 24
385612 24
386124 28
386644 31
387156 39
387672 56
388188 71
388704 96
389216 124
389736 152
390248 184
390768 216
391280 254
391796 287
392308 327
392828 369
393340 412
393860 451
394372 496
394380 496
394892 536
395412 575
395932 615
396444 639
396960 688
397476 719
397992 768
398504 780
399024 799
399536 828
400056 847
400568 864
401084 876
401596 888
402116 896
402628 888
403148 880
403660 867
404180 856
404692 831
405208 816
405720 792
406240 768
406752 736
407272 704
407784 668
408300 632
408812 591
409332 551
409844 513
410364 476
410876 432
411396 391
411908 352
412424 312
412936 271
413456 231
413968 199
414488 167
415000 135
415516 112
416032 88
416548 63
417060 49
417580 39
418092 31
418612 24
419124 24
419640 28
420152 31
420672 39
421184 56
421704 71
422216 96
422732 120
423248 152
423764 184
424276 216
424796 252
425308 287
425828 327
426340 368
426856 412
427368 451
427888 496
428400 536
428920 574
429432 611
429948 639
430464 686
430980 719
431492 768
432012 775
432524 799
433044 828
433556 846
434072 864
434584 871
435104 888
435616 896
436136 888
436648 880
437164 867
437680 856
438196 831
438708 816
439228 792
439740 768
440260 736
440772 704
441288 668
441800 632
442320 591
442832 556
443352 515
443864 476
444380 432
444896 391
445412 352
445924 312
446444 271
446956 238
447476 199
447988 167
448504 135
449016 112
449536 88
450048 63
450568 49
451080 39
451600 31
452112 24
452628 24
453140 28
453660 31
454172 39
454692 56
455204 71
455720 96
456232 120
456752 152
457264 184
457784 216
458296 252
458816 287
459328 327
459844 368
460356 412
460876 451
461388 496
461908 536
462420 572
462936 609
463452 639
463968 684
464480 718
465000 752
465512 775
466032 799
466544 828
467060 846
467572 864
468092 871
468604 881
469124 896
469636 888
470152 880
470668 867
471184 856
471696 831
472216 816
472732 792
473248 768
473764 736
474276 704
474796 670
475308 632
475828 593
476340 558
476856 515
477368 480
477888 433
478400 391
478920 352
479432 313
479948 273
480464 240
480980 199
481492 167
482012 135
482524 112
483044 88
483556 63
484072 51
484584 39
485104 31
485616 24
486136 24
486648 28
487164 31
487680 39
488196 56
488708 71
489228 96
489740 120
490260 147
490772 179
491288 216
491800 252
492320 287
492832 327
493352 368
493864 408
494384 449
494896 492
495412 536
495924 572
496444 609
496956 639
497476 684
497988 718
498504 748
499016 775
499536 799
500048 824
500568 844
501080 864
501600 871
502112 881
502628 896
503140 888
503660 880
504172 867
504692 856
505204 831
505720 816
506236 792
506752 768
507264 736
507784 704
508296 671
508816 636
509328 600
509844 560
510356 519
510876 480
511388 440
511908 391
512420 353
512936 316
513452 280
513968 240
514480 204
515000 167
515512 140
516032 112
516544 88
517060 63
517576 51
518092 39
518604 31
519124 24
519636 24
520156 28
520668 31
521184 39
521696 56
522216 71
522728 96
523248 120
523760 147
524276 177
524792 216
525308 248
525820 287
525836 287
526352 319
526864 368
527384 408
527896 449
528416 492
528928 531
529444 572
529956 608
530476 639
530988 679
531508 716
532020 748
532540 775
533052 799
533568 824
534080 846
534600 864
535112 871
535632 881
536144 896
536664 888
537176 880
537692 867
538204 856
538724 831
539236 816
539756 793
540268 768
540784 736
541296 704
541816 671
542328 636
542848 600
543360 560
543880 519
544392 480
544908 440
545420 391
545940 353
546452 316
546972 280
547484 240
548000 204
548516 167
549032 142
549544 112
550064 88
550576 67
551096 56
551608 39
552124 31
552636 24
553156 24
553668 24
554188 31
554700 39
555216 56
555732 71
556248 96
556760 120
557280 145
557792 177
558312 216
558824 248
559340 287
559852 319
560372 368
560884 408
561404 448
561916 487
562432 527
562948 569
563464 608
563976 639
564496 679
565008 711
565528 748
566040 775
566556 799
567068 824
567588 844
568100 864
568620 871
569132 881
569652 896
570164 896
570680 880
571192 867
571712 856
572224 831
572744 816
573256 796
573772 768
574284 737
574804 705
575316 671
575836 636
576348 600
576868 560
577380 519
577896 480
578408 440
578928 398
579440 355
579960 318
580472 280
580988 240
581500 206
582020 172
582532 143
583052 113
583564 92
584084 67
584596 56
585112 39
585624 31
586144 28
586656 24
587176 25
587688 31
588204 39
588716 56
589236 71
589748 96
590268 120
590780 143
591300 176
591812 207
592328 248
592840 286
593360 319
593872 364
594392 408
594908 448
595420 487
595940 527
596452 568
596972 608
597484 639
598000 679
598516 711
599032 743
599544 775
600064 799
600576 824
601096 844
601608 860
602124 871
602636 881
603156 896
603668 896
604188 880
604700 870
605216 856
605732 831
606248 817
606760 796
607280 768
607792 739
608312 705
608824 671
609340 638
609852 600
610372 560
610884 519
611404 480
611916 440
612436 399
612948 355
613464 319
613976 280
614496 241
615008 207
615528 176
616040 143
616556 113
617068 92
617588 71
618100 56
618620 39
619132 31
619652 24
620164 24
620680 28
621192 31
621712 39
622224 56
622744 71
623256 92
623776 120
624288 143
624804 176
625316 207
625836 248
626348 284
626868 319
627380 359
627896 408
628408 448
628928 487
629440 527
629960 568
630472 608
630992 639
631504 679
632020 711
632532 743
633052 775
633564 799
634084 824
634596 839
635112 860
635628 871
636144 881
636656 896
637176 896
637688 880
638208 871
638720 856
639236 839
639748 824
640268 796
640780 768
641300 739
641812 707
642328 671
642844 639
643360 600
643872 561
644392 524
644904 481
645424 440
645936 399
646452 359
646964 319
647484 280
647996 243
648516 207
649028 176
649544 143
650060 115
650576 92
651088 71
651608 56
652120 39
652640 31
653152 24
653668 24
654180 25
654700 31
655212 39
655732 56
656244 71
656764 92
657276 115
657284 113
657804 143
658316 176
658836 207
659348 241
659864 284
660380 319
660896 359
661408 399
661928 448
662440 483
662960 526
663472 568
663988 604
664500 639
665020 671
665532 711
666052 743
666564 769
667084 798
667596 824
668112 839
668624 860
669144 871
669656 880
670176 896
670688 896
671204 880
671720 871
672236 856
672748 839
673268 824
673780 798
674300 771
674812 743
675328 711
675840 671
676360 639
676872 604
677392 568
677904 527
678420 483
678936 448
679452 399
679964 359
680484 319
680996 284
681516 248
682028 207
682544 176
683056 143
683576 120
684088 96
684608 71
685124 56
685636 39
686156 31
686668 24
687188 24
687700 24
688216 31
688728 39
689248 56
689760 67
690280 92
690792 113
691312 143
691824 174
692340 207
692852 241
693372 280
693884 319
694404 359
694916 399
695432 448
695944 481
696464 526
696976 561
697496 604
698008 639
698528 671
699040 707
699556 743
700068 769
700588 798
701100 824
701620 839
702132 856
702648 871
703164 880
703680 896
704192 896
704712 880
705224 871
705744 860
706256 839
706772 824
707284 799
707804 771
708316 743
708836 711
709348 675
709868 639
710380 608
710896 568
711408 527
711928 487
712440 448
712960 403
713472 364
713988 319
714504 286
715020 248
715532 209
716052 176
716564 143
717084 120
717596 96
718112 71
718624 56
719144 39
719656 31
720176 24
720688 24
721204 24
721720 31
722236 39
722748 51
723268 67
723780 88
724300 112
724812 142
725328 174
725840 206
726360 240
726872 280
727392 318
727904 355
728420 399
728936 440
729452 481
729964 519
730484 561
730996 600
731516 639
732028 671
732544 707
733056 739
733576 769
734088 796
734608 824
735120 839
735640 856
736152 871
736668 880
737180 896
737700 896
738212 881
738732 871
739244 860
739760 839
740272 824
740792 799
741304 771
741824 743
742336 711
742856 679
743368 639
743884 608
744396 568
744916 527
745428 487
745948 448
746460 408
746976 364
747492 319
748008 287
748520 248
749040 216
749552 177
750072 147
750584 120
751100 96
751612 71
752132 56
752644 39
753164 31
753676 28
754196 24
754708 24
755224 31
755736 39
756256 51
756768 63
757288 88
757800 112
758316 135
758832 167
759348 204
759860 240
760380 280
760896 318
761412 355
761928 398
762440 440
762960 480
763472 519
763992 560
764504 600
765020 638
765532 671
766052 707
766564 737
767084 768
767596 796
768112 824
768628 839
769144 856
769656 871
770176 880
770688 896
771208 896
771720 880
772236 871
772748 860
773268 839
773780 824
774300 799
774812 775
775332 743
775844 711
776360 679
776872 639
777392 608
777904 568
778424 527
778936 487
779452 448
779964 408
780484 368
780996 319
781516 287
782028 249
782548 216
783060 179
783576 147
784088 120
784608 96
785120 71
785640 56
786152 39
786668 31
787184 28
787700 24
788212 24
788732 31
788752 31
789264 39
789784 51
790296 63
790816 88
791328 112
791844 135
792356 167
792876 204
793388 240
793908 280
794420 316
794936 355
795452 398
795968 440
796480 480
797000 519
797512 560
798032 600
798544 638
799060 671
799572 705
800092 739
800604 768
801124 796
801636 817
802152 839
802668 856
803184 871
803696 880
804216 896
804728 896
805248 880
805760 871
806276 860
806788 839
807308 824
807820 799
808340 771
808852 743
809372 711
809884 679
810400 639
810912 608
811432 568
811944 527
812464 487
812976 448
813492 408
814004 368
814524 319
815036 287
815556 248
816068 216
816588 179
817100 152
817616 120
818128 96
818648 71
819160 56
819680 39
820192 31
820708 28
821224 24
821740 24
822252 31
822772 39
823284 49
823804 63
824316 88
824832 112
825344 135
825864 167
826376 199
826896 240
827408 275
827924 316
828440 353
828956 391
829468 440
829988 480
830500 519
831020 560
831532 600
832048 636
832560 671
833080 705
833592 737
834112 768
834624 796
835140 817
835656 831
836172 856
836684 871
837204 880
837716 896
838236 896
838748 881
839264 871
839776 864
840296 844
840808 824
841328 799
841840 775
842356 743
842872 711
843388 679
843900 639
844420 608
844932 572
845452 531
845964 492
846480 449
846992 408
847512 368
848024 327
848544 287
849056 252
849572 216
850088 184
850604 152
851116 121
851636 96
852148 71
852668 56
853180 39
853696 31
854208 28
854728 24
855240 24
855760 31
856272 39
856788 49
857300 63
857820 88
858336 112
858848 135
859368 167
859880 199
860400 240
860912 271
861428 312
861940 352
862460 391
862972 440
863492 480
864004 519
864524 560
865036 600
865552 636
866064 671
866584 704
867096 736
867616 768
868128 796
868644 816
869156 831
869676 856
870188 867
870708 880
871220 888
871740 896
872252 881
872768 871
873280 864
873800 844
874312 824
874832 799
875344 775
875864 748
876376 716
876892 679
877404 639
877924 608
878436 572
878956 536
879468 492
879984 449
880496 412
881016 368
881528 327
882048 287
882560 254
883080 216
883592 184
884108 152
884620 124
885140 96
885652 71
886172 57
886684 44
887200 31
887716 28
888232 24
888744 24
889264 30
889776 35
890296 49
890808 63
891324 88
891836 112
892356 135
892868 167
893388 199
893900 231
894416 271
894932 312
895448 352
895960 391
896480 433
896992 480
897512 515
898024 556
898540 591
899052 632
899572 670
900084 704
900604 736
901116 768
901632 792
902148 816
902664 831
903176 856
903696 867
904208 880
904728 896
905240 896
905756 881
906268 871
906788 864
907300 844
907820 824
908332 799
908852 775
909364 748
909880 718
910392 684
910912 639
911424 609
911944 572
912456 536
912972 496
913484 451
914004 412
914516 369
915036 327
915548 287
916068 254
916580 216
917096 184
917608 152
918128 124
918640 97
919160 76
919672 60
920188 44
920200 39
920712 31
921228 28
921744 24
922260 24
922772 31
923292 39
923804 49
924324 63
924836 88
925352 112
925864 135
926384 167
926896 199
927416 240
927928 271
928444 316
928960 352
929476 391
929988 440
930508 480
931020 519
931540 560
932052 600
932568 636
933080 671
933600 704
934112 737
934632 768
935144 796
935664 817
936176 831
936692 856
937204 871
937724 880
938236 888
938756 896
939268 881
939784 871
940296 860
940816 844
941328 824
941848 799
942360 775
942880 748
943392 716
943908 679
944420 639
944940 608
945452 572
945972 531
946484 492
947000 449
947516 408
948032 368
948544 327
949064 287
949576 252
950096 216
950608 184
951124 152
951636 121
952156 96
952668 71
953188 56
953700 39
954220 31
954732 28
955248 24
955760 24
956280 30
956792 39
957312 49
957824 63
958340 88
958856 112
959372 135
959884 167
960404 199
960920 238
961436 271
961952 312
962464 352
962984 391
963496 433
964016 480
964528 515
965044 558
965556 595
966076 636
966588 671
967108 704
967620 736
968136 768
968652 792
969168 816
969680 831
970200 856
970712 867
971232 880
971744 888
972260 896
972772 881
973292 871
973804 864
974324 844
974836 824
975356 799
975868 775
976384 748
976896 718
977416 684
977928 639
978448 609
978960 572
979476 536
979988 496
980508 451
981020 412
981540 368
982052 327
982572 287
983084 254
983600 216
984112 184
984632 152
985144 124
985664 96
986176 71
986692 60
987208 44
987724 31
988236 28
988756 24
989268 24
989788 30
990300 39
990816 49
991328 63
991848 88
992360 110
992880 135
993392 167
993912 199
994424 231
994940 271
995452 312
995972 352
996484 391
997004 432
997516 476
998032 515
998548 556
999064 591
999576 632
1000096 670
1000608 704
1001128 736
1001640 768
1002156 792
1002668 816
1003188 831
1003700 856
1004220 867
1004732 880
1005248 888
1005764 896
1006280 888
1006792 871
1007312 864
1007824 844
1008344 824
1008856 799
1009372 775
1009884 752
1010404 718
1010916 686
1011436 639
1011948 611
1012464 574
1012980 536
1013496 496
1014008 455
1014528 412
1015040 369
1015560 327
1016072 287
1016588 255
1017100 220
1017620 184
1018132 152
1018652 124
1019164 97
1019684 78
1020196 60
1020712 44
1021224 31
1021744 28
1022256 24
1022776 24
1023288 30
1023804 35
1024316 48
1024836 63
1025348 88
1025868 108
1026380 127
1026900 163
1027412 199
1027928 231
1028440 271
1028960 312
1029472 352
1029992 391
1030504 432
1031020 476
1031536 513
1032052 551
1032564 591
1033084 632
1033596 668
1034116 704
1034628 736
1035144 768
1035656 792
1036176 816
1036688 831
1037208 856
1037724 867
1038236 880
1038756 888
1039268 896
1039788 881
1040300 871
1040816 864
1041332 846
1041848 825
1042360 799
1042880 775
1043392 768
1043912 719
1044424 688
1044940 639
1045452 611
1045972 575
1046484 536
1047004 496
1047516 455
1048032 414
1048548 376
1049064 327
1049576 291
1050096 255
1050608 220
1051128 184
1051640 152
