24 888
544 655
1056 255
1572 28
2088 163
2604 556
3116 856
3636 798
4148 448
4668 92
5180 56
5696 369
6208 752
6728 876
7240 624
7760 225
8272 24
8792 199
9304 591
9820 867
10332 771
10852 399
11364 71
11884 71
12396 408
12912 775
13424 864
13944 583
14456 193
14976 24
15488 231
16008 632
16520 880
17036 743
17548 364
18068 56
18580 96
19100 451
19612 799
20128 847
20644 547
21160 159
21672 30
22192 271
22704 664
23224 888
23736 711
24252 319
24764 39
25284 120
25796 487
26316 824
26828 831
27348 508
27860 127
28376 35
28888 304
29408 704
29920 896
30440 679
30952 287
31468 31
31984 143
32500 531
33012 844
33532 812
34044 472
34564 103
35076 48
35592 345
36104 732
36624 880
37136 639
37656 248
38168 28
38684 177
39200 568
39716 860
40228 783
40748 428
41264 81
41780 63
42296 387
42808 768
43328 871
43840 608
44360 211
44872 24
45388 216
45900 608
46420 871
46932 768
47452 384
47964 63
48484 81
48996 423
49512 792
50024 860
50544 568
51056 184
51576 25
52088 248
52604 639
53116 880
53636 732
54148 352
54668 48
55180 103
55700 472
56212 812
56728 839
57240 536
57760 152
58272 31
58792 286
59304 675
59820 896
60336 704
60852 312
61364 39
61884 127
62396 508
62916 831
63428 824
63944 492
64456 124
64976 39
65488 319
66008 711
66520 888
67036 664
67548 271
68068 30
68580 159
69100 543
69612 847
70132 799
70644 455
71160 96
71672 56
72192 359
72704 743
73224 880
73736 632
74252 231
74768 24
75284 192
75796 575
76316 864
76828 775
77348 412
77860 78
78376 71
78888 399
79408 771
79920 867
80440 591
80952 199
81468 24
81984 224
82500 624
83012 876
83532 768
84044 376
84564 60
85076 88
85592 448
86104 796
86624 856
87136 558
87656 167
88168 28
88684 255
89200 655
89716 888
90228 719
90748 327
91260 46
91780 113
92292 480
92808 824
93320 831
93840 515
94352 142
94872 31
95384 295
95904 696
96416 896
96932 688
97444 295
97964 31
98476 135
98996 519
99508 831
100024 816
100536 480
101056 112
101568 44
102088 335
102600 719
103120 881
103632 655
104148 255
104660 28
105180 167
105692 560
106212 856
106724 796
107240 440
107756 92
108272 60
108784 376
109304 768
109816 876
110336 615
110848 224
111364 24
111876 199
112396 600
112908 867
113428 768
113940 399
114456 71
114968 71
115488 415
116000 780
116520 864
117032 575
117552 192
118068 24
118580 240
119100 638
119612 880
120132 736
120644 355
121160 56
121672 97
122192 455
122704 807
123224 847
123736 543
124252 156
124768 31
125284 280
125796 670
126316 888
126828 707
127348 318
127860 39
128376 126
128888 496
129408 828
129920 831
130440 504
130952 127
131468 39
131480 39
132000 319
132512 711
133032 888
133544 668
134060 271
134576 30
135092 159
135604 543
136124 847
136636 799
137156 449
137668 97
138184 56
138696 359
139216 743
139728 880
140248 632
140760 231
141280 24
141792 192
142308 583
142820 865
143340 775
143856 412
144368 76
144888 71
145400 399
145920 771
146432 867
146948 591
147460 199
147980 24
148492 224
149012 624
149524 878
150044 748
150556 371
151072 57
151584 92
152104 448
152616 798
153136 856
153648 556
154164 167
154680 28
155196 255
155708 655
156228 888
156740 719
157260 327
157772 46
158288 113
158800 481
159320 824
159832 831
160352 513
160864 135
161384 33
161896 295
162412 696
162924 896
163444 686
163956 295
164476 31
164988 142
165504 526
166020 839
166536 816
167048 480
167568 112
168080 46
168600 335
169112 728
169628 881
170140 654
170660 255
171172 28
171692 174
172204 560
172720 856
173236 793
173752 433
174264 88
174784 60
175296 384
175816 768
176328 876
176844 611
177356 224
177876 24
178388 199
178908 600
179420 867
179936 768
180452 398
180968 63
181480 78
182000 415
182512 782
183032 864
183544 575
184060 192
184572 24
185092 240
185604 636
186124 880
186636 737
187156 353
187668 56
188184 99
188696 455
189216 807
189728 847
190248 540
190760 158
191276 31
191788 271
192308 671
192820 888
193340 705
193852 319
194372 39
194884 124
195400 504
195912 828
196432 830
196944 504
197464 127
197976 39
198496 316
199008 704
199524 888
200036 671
200556 280
201068 31
201588 153
202100 536
202616 847
203128 807
203648 460
204160 103
204680 49
205192 352
205712 737
206224 880
206740 638
207252 248
207772 25
208284 184
208804 575
209316 864
209832 783
210348 423
210864 79
211376 63
211896 391
212408 768
212928 871
213440 604
213956 207
214468 24
214988 220
215500 611
216020 876
216532 768
217048 384
217564 63
218080 88
218592 440
219112 792
219628 856
220144 561
220660 174
221172 28
221692 255
222204 639
222724 881
223236 728
223752 335
224264 48
224784 112
225296 476
225816 816
226328 839
226848 519
227360 143
227876 31
228388 287
228908 688
229420 896
229940 696
230452 304
230968 35
231480 127
232000 515
232512 831
233032 824
233544 487
234064 120
234576 39
235092 327
235604 719
236124 888
236636 664
237156 255
237668 30
238184 167
238700 551
239216 856
239728 799
240248 448
240760 96
241280 56
241792 368
242308 768
242820 878
243340 624
243852 227
244372 24
244884 195
245400 591
245912 867
246432 771
246944 408
247464 71
247976 71
248496 412
249008 775
249524 864
250036 583
250556 193
251068 24
251588 231
252100 632
252616 880
253132 743
253648 359
254160 56
254680 96
255192 448
255712 799
256224 856
256740 543
257252 163
257772 30
258284 255
258804 664
259316 888
259832 711
260348 319
260864 39
261376 120
261896 492
262408 824
262928 831
262936 830
263456 497
263968 127
264488 39
265000 316
265516 707
266032 888
266548 671
267068 271
267580 31
268096 158
268612 542
269128 847
269640 803
270160 455
270672 99
271192 51
271704 353
272220 739
272732 880
273252 632
273764 240
274284 24
274796 192
275316 575
275828 864
276344 780
276856 415
277376 79
277888 63
278408 399
278920 768
279436 867
279948 600
280468 199
280980 24
281500 224
282012 615
282532 876
283044 768
283560 376
284072 62
284592 88
285104 440
285624 796
286136 856
286652 560
287168 174
287684 28
288196 255
288716 655
289228 888
289748 719
290260 335
290776 46
291288 112
291808 480
292320 816
292840 831
293352 519
293868 142
294384 31
294900 295
295412 688
295932 896
296444 696
296964 295
297476 35
297992 135
298508 515
299024 831
299536 824
300056 480
300568 115
301088 44
301600 327
302116 719
302628 888
303148 655
303660 255
304180 28
304692 167
305208 560
305724 856
306240 796
306752 448
307272 92
307784 56
308304 376
308816 768
309332 876
309844 624
310364 224
310876 24
311396 199
311908 591
312424 867
312940 769
313456 399
313968 71
314488 76
315000 412
315520 780
316032 864
316548 575
317060 192
317580 24
318092 231
318612 632
319124 880
319644 743
320156 359
320672 56
321184 96
321704 455
322216 799
322736 847
323248 543
323764 159
324276 30
324796 271
325308 668
325828 888
326340 711
326860 319
327372 39
327888 120
328400 492
328920 828
329432 831
329952 508
330464 127
330980 35
331496 305
332012 704
332524 896
333044 671
333556 287
334076 31
334588 147
335104 536
335616 844
336136 812
336648 472
337168 103
337680 48
338196 352
338712 732
339228 880
339740 639
340260 248
340772 28
341292 184
341804 569
342320 864
342832 783
343352 423
343868 79
344380 63
344900 387
345412 768
345932 871
346444 608
346960 207
347476 24
347992 216
348504 608
349024 871
349536 768
350056 384
350568 63
351084 83
351596 428
352116 792
352628 860
353148 568
353660 184
354176 28
354692 248
355208 639
355720 880
356240 728
356752 348
357272 48
357784 103
358300 472
358812 812
359332 839
359844 531
360364 147
360876 31
361392 287
361908 679
362424 896
362936 704
363456 305
363968 39
364488 127
365000 508
365516 831
366028 824
366548 487
367060 124
367580 39
368092 319
368612 711
369124 888
369640 664
370152 271
370672 30
371184 159
371704 547
372216 847
372732 799
373244 451
373764 96
374276 56
374796 359
375308 743
375828 880
376340 632
376856 231
377368 24
377888 192
378400 583
378920 865
379432 775
379948 408
380464 78
380980 71
381492 399
382012 775
382524 867
383044 591
383556 199
384072 24
384584 224
385104 624
385616 878
386136 748
386648 371
387168 60
387680 92
388196 448
388708 798
389228 856
389740 556
390260 167
390772 28
391288 255
391804 655
392320 888
392832 719
393352 327
393864 39
394384 113
394392 127
394912 508
395424 831
395940 824
396456 496
396972 124
397484 39
398004 319
398516 707
399036 888
399548 668
400064 271
400576 31
401096 159
401608 543
402128 847
402640 799
403156 451
403672 97
404188 56
404700 355
405220 743
405732 880
406252 632
406764 240
407280 24
407792 192
408312 583
408832 865
409344 775
409860 412
410372 78
410892 71
411404 399
411924 771
412436 867
412956 591
413468 199
413984 24
414496 224
415016 624
415528 876
416048 752
416560 376
417076 60
417588 88
418108 448
418620 798
419140 856
419652 556
420172 167
420684 28
421200 255
421712 655
422232 888
422744 719
423264 327
423776 46
424292 115
424808 481
425324 824
425836 831
426356 515
426868 135
427388 33
427900 295
428416 696
428928 896
429448 688
429960 295
430480 31
430992 142
431508 526
432024 839
432540 816
433052 480
433572 112
434084 46
434604 335
435116 728
435632 881
436148 652
436664 255
437176 28
437696 174
438208 560
438728 856
439240 792
439756 433
440268 88
440788 62
441300 384
441820 768
442332 876
442848 611
443364 224
443880 24
444392 199
444912 600
445424 871
445944 768
446456 398
446972 63
447484 78
448004 415
448516 782
449036 864
449548 575
450064 188
450580 24
451096 240
451608 636
452128 880
452640 737
453160 353
453672 56
454188 99
454700 455
455220 807
455732 847
456252 540
456764 158
457284 31
457796 271
458312 671
458824 888
459344 704
459856 318
460376 39
460888 124
461404 504
461916 828
462436 828
462948 504
463468 126
463980 39
464500 316
465012 704
465528 888
466040 671
466560 280
467072 31
467592 156
468104 536
468620 847
469136 807
469652 460
470164 103
470684 49
471196 352
471716 737
472228 880
472744 638
473256 243
473776 24
474288 184
474808 575
475320 864
475836 782
476352 419
476868 79
477380 63
477900 391
478412 768
478932 871
479444 601
479960 206
480476 24
480992 220
481504 611
482024 876
482536 768
483056 384
483568 63
484084 88
484596 440
485116 792
485632 856
486144 563
486664 174
487176 28
487696 255
488208 639
488724 888
489240 728
489756 335
490268 48
490788 112
491300 476
491820 817
492332 839
492848 519
493360 143
493880 31
494392 287
494912 688
495424 896
495940 689
496456 304
496972 35
497484 135
498004 515
498516 831
499036 824
499548 483
500064 115
500576 39
501096 327
501608 719
502128 888
502640 655
503160 255
503672 30
504188 167
504700 551
505220 856
505732 799
506252 448
506764 96
507280 56
507792 368
508312 768
508824 880
509344 624
509856 227
510376 24
510888 195
511404 591
511916 867
512436 769
512948 408
513468 71
513980 71
514496 412
515012 775
515528 864
516040 583
516560 192
517072 24
517592 231
518104 632
518620 880
519132 743
519652 359
520164 56
520684 96
521196 448
521712 799
522224 847
522744 543
523256 159
523776 30
524288 255
524808 668
525320 888
525836 711
525856 704
526368 316
526884 39
527396 126
527916 504
528428 828
528948 828
529460 504
529980 126
530492 39
531008 318
531520 704
532040 888
532552 671
533072 275
533584 31
534100 156
534612 543
535132 847
535648 807
536160 460
536680 99
537192 49
537712 355
538224 737
538740 880
539252 638
539772 240
540284 24
540804 192
541316 575
541836 864
542348 783
542864 415
543376 79
543896 63
544408 391
544928 768
545440 871
545956 600
546468 207
546988 24
547500 220
548020 615
548532 876
549052 768
549564 384
550080 62
550592 88
551112 440
551624 792
552144 856
552656 561
553172 172
553688 28
554204 255
554716 652
555236 888
555748 728
556268 335
556780 48
557296 112
557808 476
558328 817
558840 839
559360 519
559872 143
560388 31
560904 287
561420 688
561932 896
562452 689
562964 304
563484 35
563996 135
564512 519
565024 831
565544 817
566056 483
566576 113
567088 39
567604 332
568120 719
568636 888
569148 655
569668 255
570180 30
570700 167
571212 551
571728 856
572240 798
572760 448
573272 96
573792 56
574304 368
574820 768
575336 878
575852 622
576364 227
576884 24
577396 195
577916 591
578428 867
578944 769
579456 403
579976 71
580488 71
581008 414
581520 775
582036 864
582552 583
583068 192
583580 24
584100 231
584612 632
585132 880
585644 743
586160 359
586672 56
587192 96
587704 449
588224 799
588736 847
589256 543
589768 159
590284 30
590796 255
591316 668
591828 888
592348 711
592860 319
593376 39
593888 120
594408 496
594920 824
595440 831
595952 510
596472 127
596984 35
597500 312
598012 704
598532 896
599044 679
599564 286
600076 31
600592 152
601108 527
601624 846
602136 812
602656 465
603168 103
603688 48
604200 344
604716 736
605228 880
605748 639
606260 252
606780 28
607292 177
607808 572
608324 860
608840 783
609352 428
609872 83
610384 63
610900 384
611412 768
611932 871
612448 608
612960 216
613480 24
613992 211
614512 608
615024 871
615544 768
616056 387
616572 63
617084 79
617604 430
618116 792
618636 860
619148 572
619664 177
620180 25
620696 252
621208 639
621728 881
622240 732
622760 344
623272 49
623788 103
624300 467
624820 816
625332 844
625852 527
626364 152
626880 31
627396 284
627912 679
628424 896
628944 696
629456 312
629976 35
630488 127
631004 510
631516 831
632036 824
632548 494
633068 120
633580 39
634096 319
634612 711
635128 888
635640 668
636160 255
636672 30
637192 159
637704 543
638220 847
638732 799
639252 449
639764 96
640284 56
640796 359
641316 743
641828 880
642344 632
642856 231
643376 24
643888 192
644408 583
644920 864
645436 775
645948 412
646468 71
646980 71
647500 403
648012 771
648532 865
649044 591
649560 199
650072 24
650592 225
651104 624
651624 878
652136 768
652652 368
653168 60
653684 92
654196 448
654716 799
655228 856
655748 551
656260 167
656776 28
657288 255
657300 271
657820 671
658332 888
658852 704
659364 319
659884 39
660396 124
660912 504
661424 828
661944 828
662456 504
662976 127
663488 39
664004 316
664520 704
665036 896
665548 671
666068 280
666580 31
667100 152
667612 536
668128 847
668640 807
669160 460
669672 103
670192 49
670704 352
671224 737
671736 880
672252 638
672764 243
673284 24
673796 184
674316 575
674828 864
675344 783
675856 419
676376 79
676888 63
677408 391
677920 768
678440 871
678952 600
679468 207
679988 24
680500 220
681020 615
681532 876
682048 768
682560 384
683080 62
683592 88
684112 440
684624 792
685140 856
685656 561
686172 172
686684 28
687204 255
687716 652
688236 888
688748 728
689264 335
689776 48
690296 112
690808 476
691328 816
691840 839
692356 519
692872 143
693388 31
693900 287
694420 688
694932 896
695452 689
695964 304
696480 35
696992 135
697512 519
698024 831
698544 824
699056 483
699576 113
700088 39
700604 332
701116 719
701636 888
702148 655
702668 255
703180 30
703696 167
704208 551
704728 856
705240 799
705760 448
706272 96
706788 57
707304 368
707820 768
708332 876
708852 620
709364 227
709884 24
710396 199
710912 591
711424 867
711944 769
712456 403
712976 71
713488 71
714008 414
714520 775
715036 864
715548 583
716068 192
716580 24
717100 231
717612 632
718128 880
718640 743
719160 359
719672 56
720192 96
720704 449
721224 799
721736 847
722252 543
722764 159
723284 31
723796 255
724316 668
724828 888
725344 711
725860 319
726376 39
726888 120
727408 496
727920 824
728440 831
728952 510
729468 127
729980 35
730500 312
731012 704
731532 896
732044 679
732560 284
733076 31
733592 152
734104 529
734624 846
735136 812
735656 463
736168 103
736684 48
737196 344
737716 736
738228 880
738748 639
739260 248
739776 25
740292 177
740808 572
741320 860
741840 783
742352 428
742872 81
743384 63
743900 387
744412 768
744932 871
745444 608
745964 211
746476 24
746996 216
747508 608
748024 871
748536 768
749056 384
749568 63
750088 83
750600 423
751116 792
751632 860
752148 568
752660 184
753180 25
753692 248
754212 639
754724 881
755240 732
755752 344
756272 48
756788 103
757300 472
757820 816
758332 844
758852 527
759364 152
759880 31
760392 286
760912 679
761424 896
761944 696
762456 312
762976 35
763488 127
764004 511
764516 831
765036 824
765548 492
766068 120
766580 39
767096 319
767608 711
768128 888
768640 664
769160 255
769672 30
770192 159
770704 543
771220 856
771732 799
772252 448
772764 96
773284 56
773796 359
774312 748
774828 880
775344 625
775856 231
776376 24
776888 192
777408 588
777920 864
778436 775
778948 412
779468 71
779980 71
780500 408
781012 771
781528 865
782044 591
782560 199
783072 24
783592 227
784104 624
784624 880
785136 752
785652 368
786164 60
786684 92
787196 448
787716 799
788228 856
788748 551
788760 540
789280 152
789792 31
790308 280
790820 671
791340 896
791852 704
792372 312
792884 39
793404 127
793916 504
794432 831
794944 828
795464 497
795976 127
796496 39
797008 316
797524 707
798040 888
798556 670
799068 280
799588 31
800100 156
800620 543
801132 847
801648 799
802160 455
802680 99
803192 51
803708 353
804220 739
804740 880
805256 636
805768 240
806288 24
806800 185
807320 575
807832 864
808348 780
808864 415
809380 79
809892 63
810412 398
810924 768
811444 867
811956 600
812472 206
812984 24
813504 224
814016 615
814536 876
815048 768
815564 384
816080 62
816596 88
817108 435
817628 796
818140 856
818660 560
819172 176
819688 28
820200 255
820720 655
821232 888
821752 719
822264 335
822780 48
823296 112
823812 480
824324 816
824844 831
825356 524
825876 142
826388 31
826904 295
827416 688
827936 896
828448 696
828968 295
829480 33
830000 135
830512 515
831028 831
831540 824
832060 480
832572 115
833092 44
833604 327
834120 719
834636 888
835152 655
835664 255
836184 30
836696 167
837216 560
837728 856
838244 796
838756 448
839276 92
839788 56
840308 376
840820 768
841340 876
841852 624
842368 224
842880 24
843400 199
843912 591
844432 867
844944 769
845460 399
845972 71
846492 76
847004 412
847524 780
848036 864
848556 575
849068 192
849584 24
850096 231
850616 632
851128 880
851648 739
852160 359
852676 56
853192 96
853708 455
854220 799
854740 847
855252 543
855772 159
856284 30
856800 271
857312 668
857832 888
858344 711
858864 319
859376 39
859892 124
860408 494
860924 828
861436 831
861956 504
862468 127
862988 35
863500 312
864016 704
864528 896
865048 671
865560 286
866080 31
866592 147
867108 536
867624 844
868140 807
868652 467
869172 103
869684 48
870204 352
870716 736
871232 880
871744 639
872264 248
872776 28
873296 184
873808 572
874328 864
874840 783
875356 423
875868 83
876388 63
876900 385
877420 768
877932 871
878448 608
878964 216
879480 24
879992 216
880512 609
881032 876
881544 768
882060 384
882572 63
883092 88
883604 432
884124 792
884636 860
885152 568
885664 177
886184 28
886696 252
887216 639
887728 881
888248 728
888760 344
889276 48
889788 103
890308 476
890820 816
891340 839
891852 527
892368 143
892884 31
893400 287
893912 679
894432 896
894944 696
895464 304
895976 35
896492 127
897004 511
897524 831
898036 824
898556 487
899068 120
899584 39
900100 319
900616 718
901128 888
901648 664
902160 255
902680 30
903192 159
903708 551
904220 856
904740 799
905252 448
905772 96
906284 56
906800 368
907316 743
907832 880
908344 625
908864 227
909376 24
909896 195
910408 588
910924 867
911436 775
911956 408
912468 71
912988 71
913500 408
914020 775
914532 865
915048 583
915560 195
916080 24
916592 227
917112 632
917624 880
918140 743
918652 368
919172 56
919684 94
920204 448
920216 472
920736 816
921248 839
921764 524
922280 143
922796 31
923308 287
923828 688
924340 896
924860 696
925372 304
925888 35
926400 127
926920 515
927432 831
927952 824
928464 487
928980 115
929496 39
930012 327
930524 718
931044 888
931556 664
932076 255
932588 30
933104 167
933616 551
934136 856
934648 799
935168 448
935680 96
936196 56
936712 368
937228 768
937740 880
938260 624
938772 227
939292 24
939804 195
940320 591
940832 867
941352 771
941864 408
942384 71
942896 71
943416 412
943928 775
944444 864
944956 583
945476 192
945988 24
946508 231
947020 632
947536 880
948048 743
948568 359
949080 56
949600 96
950116 455
950628 799
951148 847
951660 543
952180 159
952692 30
953208 271
953724 668
954240 888
954752 711
955272 319
955784 39
956304 121
956816 492
957332 828
957844 831
958364 504
958876 127
959396 35
959908 307
960428 704
960940 896
961456 671
961968 286
962488 31
963000 147
963520 536
964032 844
964548 807
965064 467
965580 103
966092 48
966612 352
967124 736
967644 880
968156 639
968672 248
969184 28
969704 184
970216 572
970736 864
971248 783
971764 423
972280 83
972796 63
973308 385
973828 768
974340 871
974860 608
975372 216
975888 24
976400 216
976920 609
977432 871
977952 768
978464 385
978980 63
979496 81
980012 432
980524 792
981044 860
981556 568
982076 176
982588 28
983104 252
983616 639
984136 881
984648 732
985168 344
985680 48
986200 103
986712 472
987228 816
987740 839
988260 527
988772 152
989292 31
989804 286
990320 679
990832 896
991352 696
991864 307
992384 35
992896 127
993416 512
993928 831
994444 824
994956 492
995476 120
995988 39
996508 319
997020 711
997536 888
998052 664
998568 255
999080 31
999600 159
1000112 543
1000632 856
1001144 799
1001660 448
1002172 96
1002692 56
1003204 359
1003724 748
1004236 880
1004756 625
1005268 231
1005784 24
1006296 192
1006816 590
1007328 865
1007848 775
1008360 408
1008876 71
1009392 71
1009908 408
1010420 771
1010940 865
1011452 591
1011972 195
1012484 24
1013000 227
1013512 624
1014032 880
1014544 748
1015064 368
1015576 57
1016092 96
1016608 448
1017124 799
1017636 856
1018156 551
1018668 167
1019188 30
1019700 255
1020216 664
1020728 888
1021248 711
1021760 327
1022280 39
1022792 115
1023308 487
1023824 824
1024340 831
1024852 510
1025372 127
1025892 35
1026404 304
1026920 704
1027432 896
1027952 679
1028464 287
1028984 31
1029496 143
1030012 527
1030524 839
1031044 812
1031556 472
1032076 103
1032588 48
1033108 344
1033620 728
1034136 881
1034648 639
1035168 252
1035680 28
1036200 176
1036712 568
1037228 860
1037744 792
1038260 430
1038772 88
1039292 63
1039804 384
1040324 768
1040836 871
1041352 608
1041864 216
1042384 24
1042896 207
1043416 608
1043928 871
1044444 768
1044956 391
1045476 63
1045988 79
1046508 423
1047020 783
1047540 860
1048052 574
1048568 184
1049080 24
1049600 248
1050112 639
1050632 880
1051144 736
1051660 352
