24 792
540 193
1056 639
1572 368
2084 467
2604 558
3116 280
3636 728
4148 127
4664 839
5176 39
5696 896
6208 31
6728 831
7240 103
7756 707
8272 252
8788 542
9300 440
9820 352
10332 615
10852 184
11364 771
11880 63
12392 865
12912 24
13424 880
13944 63
14456 798
14972 192
15488 654
16004 359
16516 480
17036 547
17548 287
18068 718
18580 127
19096 831
19608 39
20128 896
20640 30
21160 831
21672 99
22192 716
22704 243
23220 547
23732 428
24252 359
24764 615
25284 188
25796 768
26312 63
26828 864
27344 24
27856 880
28376 63
28888 799
29408 184
29920 664
30436 352
30948 481
31468 543
31980 295
32500 711
33012 135
33532 831
34044 39
34560 896
35072 28
35592 839
36104 96
36624 719
37136 240
37652 551
38164 415
38684 368
39196 608
39716 193
40228 768
40748 71
41260 864
41776 24
42288 880
42808 60
43320 807
43840 176
44352 668
44868 344
45384 492
45900 536
46412 304
46932 704
47444 143
47964 831
48476 46
48992 896
49504 31
50024 847
50540 112
51052 736
51572 255
52084 574
52604 448
53116 385
53632 632
54148 209
54664 782
55176 79
55696 871
56208 24
56728 871
57240 56
57756 792
58268 159
58788 639
59300 319
59820 463
60332 515
60848 280
61364 688
61880 124
62392 824
62912 35
63424 888
63944 31
64456 856
64972 103
65484 743
66004 255
66516 575
67036 440
67548 399
68064 624
68580 224
69096 771
69608 88
70128 867
70640 28
71160 880
71672 48
72188 796
72700 152
73220 654
73732 316
74252 473
74764 504
75280 287
75796 679
76312 127
76824 816
77344 39
77856 888
78376 30
78888 856
79404 99
79916 768
80436 248
80948 591
81468 428
81980 408
82500 611
83012 227
83528 768
84040 92
84560 864
85072 28
85592 880
86104 46
86620 799
87132 143
87652 664
88164 307
88684 481
89196 496
89716 295
90228 671
90744 135
91256 807
91776 39
92288 880
92808 28
93320 864
93836 96
94352 768
94868 240
95380 600
95900 415
96412 415
96932 608
97444 236
97960 768
98472 96
98992 864
99504 30
100024 880
100536 39
101052 807
101568 135
102084 668
102596 295
103116 492
103628 487
104148 304
104660 664
105176 143
105688 799
106208 48
106720 880
107240 28
107752 864
108268 92
108784 768
109300 227
109812 608
110332 412
110844 428
111364 591
111876 248
112392 768
112904 103
113424 856
113936 31
114456 888
114968 39
115484 812
116000 127
116516 675
117028 287
117548 504
118060 476
118580 316
119092 655
119608 152
120120 796
120640 48
121152 878
121672 24
122184 865
122700 88
123216 771
123732 224
124244 620
124764 399
125276 440
125792 568
126304 227
126824 736
127340 92
127852 846
128372 28
128884 896
129404 46
129916 830
130432 143
130948 704
131464 305
131476 414
131996 376
132508 600
133024 199
133540 768
134056 71
134568 860
135088 24
135600 880
136120 56
136632 807
137148 167
137660 671
138180 335
138692 496
139212 527
139724 312
140240 704
140756 147
141272 828
141784 48
142304 896
142816 28
143336 847
143848 88
144364 736
144876 224
145396 568
145908 408
146428 384
146940 591
147460 207
147972 768
148488 79
149000 856
149520 24
150032 888
150552 56
151064 816
151580 163
152092 679
152612 327
153124 504
153644 519
154156 319
154676 696
155188 156
155704 824
156216 49
156736 888
157248 24
157768 847
158280 112
158796 737
159316 255
159828 575
160348 448
160860 387
161380 632
161892 211
162408 782
162920 79
163440 871
163952 24
164472 876
164984 51
165500 792
166016 159
166532 639
167044 319
167564 463
168076 513
168596 280
169108 688
169624 126
170136 824
170656 35
171168 888
171688 31
172200 856
172716 103
173232 743
173748 255
174260 575
174780 440
175292 399
175812 624
176324 220
176840 775
177352 88
177872 867
178384 25
178904 876
179416 48
179932 796
180448 152
180964 639
181476 318
181996 472
182508 508
183028 287
183540 679
184056 127
184568 816
185088 39
185600 888
186120 30
186632 856
187152 103
187664 768
188180 248
188692 590
189212 432
189724 408
190244 615
190756 225
191272 769
191784 92
192304 864
192816 28
193336 880
193848 48
194368 799
194880 143
195396 655
195908 312
196428 480
196940 497
197460 291
197972 671
198488 135
199004 812
199520 39
200032 881
200552 30
201064 860
201584 97
202096 768
202612 243
203124 600
203644 423
204156 412
204676 608
205188 231
205708 768
206220 96
206736 864
207248 28
207768 880
208280 44
208800 799
209312 143
209828 664
210344 304
210860 483
211372 492
211892 295
212404 670
212924 135
213436 807
213952 44
214464 880
214984 28
215496 864
216016 96
216528 768
217044 231
217560 604
218076 415
218588 415
219108 604
219620 240
220140 768
220652 97
221168 864
221680 30
222200 880
222712 39
223232 807
223744 135
224260 671
224776 295
225292 496
225804 481
226324 312
226836 664
227356 143
227868 799
228384 48
228896 880
229416 28
229928 864
230448 88
230960 768
231480 227
231992 611
232508 408
233020 428
233540 591
234052 248
234568 736
235080 88
235600 847
236116 28
236628 896
237148 46
237660 828
238180 143
238692 704
239208 312
239720 527
240240 497
240752 344
241272 671
241784 172
242304 812
242816 57
243332 888
243844 24
244364 860
244876 71
245396 768
245908 199
246424 600
246940 384
247456 412
247968 563
248488 231
249000 732
249520 94
250032 844
250548 28
251060 896
251580 44
252092 830
252612 143
253124 704
253644 304
254156 536
254672 492
255184 344
255704 670
256216 176
256736 807
257248 62
257764 880
258276 24
258796 864
259308 67
259828 768
260340 192
260860 608
261372 368
261888 415
262400 556
262920 240
262940 127
263460 831
263972 39
264492 896
265004 30
265520 831
266032 99
266552 718
267064 241
267584 551
268096 423
268612 359
269124 608
269644 192
270156 768
270676 63
271188 864
271708 24
272220 880
272736 63
273248 799
273768 177
274280 664
274800 352
275312 487
275828 540
276344 295
276860 711
277372 135
277892 831
278404 39
278924 896
279436 28
279952 839
280464 96
280984 728
281496 231
282016 560
282528 415
283044 368
283560 604
284076 195
284588 768
285108 71
285620 864
286140 24
286652 880
287168 60
287680 807
288200 176
288712 670
289232 344
289744 496
290260 536
290776 304
291292 704
291804 143
292324 830
292836 48
293356 896
293868 28
294384 846
294896 92
295416 732
295928 227
296448 568
296960 412
297480 384
297992 595
298508 199
299020 768
299540 71
300052 857
300572 24
301084 881
301600 56
302116 807
302632 167
303144 671
303664 335
304176 496
304696 527
305208 312
305724 704
306236 147
306756 828
307268 48
307788 888
308300 28
308820 847
309332 88
309848 736
310360 224
310880 568
311392 408
311912 384
312424 591
312940 207
313452 768
313972 79
314484 871
315004 24
315520 876
316032 51
316552 792
317064 159
317584 639
318096 319
318612 463
319128 513
319644 280
320156 688
320676 126
321188 824
321708 35
322220 888
322736 31
323248 856
323768 108
324280 743
324800 255
325312 575
325828 440
326344 391
326860 624
327372 220
327892 775
328404 88
328924 867
329436 25
329952 876
330464 48
330984 796
331496 156
332016 639
332528 319
333044 472
333560 508
334076 286
334588 679
335108 127
335620 816
336140 39
336652 888
337168 31
337680 856
338200 103
338712 768
339232 248
339744 590
340264 432
340776 408
341292 615
341804 224
342324 769
342836 88
343356 864
343868 28
344384 880
344896 48
345416 799
345928 145
346448 655
346960 312
347476 480
347992 497
348508 291
349020 671
349540 135
350052 807
350572 39
351084 880
351600 30
352112 860
352632 97
353144 768
353664 240
354176 600
354696 423
355208 415
355724 608
356236 231
356756 768
357268 96
357788 864
358300 28
358816 880
359328 39
359848 799
360360 142
360880 664
361392 304
361912 487
362424 487
362940 302
363452 668
363972 142
364484 807
365004 44
365516 880
366032 28
366548 864
367064 96
367576 768
368096 231
368608 608
369128 415
369640 419
370156 600
370668 240
371188 768
371700 97
372220 860
372732 30
373248 880
373764 39
374280 807
374792 135
375312 671
375824 295
376344 496
376856 483
377372 312
377884 664
378404 145
378916 799
379436 48
379948 880
380464 28
380980 864
381496 88
382008 768
382528 225
383040 611
383560 408
384072 432
384588 591
385100 248
385620 768
386132 103
386652 860
387164 31
387680 888
388196 39
388712 816
389224 127
389744 679
390256 286
390772 526
391284 504
391804 335
392320 671
392832 167
393352 812
393864 60
394384 881
394392 880
394912 63
395424 799
395940 184
396456 655
396972 352
397484 440
398004 540
398520 255
399032 707
399552 110
400064 831
400584 31
401096 896
401612 35
402124 839
402644 124
403156 728
403676 280
404188 560
404708 463
405220 371
405736 639
406248 199
406768 792
407280 71
407800 876
408312 24
408828 871
409344 60
409860 775
410372 172
410892 632
411404 344
411924 448
412436 527
412952 255
413464 704
413984 112
414496 828
415016 31
415528 896
416044 35
416560 846
417076 120
417588 732
418108 271
418620 568
419140 455
419652 384
420168 639
420680 204
421200 783
421712 76
422232 871
422744 24
423260 871
423776 56
424292 783
424804 167
425324 636
425836 335
426356 451
426868 526
427384 255
427896 704
428416 120
428928 824
429448 33
429960 888
430480 31
430992 847
431508 113
432020 736
432540 255
433052 572
433572 449
434084 384
434600 636
435112 207
435632 783
436144 79
436664 871
437176 24
437696 871
438208 56
438724 783
439236 159
439756 639
440268 327
440788 455
441300 519
441816 271
442328 689
442848 124
443360 824
443880 35
444392 888
444912 31
445424 856
445940 110
446452 743
446972 255
447484 575
448004 448
448516 391
449032 625
449544 216
450064 775
450576 81
451096 867
451608 25
452128 876
452640 49
453156 792
453668 156
454188 639
454700 319
455220 463
455732 511
456248 284
456764 688
457280 127
457792 816
458312 39
458824 888
459344 31
459856 856
460372 103
460884 748
461404 254
461916 583
462436 440
462948 399
463464 620
463980 224
464496 771
465008 88
465528 865
466040 28
466560 880
467072 48
467588 796
468100 152
468620 652
469132 318
469652 472
470164 504
470680 287
471196 679
471712 127
472224 816
472744 39
473256 881
473772 28
474284 846
474804 92
475320 732
475832 227
476352 568
476864 409
477384 384
477896 591
478412 199
478928 768
479444 71
479956 857
480476 24
480988 881
481508 56
482020 812
482536 167
483048 671
483568 335
484080 497
484600 527
485112 312
485632 704
486144 147
486660 828
487172 48
487692 896
488204 28
488724 847
489236 88
489752 736
490268 225
490784 568
491296 408
491816 384
492328 591
492848 207
493360 768
493876 78
494388 856
494908 24
495420 888
495940 56
496452 816
496972 163
497484 679
498000 327
498512 504
499032 519
499544 318
500064 696
500576 152
501092 824
501604 49
502124 888
502636 24
503156 847
503668 83
504188 739
504700 220
505216 575
505728 399
506248 387
506760 583
507280 209
507792 748
508308 79
508824 856
509340 24
509852 888
510372 51
510884 816
511404 159
511916 688
512432 319
512944 511
513464 515
513976 319
514496 688
515008 158
515524 824
516040 51
516556 888
517068 24
517588 856
518100 79
518620 743
519132 216
519648 575
520160 391
520680 391
521192 575
521712 216
522224 743
522740 83
523256 856
523772 28
524284 888
524804 48
525316 824
525836 156
525856 319
526376 463
526888 512
527404 280
527920 688
528436 126
528948 817
529468 39
529980 888
530500 31
531012 856
531528 103
532040 743
532560 255
533072 583
533592 440
534104 398
534624 624
535136 220
535652 775
536164 88
536684 867
537196 28
537716 880
538228 48
538744 796
539256 152
539776 652
540288 318
540808 472
541320 504
541836 287
542352 679
542868 127
543380 816
543900 39
544412 881
544932 31
545444 856
545960 103
546472 768
546992 248
547504 591
548024 432
548536 403
549056 615
549568 225
550084 769
550596 88
551116 864
551628 28
552148 880
552660 48
553176 799
553688 143
554208 655
554720 312
555240 480
555752 497
556272 291
556784 671
557300 127
557812 812
558332 39
558844 881
559360 28
559872 847
560392 88
560908 737
561420 224
561940 574
562452 399
562972 387
563484 583
564000 209
564512 748
565032 79
565544 856
566064 24
566576 888
567096 51
567608 816
568124 159
568636 688
569156 319
569668 510
570188 515
570700 319
571216 688
571732 158
572248 824
572760 51
573280 888
573792 24
574312 856
574824 79
575340 743
575852 216
576372 575
576884 391
577404 391
577916 575
578436 216
578948 743
579464 79
579976 856
580496 24
581008 888
581528 51
582040 817
582556 159
583072 688
583588 319
584100 512
584620 512
585132 319
585652 688
586164 159
586680 824
587192 51
587712 888
588224 24
588744 856
589256 79
589772 743
590288 216
590804 575
591316 391
591836 391
592348 575
592868 220
593380 743
593896 88
594408 847
594928 24
595440 888
595960 49
596472 824
596988 152
597504 689
598020 319
598532 519
599052 508
599564 327
600084 684
600596 159
601112 816
601624 56
602144 888
602656 24
603176 856
603688 79
604208 748
604720 207
605236 588
605748 385
606268 399
606780 572
607300 224
607812 737
608328 88
608840 847
609360 28
609872 888
610392 48
610904 824
611424 152
611936 696
612452 316
612964 524
613484 504
613996 335
614516 679
615028 167
615544 812
616060 56
616576 881
617088 24
617608 856
618120 71
618640 768
619152 199
619668 591
620180 384
620700 403
621212 572
621732 224
622244 736
622764 88
623276 847
623792 28
624304 896
624824 48
625336 824
625856 147
626368 704
626884 312
627400 526
627916 504
628428 335
628948 671
629460 167
629980 812
630492 60
631008 881
631520 24
632040 860
632552 71
633072 768
633584 199
634100 591
634616 384
635132 412
635644 608
636164 231
636680 768
637196 94
637712 864
638224 28
638744 880
639256 46
639776 799
640288 143
640804 664
641316 304
641836 483
642348 494
642868 295
643380 671
643900 135
644412 807
644928 39
645440 880
645960 28
646472 864
646992 96
647504 768
648020 240
648532 600
649052 415
649564 415
650084 608
650596 238
651116 768
651628 96
652144 864
652656 30
653176 880
653688 39
654208 807
654720 135
655236 668
655752 295
656268 487
656780 487
657300 304
657312 184
657832 799
658344 63
658860 880
659372 24
659892 864
660404 63
660924 768
661436 192
661956 608
662468 359
662984 423
663496 551
664016 243
664528 718
665048 99
665560 831
666076 31
666588 896
667108 39
667620 831
668140 127
668652 711
669172 287
669684 543
670200 480
670712 359
671232 655
671744 192
672264 799
672776 63
673292 880
673804 24
674324 864
674836 63
675356 769
675868 184
676388 615
676900 353
677416 432
677928 543
678448 248
678960 711
679480 103
679992 831
680508 31
681020 896
681540 39
682052 831
682572 127
683084 719
683604 286
684116 551
684632 472
685144 364
685664 652
686176 192
686696 796
687208 67
687724 878
688240 24
688756 865
689268 62
689788 771
690300 179
690820 620
691332 352
691848 440
692360 540
692880 254
693392 707
693912 103
694424 831
694940 31
695456 896
695972 35
696484 839
697004 126
697516 728
698036 280
698548 556
699064 472
699576 319
700096 639
700616 158
701128 792
701644 51
702156 876
702676 24
703188 867
703708 79
704220 775
704740 216
705252 624
705768 391
706280 448
706800 575
707312 255
707832 743
708344 112
708860 856
709372 31
709892 888
710404 35
710924 824
711436 120
711956 688
712468 271
712984 515
713496 460
714016 327
714528 639
715048 159
715560 792
716076 56
716588 871
717108 24
717620 871
718140 79
718652 782
719172 207
719684 632
720200 385
720712 448
721232 575
721744 255
722264 736
722776 113
723292 847
723804 33
724324 888
724836 31
725356 824
725868 120
726388 696
726900 271
727416 519
727928 455
728448 334
728960 638
729480 167
729992 783
730508 56
731024 871
731540 24
732052 871
732572 71
733084 783
733604 206
734116 636
734632 384
735144 455
735664 572
736176 271
736696 736
737208 120
737724 847
738240 35
738756 888
739268 31
739788 824
740300 112
740820 696
741332 255
741848 526
742360 449
742880 335
743392 632
743912 167
744424 782
744940 60
745456 871
745972 24
746484 871
747004 71
747516 783
748036 199
748548 639
749064 384
749576 455
750096 568
750608 271
751128 732
751640 120
752160 846
752672 35
753188 896
753700 31
754220 828
754732 112
755252 704
755764 255
756280 527
756796 449
757312 335
757824 632
758344 167
758856 783
759376 60
759888 871
760404 24
760916 871
761436 71
761948 783
762468 199
762980 639
763500 384
764012 462
764528 563
765040 271
765560 732
766072 124
766592 844
767104 35
767620 896
768132 31
768652 830
769164 112
769684 704
770196 255
770716 536
771228 448
771744 344
772256 632
772776 176
773288 775
773808 60
774320 871
774836 24
775352 876
775868 67
776380 768
776900 192
777416 608
777928 368
778448 419
778960 551
779480 240
779992 719
780508 96
781024 839
781540 30
782052 896
782572 39
783084 831
783604 135
784116 711
784632 295
785144 543
785664 483
786176 353
786696 664
787208 184
787724 799
788240 63
788756 880
788772 856
789284 79
789804 748
790316 207
790832 583
791344 385
791864 399
792376 574
792892 248
793404 768
793924 99
794440 857
794952 31
795472 881
795984 39
796504 812
797016 127
797532 671
798048 287
798564 496
799076 481
799596 312
800108 655
800628 145
801140 799
801656 48
802172 880
802688 28
803200 864
803720 92
804232 768
804752 227
805264 609
805780 408
806292 428
806812 591
807324 248
807844 768
808356 99
808872 856
809388 31
809904 881
810416 39
810936 812
811448 127
811968 671
812480 287
812996 504
813508 480
814028 312
814540 655
815060 152
815572 799
816092 48
816604 880
817120 28
817632 864
818152 88
818664 768
819184 224
819696 611
820212 408
820724 432
821244 591
821756 248
822276 768
822788 103
823308 856
823820 31
824336 881
824848 39
825368 816
825880 127
826400 675
826912 287
827428 504
827944 480
828460 316
828972 655
829492 152
830004 799
830524 48
831036 880
831552 28
832064 864
832584 88
833096 769
833616 224
834128 615
834644 399
835160 433
835676 590
836188 252
836708 768
837220 103
837740 856
838252 31
838768 888
839280 39
839800 816
840312 127
840832 679
841344 286
841860 508
842376 472
842892 319
843404 639
843924 156
844436 796
844956 49
845468 876
845984 24
846496 867
847016 83
847528 775
848048 220
848560 624
849076 398
849592 440
850108 575
850620 255
851140 743
851652 110
852172 856
852684 31
853200 888
853712 35
854232 816
854744 124
855264 686
855776 280
856292 512
856808 467
857324 319
857836 639
858356 159
858868 792
859388 51
859900 876
860416 24
860928 867
861448 79
861960 775
862480 216
862992 624
863512 391
864024 448
864540 575
865052 255
865572 743
866084 112
866604 856
867116 31
867632 888
868144 35
868664 824
869176 124
869692 711
870204 295
870724 543
871240 481
871752 355
872272 655
872784 184
873304 799
873816 63
874332 880
874844 24
875364 864
875876 63
876396 768
876908 188
877428 611
877940 359
878456 430
878968 543
879488 248
880000 716
880520 103
881032 831
881548 31
882060 896
882580 39
883092 831
883612 127
884124 711
884644 287
885156 543
885672 480
886184 355
886704 655
887216 188
887736 799
888248 63
888768 880
889280 24
889796 864
890308 63
890828 768
891340 184
891860 611
892372 359
892888 430
893400 543
893920 248
894432 716
894952 103
895464 831
895984 31
896496 896
897012 39
897524 831
898044 127
898556 716
899076 287
899588 543
900104 480
900620 359
901136 655
901648 192
902168 799
902680 63
903200 880
903712 24
904228 865
904740 63
905260 768
905772 184
906292 615
906804 355
907320 432
907836 543
908352 252
908864 711
909384 103
909896 831
910416 31
910928 896
911444 39
911956 839
912476 127
912988 719
913508 287
914020 551
914536 472
915052 359
915568 654
916080 192
916600 796
917112 63
917632 880
918144 24
918660 865
919172 63
919692 771
920204 179
920216 255
920736 527
921248 448
921764 339
922276 632
922796 176
923308 780
923828 60
924340 871
924860 24
925372 876
925888 71
926400 792
926920 195
927432 639
927952 376
928464 463
928980 560
929492 280
930012 728
930524 124
931044 844
931556 35
932076 896
932588 31
933104 831
933616 112
934136 704
934648 255
935168 536
935680 448
936196 344
936708 624
937228 176
937740 775
938260 60
938772 871
939292 24
939804 876
940320 71
940832 792
941352 193
941864 639
942384 369
942896 465
943412 560
943928 280
944444 728
944956 127
945476 839
945988 39
946508 896
947020 31
947536 831
948048 103
948568 705
949080 255
949600 536
950112 440
950628 352
951144 624
951660 177
952172 775
952692 63
953204 867
953724 24
954236 876
954752 67
955264 796
955784 192
956296 639
956816 368
957328 472
957844 556
958360 284
958876 728
959388 127
959908 839
960420 39
960940 896
961452 31
961968 831
962480 103
963000 707
963512 252
964032 542
964544 440
965064 352
965576 620
966092 184
966604 771
967124 63
967636 865
968156 24
968668 880
969184 63
969696 768
970216 192
970736 608
971248 359
971764 423
972276 551
972796 243
973308 718
973828 99
974340 831
974860 31
975372 896
975888 39
976400 831
976920 127
977432 711
977952 287
978464 543
978980 480
979492 355
980012 655
980524 184
981044 799
981556 63
982076 880
982588 24
983104 864
983616 63
984136 768
984648 188
985168 611
985680 355
986196 430
986712 543
987228 248
987740 716
988260 103
988772 831
989292 31
989804 896
990320 39
990832 831
991352 127
991864 716
992384 287
992896 543
993412 480
993928 359
994444 655
994956 192
995476 799
995988 63
996508 880
997020 24
997536 864
998048 63
998568 768
999080 184
999600 611
1000112 355
1000628 432
1001144 543
1001660 248
1002172 711
1002692 103
1003204 831
1003724 31
1004236 896
1004752 39
1005264 831
1005784 127
1006296 718
1006816 287
1007328 543
1007848 480
1008360 359
1008876 655
1009388 192
1009908 799
1010420 63
1010940 880
1011452 24
1011968 865
1012484 63
1013000 768
1013512 184
1014032 611
1014544 355
1015064 432
1015576 543
1016092 248
1016604 716
1017124 103
1017636 831
1018156 31
1018668 896
1019188 39
1019700 831
1020216 127
1020728 718
1021248 287
1021760 547
1022280 476
1022792 359
1023308 655
1023820 192
1024340 799
1024852 63
1025372 880
1025884 24
1026404 865
1026916 63
1027432 768
1027944 184
1028464 615
1028976 353
1029496 432
1030008 543
1030524 252
1031040 711
1031556 103
1032068 831
1032588 31
1033100 896
1033620 39
1034132 831
1034648 127
1035160 719
1035680 287
1036192 551
1036712 472
1037224 359
1037740 654
1038256 192
1038772 796
1039284 63
1039804 880
1040316 24
1040836 867
1041348 63
1041864 771
1042376 179
1042896 620
1043408 352
1043928 433
1044440 542
1044956 254
1045472 711
1045988 112
1046500 856
1047020 31
1047536 888
1048048 35
1048568 824
1049080 120
1049600 689
1050112 271
1050628 519
1051140 462
1051660 327
