24 896
536 896
1056 896
1568 896
2084 896
2596 896
3116 896
3628 896
4148 896
4660 888
5180 888
5692 888
6208 888
6720 881
7240 881
7752 880
8272 880
8784 880
9300 880
9812 880
10332 878
10844 878
11364 876
11876 876
12392 871
12904 871
13424 871
13940 867
14452 867
14972 865
15484 865
16004 864
16516 864
17032 864
17544 860
18064 860
18576 856
19096 856
19608 856
20128 856
20640 847
21156 847
21668 847
22188 846
22700 844
23220 839
23732 839
24248 831
24764 831
25280 831
25792 831
26312 831
26824 828
27344 828
27856 824
28372 824
28884 824
29404 816
29916 816
30436 816
30948 812
31468 807
31980 807
32496 799
33008 799
33528 799
34040 798
34560 796
35072 792
35588 792
36104 783
36620 783
37132 782
37652 775
38164 775
38684 771
39196 769
39712 768
40224 768
40744 768
41256 768
41776 768
42288 768
42804 768
43320 748
43836 743
44348 739
44868 737
45380 736
45900 736
46412 728
46928 728
47440 719
47960 719
48472 716
48992 711
49504 707
50020 705
50536 704
51052 704
51564 696
52084 696
52596 688
53116 688
53628 679
54144 679
54656 671
55176 671
55688 668
56208 664
56720 664
57240 655
57752 655
58268 639
58780 639
59300 639
59812 639
60332 638
60844 632
61360 632
61872 624
62392 624
62904 615
63424 611
63936 608
64456 608
64968 604
65484 600
65996 591
66516 591
67028 583
67548 575
68060 575
68576 575
69092 572
69608 568
70120 568
70640 560
71152 556
71672 551
72184 543
72700 543
73212 542
73732 536
74244 536
74764 527
75276 526
75792 519
76304 515
76824 512
77336 510
77856 504
78368 504
78888 496
79400 494
79916 487
80428 483
80948 480
81460 480
81980 472
82492 472
83008 463
83524 460
84040 455
84552 451
85072 448
85584 448
86104 440
86616 433
87132 432
87644 423
88164 423
88676 415
89192 415
89704 412
90224 408
90740 399
91252 398
91772 391
92284 387
92804 384
93316 384
93832 384
94348 376
94864 368
95376 368
95896 359
96408 355
96928 352
97440 352
97956 344
98468 344
98988 335
99500 334
100020 327
100532 319
101048 319
101564 318
102080 312
102592 312
103112 305
103624 304
104144 295
104656 295
105172 287
105684 287
106204 284
106716 280
107236 275
107748 271
108264 255
108780 255
109296 255
109808 255
110328 252
110840 248
111360 248
111872 240
112388 240
112900 231
113420 231
113932 225
114452 224
114964 224
115480 216
115996 216
116512 207
117024 207
117544 199
118056 199
118576 195
119088 192
119604 192
120116 188
120636 184
121148 179
121668 176
122180 174
122696 167
123212 167
123728 159
124240 159
124760 158
125272 156
125792 152
126304 147
126820 143
127332 143
127852 135
128364 135
128884 127
129396 127
129916 127
130428 126
130944 124
131456 120
131468 120
131984 120
132496 113
133016 112
133528 112
134048 103
134560 103
135076 103
135592 99
136108 96
136620 96
137140 96
137652 92
138172 88
138684 88
139200 83
139712 79
140232 79
140744 79
141264 76
141776 71
142292 71
142804 71
143324 63
143836 63
144356 63
144868 63
145388 62
145900 60
146416 60
146928 56
147448 56
147960 56
148480 51
148992 49
149508 48
150024 48
150540 48
151052 46
151572 44
152084 39
152604 39
153116 39
153632 39
154144 39
154664 35
155176 35
155696 35
156208 31
156724 31
157240 31
157756 31
158268 31
158788 31
159300 31
159820 30
160332 30
160848 28
161360 28
161880 28
162392 28
162912 28
163424 24
163940 24
164456 24
164972 24
165484 24
166004 24
166516 24
167036 24
167548 24
168064 24
168576 24
169096 24
169608 24
170128 24
170640 24
171160 24
171672 24
172188 24
172700 24
173220 24
173732 24
174252 24
174764 28
175280 28
175792 28
176312 28
176824 30
177344 30
177856 30
178376 31
178888 31
179404 31
179916 31
180436 31
180948 31
181468 31
181980 35
182496 35
183008 35
183528 39
184040 39
184560 39
185072 39
185592 39
186104 46
186620 48
187132 48
187652 48
188164 49
188684 51
189196 56
189712 56
190224 56
190744 60
191256 60
191776 62
192288 63
192804 63
193316 63
193836 63
194352 67
194864 71
195384 71
195896 71
196416 78
196928 79
197444 79
197956 83
198476 88
198988 88
199508 92
200020 92
200540 96
201052 97
201568 99
202080 103
202600 103
203112 103
203632 110
204144 112
204660 113
205176 120
205692 120
206204 124
206724 126
207236 127
207756 127
208268 127
208784 135
209296 135
209816 143
210328 143
210848 147
211360 152
211876 156
212392 158
212908 159
213420 159
213940 167
214452 167
214972 176
215484 176
216000 179
216512 184
217032 188
217544 192
218064 192
218576 195
219092 199
219608 199
220124 207
220636 207
221156 216
221668 216
222188 224
222700 224
223216 225
223732 231
224248 231
224760 240
225280 241
225792 248
226312 252
226824 254
227340 255
227852 255
228372 255
228884 255
229404 271
229916 280
230432 280
230948 284
231464 287
231976 287
232496 295
233008 295
233528 304
234040 305
234556 312
235068 316
235588 319
236100 319
236620 319
237132 327
237652 335
238164 335
238680 344
239192 348
239712 352
240224 353
240744 359
241256 359
241772 368
242284 369
242804 384
243316 384
243836 384
244348 385
244868 391
245380 391
245896 399
246408 408
246928 408
247440 414
247960 415
248472 419
248988 423
249504 432
250020 432
250532 440
251052 448
251564 448
252084 449
252596 455
253112 455
253624 463
254144 465
254656 472
255176 476
255688 480
256204 481
256720 487
257236 492
257748 496
258268 504
258780 504
259300 508
259812 512
260328 515
260840 519
261360 524
261872 527
262392 531
262904 536
262920 536
263440 540
263952 543
264468 543
264984 551
265500 556
266012 560
266532 561
267044 568
267564 572
268076 575
268592 575
269104 575
269624 583
270136 591
270656 591
271168 600
271688 600
272200 608
272716 608
273228 611
273748 615
274260 622
274780 624
275292 632
275808 632
276320 636
276840 639
277352 639
277872 639
278384 639
278904 654
279416 655
279932 664
280444 664
280964 668
281476 671
281996 671
282508 679
283024 679
283540 688
284056 688
284568 696
285088 696
285600 704
286120 704
286632 705
287148 707
287660 711
288180 716
288692 719
289212 719
289724 728
290244 732
290756 736
291272 736
291784 737
292304 739
292816 743
293336 748
293848 768
294364 768
294880 768
295396 768
295908 768
296428 768
296940 768
297456 769
297968 771
298488 775
299004 775
299516 782
300036 783
300548 783
301068 792
301580 792
302096 796
302612 798
303128 799
303640 799
304160 799
304672 807
305192 807
305704 812
306220 816
306732 816
307252 817
307764 824
308284 824
308796 824
309312 828
309828 830
310344 831
310856 831
311376 831
311888 831
312408 831
312920 839
313436 839
313948 844
314468 846
314980 847
315500 847
316012 847
316528 856
317044 856
317560 856
318072 856
318592 860
319104 864
319624 864
320136 864
320652 864
321164 864
321684 865
322196 867
322716 867
323228 871
323748 871
324260 871
324776 871
325288 876
325808 880
326320 880
326840 880
327352 880
327868 880
328380 880
328900 880
329412 881
329932 888
330444 888
330964 888
331476 888
331992 888
332504 888
333024 896
333536 896
334056 896
334568 896
335088 896
335600 896
336116 896
336628 896
337148 896
337660 896
338180 896
338692 896
339208 896
339720 888
340240 888
340752 888
341272 888
341784 888
342304 888
342816 888
343332 881
343844 881
344364 880
344876 880
345396 880
345908 880
346424 880
346940 878
347456 876
347968 876
348488 871
349000 871
349520 871
350032 871
350548 867
351060 867
351580 865
352092 864
352612 864
353124 864
353640 864
354156 860
354672 860
355184 856
355704 856
356216 856
356736 856
357248 847
357764 847
358276 847
358796 846
359308 844
359828 839
360340 839
360856 831
361372 831
361888 831
362400 831
362920 830
363432 828
363952 825
364464 824
364980 824
365492 824
366012 816
366524 816
367044 812
367556 812
368076 807
368588 803
369104 799
369616 799
370136 799
370648 796
371168 796
371680 792
372196 792
372708 783
373228 783
373740 782
374256 775
374768 775
375288 771
375804 768
376316 768
376836 768
377348 768
377868 768
378380 768
378896 768
379408 768
379928 743
380440 743
380960 739
381472 736
381988 736
382504 732
383020 728
383532 728
384052 719
384564 719
385084 711
385596 711
386112 707
386624 704
387144 704
387656 704
388176 696
388688 696
389204 688
389720 686
390236 679
390748 679
391268 671
391780 671
392300 668
392812 664
393328 664
393840 655
394360 654
394368 654
394888 639
395400 639
395916 639
396428 639
396948 636
397460 632
397980 632
398492 624
399008 620
399524 615
400040 611
400552 608
401072 608
401584 600
402104 600
402616 591
403132 590
403644 583
404164 575
404676 575
405196 574
405708 572
406224 568
406740 561
407256 560
407768 556
408288 551
408800 543
409320 543
409832 540
410348 536
410860 531
411380 527
411892 524
412412 519
412924 515
413440 512
413956 508
414472 504
414984 504
415504 496
416016 492
416536 487
417048 483
417564 480
418076 476
418596 472
419108 465
419628 463
420140 455
420656 455
421172 449
421688 448
422200 448
422720 440
423232 432
423752 432
424264 423
424780 419
425292 415
425812 414
426324 408
426844 408
427356 399
427876 396
428388 391
428904 387
429416 384
429936 384
430448 384
430968 371
431480 368
431996 364
432508 359
433028 355
433540 352
434060 348
434572 344
435092 339
435604 335
436120 327
436632 327
437152 319
437664 319
438184 318
438696 312
439212 312
439728 304
440244 304
440756 295
441276 291
441788 287
442308 286
442820 284
443336 280
443848 271
444368 271
444880 255
445400 255
445912 255
446428 255
446944 252
447460 248
447972 243
448492 240
449004 240
449524 231
450036 227
450552 225
451064 224
451584 220
452096 216
452616 216
453128 207
453644 207
454160 199
454676 199
455188 195
455708 192
456220 192
456740 184
457252 184
457768 177
458280 176
458800 174
459312 167
459832 163
460344 159
460860 159
461376 158
461892 152
462404 152
462924 145
463436 143
463956 142
464468 135
464984 135
465496 127
466016 127
466528 127
467048 126
467560 124
468076 120
468592 115
469108 113
469628 112
470140 110
470660 103
471172 103
471688 99
472200 99
472720 96
473232 96
473752 92
474264 92
474780 88
475292 88
475812 83
476324 79
476844 79
477356 78
477876 71
478388 71
478904 71
479416 67
479936 63
480448 63
480968 63
481480 62
481996 62
482512 60
483028 56
483540 56
484060 56
484572 56
485092 51
485604 49
486120 48
486632 48
487152 48
487664 46
488184 39
488696 39
489216 39
489728 39
490244 39
490756 35
491276 35
491788 35
492308 33
492820 31
493336 31
493852 31
494368 31
494880 31
495400 31
495912 30
496432 30
496944 30
497460 28
497972 28
498492 28
499004 28
499524 25
500036 24
500552 24
501068 24
501584 24
502096 24
502616 24
503128 24
503648 24
504160 24
504676 24
505188 19
505708 24
506220 24
506740 24
507252 24
507768 24
508284 24
508800 24
509312 24
509832 24
510344 24
510864 25
511376 28
511892 28
512404 28
512924 28
513436 28
513956 30
514468 30
514988 31
515500 31
516016 31
516528 31
517048 31
517560 31
518080 33
518592 35
519108 35
519620 39
520140 39
520652 39
521172 39
521684 39
522204 46
522716 46
523232 48
523744 48
524264 48
524776 49
525296 51
525808 56
525824 56
526336 56
526856 56
527368 60
527888 60
528400 62
528916 63
529432 63
529948 63
530460 63
530980 71
531492 71
532012 71
532524 76
533040 79
533552 79
534072 79
534584 83
535104 88
535616 88
536132 92
536648 96
537164 96
537676 97
538196 99
538708 103
539228 103
539740 103
540256 112
540768 112
541288 113
541800 120
542320 120
542832 124
543348 127
543864 127
544380 127
544892 127
545412 135
545924 140
546444 143
546956 143
547472 152
547984 152
548504 156
549016 159
549536 159
550048 163
550568 167
551080 167
551596 176
552108 176
552628 184
553140 184
553660 192
554172 192
554688 193
555200 195
555720 199
556232 206
556752 207
557264 211
557784 216
558296 220
558812 224
559324 224
559844 227
560356 231
560876 238
561392 240
561904 243
562424 248
562936 252
563456 255
563968 255
564484 255
564996 255
565516 271
566028 271
566548 280
567060 281
567580 286
568092 287
568608 291
569120 295
569640 302
570152 304
570672 312
571184 312
571700 316
572216 319
572732 319
573244 327
573764 327
574276 335
574796 339
575308 344
575824 352
576336 352
576856 355
577368 359
577888 364
578400 368
578916 376
579432 384
579948 384
580460 384
580980 387
581492 391
582012 396
582524 399
583040 408
583552 409
584072 415
584584 415
585104 423
585616 423
586132 432
586648 433
587164 440
587676 448
588196 448
588708 449
589228 455
589740 460
590256 463
590768 467
591288 472
591800 480
592320 480
592832 483
593352 487
593864 494
594380 496
594892 504
595412 504
595924 510
596444 512
596956 515
597472 519
597984 526
598504 527
599016 536
599536 536
600048 542
600568 543
601080 543
601596 551
602108 558
602628 560
603140 568
603660 568
604172 572
604688 575
605200 575
605720 575
606232 588
606752 591
607264 591
607784 600
608296 604
608812 608
609324 609
609844 615
610356 615
610876 624
611388 624
611904 632
612416 632
612936 638
613448 639
613968 639
614480 639
615000 652
615512 655
616028 655
616540 664
617060 668
617572 670
618092 671
618604 671
619120 679
619636 684
620152 688
620664 689
621184 696
621696 696
622216 704
622728 704
623244 705
623756 711
624276 711
624788 718
625308 719
625820 728
626336 728
626852 732
627368 736
627880 736
628400 737
628912 743
629432 743
629944 750
630460 768
630972 768
631492 768
632004 768
632524 768
633036 768
633552 768
634068 771
634584 775
635096 775
635616 780
636128 783
636644 783
637156 783
637676 792
638192 792
638704 796
639224 799
639736 799
640256 799
640768 803
641284 807
641800 807
642316 812
642828 816
643348 816
643860 817
644380 824
644892 824
645408 824
645920 828
646440 830
646952 831
647472 831
647984 831
648504 831
649016 831
649532 839
650044 839
650564 846
651076 847
651596 847
652108 847
652624 847
653140 856
653656 856
654168 856
654688 856
655200 860
655720 864
656232 864
656748 864
657260 864
657268 864
657788 865
658300 867
658816 867
659328 870
659848 871
660360 871
660880 871
661392 876
661912 876
662424 876
662940 880
663452 880
663972 880
664484 880
665004 880
665516 881
666032 881
666548 888
667064 888
667576 888
668096 888
668608 888
669128 888
669640 896
670156 896
670668 896
671188 896
671700 896
672220 896
672732 896
673248 896
673764 896
674280 896
674792 896
675312 896
675824 896
676344 896
676856 888
677372 888
677884 888
678404 888
678916 888
679436 881
679948 881
680464 880
680980 880
681496 880
682008 880
682528 880
683040 880
683560 880
684072 876
684588 871
685104 871
685620 871
686132 871
686652 871
687164 867
687684 865
688196 865
688712 864
689224 864
689744 864
690256 864
690776 860
691288 860
691804 856
692320 856
692836 856
693348 847
693868 847
694380 847
694900 846
695412 844
695928 839
696440 839
696960 831
697472 831
697992 831
698504 831
699024 831
699536 830
700052 828
700564 824
701084 824
701596 824
702116 817
702628 816
703144 816
703656 812
704176 807
704688 807
705208 799
705720 799
706240 799
706752 798
707268 796
707780 792
708300 792
708812 783
709332 783
709844 783
710360 780
710876 775
711392 775
711904 769
712424 768
712936 768
713456 768
713968 768
714484 768
714996 768
715516 768
716028 750
716548 743
717060 743
717576 739
718092 736
718608 736
719120 732
719640 728
720152 719
720672 719
721188 718
721700 711
722220 711
722732 707
723252 704
723764 704
724280 704
724796 696
725312 689
725824 688
726344 684
726856 679
727376 671
727888 671
728404 670
728916 668
729436 664
729948 655
730468 655
730980 652
731496 639
732012 639
732528 639
733040 638
733560 633
734072 632
734592 625
735104 624
735620 612
736132 615
736652 609
737164 608
737684 604
738196 600
738716 595
739228 591
739744 588
740256 583
740776 575
741288 575
741808 574
742320 568
742836 568
743348 560
743868 560
744380 551
744900 551
745412 543
745932 543
746444 540
746960 536
747472 527
747992 527
748504 519
749024 519
749536 513
750052 511
750568 508
751084 504
751596 497
752116 496
752628 492
753148 487
753660 481
754176 480
754688 476
755208 472
755720 463
756240 462
756752 455
757268 451
757784 448
758300 448
758812 440
759332 440
759844 432
760364 428
760876 423
761392 415
761904 415
762424 412
762936 408
763456 403
763968 399
764484 391
765000 391
765516 385
766028 384
766548 384
767060 384
767580 369
768092 368
768608 359
769120 359
769640 353
770152 352
770672 348
771184 344
771700 335
772216 335
772732 327
773244 319
773764 319
774276 319
774796 316
775308 312
775824 307
776336 304
776856 295
777368 295
777888 287
778400 287
778916 286
779432 280
779948 280
780460 271
780980 255
781492 255
782012 255
782524 255
783040 255
783552 252
784072 248
784584 241
785104 240
785616 231
786136 231
786648 227
787164 224
787676 224
788196 220
788708 216
788724 216
789240 209
789756 207
790272 204
790784 199
791304 195
791816 193
792336 192
792848 192
793364 184
793876 184
794396 176
794908 176
795428 167
795940 167
796456 163
796972 159
797488 159
798000 156
798520 152
799032 152
799552 143
800064 143
800580 142
801096 135
801612 127
802132 127
802644 127
803160 127
803676 124
804192 120
804704 120
805224 115
805736 112
806256 112
806768 108
807284 103
807796 103
808316 99
808828 97
809348 96
809860 96
810376 92
810892 88
811408 88
811920 88
812440 81
812952 79
813472 79
813984 78
814500 71
815012 71
815532 71
816044 67
816564 63
817076 63
817596 63
818108 63
818624 62
819136 60
819656 56
820168 56
820688 56
821200 56
821716 51
822228 48
822748 48
823260 48
823780 48
824292 44
824812 39
825324 39
825840 39
826352 39
826872 39
827384 35
827904 35
828416 35
828932 33
829448 31
829964 31
830476 31
830996 31
831508 31
832028 31
832540 31
833056 30
833568 28
834088 28
834600 28
835120 28
835632 28
836148 25
836664 24
837180 24
837692 24
838212 24
838724 24
839244 24
839756 24
840272 24
840784 24
841304 24
841816 24
842336 24
842848 24
843364 24
843880 24
844396 24
844908 24
845428 24
845940 24
846460 24
846972 24
847488 28
848000 28
848520 28
849032 28
849552 28
850064 30
850580 30
851096 31
851612 31
852124 31
852644 31
853156 31
853676 31
854188 31
854704 35
855216 35
855736 39
856248 39
856768 39
857280 39
857796 39
858312 39
858828 44
859340 46
859860 48
860372 48
860892 48
861404 51
861920 51
862432 56
862952 56
863464 56
863984 60
864496 60
865016 63
865528 63
866044 63
866556 63
867076 67
867588 71
868108 71
868620 71
869136 78
869648 79
870168 79
870680 81
871200 88
871712 88
872232 89
872744 92
873260 96
873772 96
874292 97
874804 99
875324 103
875836 103
876352 108
876868 112
877384 112
877896 115
878416 120
878932 124
879444 124
879964 127
880476 127
880996 127
881508 127
882024 135
882540 142
883056 143
883568 145
884088 152
884600 156
885120 156
885632 159
886148 159
886664 163
887180 167
887692 172
888212 176
888724 177
889244 184
889756 184
890272 192
890784 192
891304 195
891816 199
892336 199
892848 207
893364 207
893880 216
894396 216
894908 220
895428 224
895940 225
896460 231
896972 231
897488 240
898000 240
898520 248
899032 248
899552 254
900064 255
900580 255
901096 255
901612 255
902124 271
902644 275
903156 280
903676 284
904188 287
904704 287
905216 295
905736 295
906248 304
906768 305
907280 312
907800 316
908312 318
908828 319
909340 319
909860 327
910372 334
910892 335
911404 344
911920 344
912432 352
912952 352
913464 355
913984 359
914496 368
915016 368
915528 376
916044 384
916556 384
917076 385
917588 391
918108 391
918620 399
919136 399
919652 408
920168 412
920180 412
920692 415
921212 415
921724 423
922240 428
922752 432
923272 440
923784 440
924304 448
924816 448
925332 451
925848 455
926364 462
926876 463
927396 472
927908 473
928428 480
928940 481
929456 487
929968 487
930488 496
931000 497
931520 504
932032 508
932548 511
933064 513
933580 519
934092 519
934612 527
935124 527
935644 536
936156 540
936672 543
937184 543
937704 551
938216 551
938736 560
939248 560
939764 568
940280 568
940796 574
941308 575
941828 575
942340 583
942860 588
943372 591
943888 600
944400 600
944920 608
945432 608
945952 611
946464 615
946984 620
947496 624
948012 625
948524 632
949044 636
949556 639
950076 639
950588 639
951104 639
951616 654
952136 655
952648 664
953168 664
953680 668
954200 671
954712 671
955228 675
955740 679
956260 686
956772 688
957292 689
957808 696
958320 704
958840 704
959352 704
959872 707
960384 711
960900 711
961416 719
961932 719
962444 728
962964 728
963476 732
963996 736
964508 736
965024 739
965540 743
966056 748
966568 768
967088 768
967600 768
968120 768
968632 768
969148 768
969660 768
970180 768
970692 771
971212 775
971724 775
972240 782
972756 783
973272 783
973784 792
974304 792
974816 793
975336 796
975848 799
976364 799
976876 799
977396 807
977908 807
978428 807
978940 812
979456 816
979972 816
980488 817
981000 824
981520 824
982032 825
982552 828
983064 830
983580 831
984092 831
984612 831
985124 831
985644 839
986156 839
986676 844
987188 846
987704 847
988216 847
988736 847
989248 856
989768 856
990280 856
990796 856
991308 860
991828 860
992340 864
992860 864
993372 864
993892 864
994404 865
994920 867
995432 867
995952 871
996464 871
996984 871
997496 871
998012 876
998528 876
999044 876
999556 880
1000076 880
1000588 880
1001108 880
1001620 880
1002136 880
1002648 881
1003168 888
1003680 888
1004200 888
1004712 888
1005232 888
1005744 888
1006260 896
1006772 896
1007292 896
1007804 896
1008324 896
1008836 896
1009352 896
1009868 896
1010384 896
1010896 896
1011416 896
1011928 896
1012448 896
1012960 888
1013476 888
1013988 888
1014508 888
1015020 888
1015540 888
1016052 881
1016568 881
1017084 880
1017600 880
1018112 880
1018632 880
1019144 880
1019664 878
1020176 876
1020692 876
1021204 871
1021724 871
1022236 871
1022756 871
1023268 867
1023784 867
1024300 867
1024816 865
1025328 864
1025848 864
1026360 864
1026880 860
1027392 860
1027908 856
1028420 856
1028940 856
1029452 856
1029972 847
1030484 847
1031004 847
1031516 846
1032032 844
1032544 839
1033064 839
1033584 831
1034096 831
1034612 831
1035124 831
1035644 831
1036156 830
1036676 828
1037188 824
1037704 824
1038220 824
1038736 816
1039248 816
1039768 816
1040280 812
1040800 807
1041312 807
1041828 799
1042340 799
1042860 799
1043372 798
1043892 796
1044404 792
1044920 792
1045436 783
1045952 783
1046464 782
1046984 780
1047496 775
1048016 771
1048528 769
1049044 768
1049556 768
1050076 768
1050588 768
1051108 768
1051620 768
