24 1023
88 255
148 192
212 112
272 56
340 7
404 0
464 0
528 0
588 31
652 96
716 143
776 224
840 287
900 384
964 448
1024 511
1088 574
1148 624
1212 664
1272 704
1336 704
1400 704
1464 704
1524 668
1588 636
1652 608
1712 560
1776 510
1836 480
1900 415
1960 384
2024 352
2084 319
2148 304
2208 287
2272 284
2332 286
2400 295
2464 316
2528 335
2588 384
2652 387
2712 415
2776 448
2836 480
2900 504
2960 513
3024 531
3084 543
3148 547
3208 547
3272 543
3332 540
3404 526
3464 512
3528 504
3588 480
3652 480
3712 448
3776 448
3836 415
3900 403
3960 398
4024 391
4084 387
4148 391
4212 391
4272 399
4336 412
4396 415
4464 448
4528 448
4588 449
4652 480
4712 480
4776 480
4836 496
4900 496
4964 496
5024 496
5088 496
5148 496
5212 480
5272 480
5336 480
5396 480
5464 455
5528 449
5588 448
5652 448
5716 448
5776 448
5840 448
5900 448
5964 448
6024 448
6088 448
6148 448
6212 448
6272 448
6336 451
6396 455
6460 480
6528 480
6592 480
6652 480
6716 480
6776 480
6840 480
6900 480
6964 480
7024 480
7088 480
7148 480
7212 480
7272 455
7336 454
7400 451
7460 449
7528 448
7592 448
7652 448
7716 448
7776 448
7840 448
7900 448
7964 448
8024 448
8088 449
8152 451
8212 455
8276 455
8336 455
8400 455
8460 480
8528 480
8592 480
8652 480
8716 480
8776 480
8840 480
8904 480
8964 480
9028 457
9088 455
9152 455
9212 455
9276 455
9336 455
9400 455
9460 451
9524 455
9592 455
9652 455
9716 455
9780 455
9840 455
9904 455
9964 455
10028 455
10088 455
10152 455
10212 455
10276 455
10336 457
10400 455
10460 460
10524 480
10592 480
10656 480
10716 480
10780 455
10840 455
10904 455
10964 455
11028 455
11088 455
11152 455
11212 455
11276 454
11336 449
11400 451
11464 454
11524 455
11592 455
11656 455
11716 455
11780 455
11840 455
11904 455
11964 457
12028 480
12088 480
12152 480
12216 480
12276 480
12340 480
12400 480
12464 480
12524 480
12588 480
12656 457
12716 455
12780 455
12840 455
12904 455
12968 455
13028 451
13092 451
13152 451
13216 451
13276 451
13340 455
13400 455
13464 455
13524 455
13588 455
13656 455
13720 455
13780 455
13844 455
13904 457
13968 457
14028 455
14092 455
14152 463
14216 455
14276 455
14340 455
14400 455
14464 455
14524 455
14588 455
14652 455
14720 455
14780 455
14844 455
14904 455
14968 455
15028 455
15092 455
15152 455
15216 455
15276 455
15340 455
15404 455
15464 455
15528 455
15588 455
15652 455
15720 455
15780 455
15844 455
15904 455
15968 455
28 387
92 287
152 192
216 120
276 56
340 7
400 0
464 0
524 3
592 48
656 96
720 159
780 240
844 312
904 384
968 449
1028 519
1092 575
1152 632
1216 664
1276 704
1340 704
1400 704
1464 704
1524 664
1588 636
1656 585
1720 543
1780 504
1844 454
1904 415
1968 384
2028 352
2092 319
2152 304
2216 287
2276 287
2340 287
2404 304
2464 319
2528 352
2588 384
2656 391
2720 448
2780 448
2844 480
2904 504
2968 513
3028 527
3092 542
3156 543
3216 543
3280 542
3340 529
3404 519
3464 510
3528 496
3588 480
3652 455
3720 448
3780 448
3844 415
3908 399
3968 396
4032 391
4092 390
4156 391
4216 396
4280 399
4340 414
4404 419
4464 448
4528 448
4588 449
4652 480
4720 480
4784 480
4844 496
4908 496
4968 496
5032 496
5092 496
5156 496
5216 480
5280 480
5340 480
5404 480
5464 451
5528 448
5592 448
5652 448
5720 448
5784 448
5844 448
5908 448
5968 448
6032 448
6092 448
6156 448
6216 448
6280 448
6344 449
6404 455
6468 455
6528 480
6592 480
6652 480
6716 480
6784 480
6844 480
6908 480
6968 480
7032 480
7096 480
7156 480
7220 455
7280 455
7344 451
7404 449
7468 448
7528 448
7592 448
7652 448
7716 448
7784 448
7844 448
7908 448
7972 448
8032 449
8096 451
8156 455
8220 455
8280 455
8344 455
8404 480
8468 480
8528 480
8592 480
8652 480
8716 480
8784 457
8848 455
8908 455
8972 455
9032 455
9096 455
9156 451
9220 451
9280 451
9344 451
9404 451
9468 451
9528 454
9592 454
9656 455
9716 455
9780 455
9848 455
9908 455
9972 455
10032 457
10096 455
10156 455
10220 455
10280 455
10344 455
10408 455
10468 455
10532 455
10592 455
10656 455
10716 455
10780 455
10848 455
10908 455
10972 455
11032 455
11096 455
11160 455
11220 455
11284 454
11344 451
11408 455
11468 454
11532 455
11592 455
11656 455
11716 455
11780 455
11840 455
11912 455
11972 455
12036 455
12096 455
12160 455
12220 455
12284 457
12344 480
12408 460
12468 455
12532 460
12592 455
12656 455
12716 457
12780 457
12844 455
12912 455
12972 455
13036 455
13096 455
13160 455
13220 455
13284 455
13344 455
13408 455
13468 455
13532 455
13596 455
13656 455
13720 455
13780 455
13844 455
13912 455
13972 460
14036 460
14096 460
14160 460
14220 455
14284 455
14348 455
14408 455
14472 455
14532 455
14596 455
14656 455
14720 455
14780 455
14844 455
14904 455
14972 455
15036 455
15100 455
15160 455
15224 455
15284 455
15348 455
15408 457
15472 480
15532 480
15596 480
15656 480
15720 480
15780 480
15844 480
15904 480
15976 480
40 384
100 271
164 192
228 112
288 56
352 14
412 0
476 0
536 15
600 60
660 112
724 192
784 240
848 319
916 391
980 480
1040 527
1104 583
1164 636
1228 668
1288 704
1352 704
1412 704
1476 675
1536 652
1600 624
1660 575
1724 542
1784 504
1848 451
1916 408
1980 384
2040 352
2104 318
2164 304
2228 287
2288 287
2352 304
2412 316
2476 323
2536 352
2600 384
2664 399
2724 448
2788 451
2848 480
2916 504
2980 515
3040 527
3104 540
3164 543
3228 543
3288 540
3352 527
3416 513
3476 508
3540 496
3600 480
3664 454
3724 448
3788 448
3848 415
3912 408
3980 398
4040 391
4104 391
4168 391
4228 399
4292 408
4352 415
4416 448
4476 448
4540 448
4600 451
4664 480
4724 480
4788 480
4848 496
4912 496
4980 496
5044 496
5104 496
5168 496
5228 480
5292 480
5352 480
5416 480
5476 455
5540 448
5600 448
5664 448
5724 448
5788 448
5848 448
5912 448
5980 448
6044 448
6104 448
6168 448
6228 448
6292 448
6352 448
6416 451
6476 455
6540 457
6600 480
6664 480
6728 480
6788 480
6852 480
6912 480
6976 480
7044 480
7104 480
7168 457
7228 455
7292 454
7352 449
7416 448
7480 448
7540 448
7604 448
7664 448
7728 448
7788 448
7852 448
7912 448
7976 448
8044 449
8104 451
8168 451
8232 455
8292 455
8356 455
8416 480
8480 480
8540 480
8604 480
8664 455
8728 455
8788 455
8852 455
8912 454
8976 451
9036 451
9108 449
9168 448
9232 448
9292 448
9356 448
9416 448
9480 448
9540 449
9604 449
9664 451
9728 451
9788 455
9852 455
9916 455
9976 455
10040 455
10108 455
10168 457
10232 480
10292 455
10356 455
10416 455
10480 455
10540 455
10604 455
10668 455
10728 455
10792 455
10852 455
10916 454
10976 451
11040 451
11108 451
11168 454
11232 451
11292 451
11356 455
11420 455
11480 455
11544 455
11604 455
11668 455
11728 455
11792 455
11852 455
11916 455
11976 455
12040 455
12100 455
12168 455
12232 455
12296 455
12356 455
12420 455
12480 455
12544 455
12604 455
12668 455
12728 455
12792 455
12852 455
12916 455
12976 455
13040 455
13100 455
13172 457
13232 480
13296 460
13356 480
13420 480
13480 460
13544 455
13604 460
13668 455
13728 455
13792 455
13852 455
13916 455
13980 455
14040 455
14104 455
14172 455
14232 455
14296 455
14356 455
14420 455
14480 455
14544 455
14604 455
14668 455
14732 455
14792 455
14856 455
14916 455
14980 455
15040 455
15104 455
15164 455
15232 455
15296 455
15356 455
15420 455
15484 457
15544 455
15608 455
15668 457
15732 480
15792 463
15856 455
15916 480
15980 459
48 384
116 252
180 159
240 96
304 35
364 3
428 0
488 0
552 30
612 63
676 126
740 192
800 255
864 352
924 408
988 480
1048 543
1112 608
1180 639
1240 671
1304 704
1364 704
1428 704
1492 671
1552 639
1616 608
1676 574
1740 527
1800 496
1864 448
1924 399
1988 384
2048 335
2112 318
2180 304
2240 291
2304 295
2368 312
2428 319
2492 352
2552 384
2616 384
2676 414
2740 448
2800 480
2864 496
2924 510
2988 524
3048 536
3112 543
3180 543
3244 543
3304 536
3368 524
3428 512
3492 504
3552 480
3616 480
3676 448
3740 448
3800 419
3864 414
3924 399
3988 398
4052 391
4112 391
4176 399
4244 399
4304 412
4368 415
4428 448
4492 448
4552 448
4616 455
4676 480
4740 480
4804 480
4864 496
4928 496
4988 496
5052 496
5112 496
5176 480
5244 480
5304 480
5368 480
5428 448
5492 451
5556 448
5616 448
5680 448
5740 448
5804 448
5864 448
5928 448
5988 448
6052 448
6112 448
6176 448
6244 448
6304 448
6368 448
6432 451
6492 455
6556 455
6616 480
6680 480
6740 480
6804 480
6864 480
6928 480
6988 480
7052 480
7112 480
7176 455
7236 455
7308 455
7368 451
7432 449
7492 448
7556 448
7616 448
7680 448
7740 448
7804 448
7864 448
7928 448
7988 449
8052 449
8116 451
8176 455
8240 455
8308 455
8368 455
8432 455
8492 480
8556 480
8616 480
8680 457
8740 480
8804 455
8868 455
8928 455
8992 455
9052 455
9116 455
9176 451
9240 451
9300 449
9368 451
9432 449
9492 449
9556 449
9620 449
9680 449
9744 449
9804 451
9868 451
9928 451
9992 451
10052 455
10116 455
10176 455
10240 455
10300 455
10368 455
10432 455
10496 455
10556 455
10620 455
10680 455
10744 455
10804 455
10868 454
10928 455
10992 454
11052 451
11116 451
11176 455
11240 451
11304 455
11372 455
11432 455
11496 455
11556 455
11620 455
11680 455
11744 455
11804 455
11868 455
11928 455
11992 455
12056 455
12116 455
12180 451
12240 451
12304 451
12364 451
12432 451
12496 449
12556 449
12620 451
12680 449
12744 451
12808 451
12868 451
12932 451
12992 455
13056 455
13116 455
13180 455
13240 455
13304 455
13364 455
13432 455
13496 455
13560 455
13620 455
13684 455
13744 455
13808 455
13868 455
13932 455
13992 455
14056 455
14116 455
14180 455
14240 455
14304 455
14364 455
14436 455
14496 455
14560 455
14620 455
14684 455
14744 455
14808 455
14868 455
14932 455
14992 455
15056 455
15116 455
15180 455
15240 455
15304 455
15368 455
15428 455
15496 455
15560 455
15620 455
15684 455
15744 455
15808 455
15868 455
15932 455
15992 455
