20 1023
84 227
144 135
208 62
276 7
340 0
400 12
464 63
524 156
588 255
648 384
712 512
772 636
836 768
896 830
960 896
1024 903
1084 896
1148 864
1208 771
1276 668
1340 543
1400 448
1464 312
1524 195
1588 120
1648 60
1712 31
1776 35
1836 76
1900 143
1960 248
2024 352
2084 480
2148 575
2208 704
2272 771
2340 839
2400 896
2464 896
2528 831
2588 768
2652 704
2712 575
2776 480
2836 384
2900 254
2960 163
3024 112
3084 67
3148 63
3208 96
3272 152
3340 240
3404 335
3464 448
3528 547
3588 639
3652 768
3712 798
3776 831
3836 831
3900 824
3960 768
4024 704
4084 608
4148 504
4212 391
4272 295
4340 224
4404 143
4464 112
4528 96
4588 120
4652 159
4712 240
4776 316
4836 412
4900 510
4964 608
5024 704
5088 768
5148 796
5212 807
5272 798
5336 768
5404 704
5464 608
5528 518
5588 419
5652 327
5716 254
5776 192
5840 143
5900 127
5964 127
6024 163
6088 224
6148 291
6212 384
6272 480
6336 568
6404 647
6464 736
6528 768
6592 775
6652 775
6716 768
6776 704
6840 632
6900 543
6964 455
7024 384
7088 287
7148 224
7212 192
7272 156
7336 152
7396 192
7468 224
7528 287
7592 384
7652 448
7716 531
7776 608
7840 671
7900 768
7964 768
8024 768
8088 768
8148 704
8212 639
8276 572
8336 496
8400 408
8468 319
8528 255
8592 224
8652 192
8716 192
8776 192
8840 240
8900 284
8964 352
9028 419
9088 504
9152 575
9212 639
9276 704
9336 736
9400 768
9468 736
9528 704
9592 639
9652 575
9716 508
9780 448
9840 384
9904 291
9964 248
10028 224
10088 199
10152 224
10212 240
10276 280
10336 334
10400 399
10460 480
10528 547
10592 608
10656 655
10716 704
10780 705
10840 704
10904 704
10964 639
11028 583
11088 519
11152 451
11212 385
11276 319
11336 275
11400 248
11464 224
11532 240
11592 252
11656 286
11716 335
11780 391
11840 455
11904 519
11964 575
12028 636
12088 668
12152 704
12216 704
12276 671
12340 639
12400 591
12464 536
12532 480
12592 408
12656 352
12716 304
12780 255
12840 252
12904 248
12964 255
13028 286
13092 327
13152 384
13216 448
13276 504
13340 560
13400 608
13464 639
13524 655
13592 670
13656 655
13716 636
13780 591
13844 543
13904 496
13968 448
14028 384
14092 327
14152 287
14216 270
14276 255
14340 263
14400 287
14464 319
14524 384
14592 448
14656 480
14720 536
14780 575
14844 624
14904 639
14968 647
15028 639
15092 632
15152 608
15216 551
15276 508
15340 448
15400 399
15464 384
15524 319
15588 287
15652 275
15716 280
15776 295
15840 319
15904 384
15964 412
28 384
92 255
152 143
216 63
276 7
340 0
404 15
464 63
532 159
596 271
656 391
720 519
780 639
844 768
904 831
968 896
1028 903
1092 896
1156 839
1216 768
1280 664
1340 543
1404 448
1464 312
1532 192
1596 120
1656 60
1720 31
1780 48
1844 96
1908 159
1968 254
2032 384
2092 480
2156 591
2216 704
2280 775
2340 831
2404 896
2464 864
2528 830
2596 768
2656 671
2720 572
2784 451
2844 352
2908 248
2968 159
3032 112
3092 71
3156 71
3216 112
3280 159
3340 240
3404 335
3464 448
3528 543
3596 654
3660 768
3720 798
3784 830
3844 831
3908 803
3968 768
4032 704
4092 588
4156 496
4216 384
4280 287
4340 224
4404 143
4468 112
4528 112
4592 126
4660 192
4720 248
4784 319
4844 415
4908 515
4968 624
5032 704
5092 768
5156 796
5220 799
5280 783
5344 768
5404 704
5468 608
5528 515
5592 384
5660 319
5720 252
5784 192
5844 143
5908 127
5972 142
6032 192
6096 240
6156 312
6220 391
6280 480
6344 574
6404 639
6468 707
6528 768
6592 771
6660 768
6724 768
6784 704
6848 624
6908 531
6972 448
7032 384
7096 287
7156 224
7220 192
7280 159
7344 159
7404 192
7468 240
7528 291
7592 384
7656 449
7720 542
7784 624
7848 675
7908 768
7972 768
8032 768
8096 768
8156 704
8220 632
8280 560
8344 480
8404 391
8468 319
8528 255
8592 224
8652 192
8724 192
8784 199
8848 248
8908 291
8972 384
9032 448
9096 512
9156 579
9220 639
9280 704
9344 736
9404 768
9468 711
9532 704
9592 636
9656 572
9724 496
9784 415
9848 352
9908 287
9972 248
10032 224
10096 199
10156 224
10220 248
10284 287
10344 352
10408 414
10468 496
10532 551
10592 624
10656 655
10716 704
10784 705
10848 704
10908 671
10972 636
11036 575
11096 512
11160 448
11220 384
11284 319
11344 270
11408 240
11468 224
11532 224
11592 252
11656 286
11716 335
11784 399
11848 480
11912 527
11972 585
12036 638
12096 671
12160 704
12220 704
12284 668
12344 636
12408 583
12468 527
12532 480
12592 401
12656 352
12720 304
12780 255
12848 248
12912 248
12972 255
13036 287
13096 332
13160 384
13220 448
13284 508
13344 568
13408 608
13472 639
13532 664
13596 670
13656 655
13720 636
13780 591
13848 540
13912 480
13972 448
14036 384
14096 319
14160 287
14224 263
14284 255
14348 268
14408 287
14472 327
14532 384
14596 448
14656 480
14720 536
14780 575
14848 624
14912 639
14976 647
15036 639
15100 632
15160 591
15224 543
15284 504
15348 448
15408 391
15472 352
15532 316
15596 287
15656 271
15720 280
15780 291
15844 319
15912 384
15976 415
40 384
104 240
168 127
228 60
292 7
352 0
416 24
476 96
540 192
600 280
664 399
724 527
792 664
856 768
920 839
980 896
1044 903
1104 896
1168 831
1228 768
1292 639
1352 527
1416 408
1476 287
1540 192
1600 112
1664 56
1724 31
1796 56
1856 96
1920 192
1980 263
2044 384
2104 504
2168 624
2228 711
2292 796
2352 847
2416 896
2476 864
2540 828
2604 768
2664 670
2728 568
2788 448
2856 327
2920 240
2980 147
3044 96
3104 63
3168 67
3228 112
3292 159
3356 252
3416 352
3480 451
3540 568
3604 655
3664 768
3728 799
3788 831
3856 831
3920 803
3980 768
4044 671
4108 575
4168 480
4232 384
4292 280
4356 195
4416 135
4480 112
4540 96
4604 124
4664 192
4728 240
4788 319
4856 448
4920 527
4984 632
5044 704
5108 768
5168 799
5232 807
5292 792
5356 768
5416 704
5480 608
5540 510
5604 414
5664 319
5728 248
5788 192
5852 140
5920 127
5984 135
6044 192
6108 240
6168 318
6232 399
6292 496
6356 575
6416 655
6480 736
6540 768
6604 775
6668 768
6728 768
6792 704
6852 624
6920 519
6984 448
7044 384
7108 271
7168 224
7232 192
7292 158
7356 159
7420 192
7480 240
7544 304
7604 384
7668 480
7728 543
7792 624
7852 704
7916 768
7980 768
8044 768
8108 768
8168 704
8232 624
8292 543
8356 480
8416 387
8480 319
8540 255
8604 224
8664 192
8728 192
8788 195
8852 240
8912 287
8984 384
9044 448
9108 513
9168 583
9232 639
9292 704
9356 736
9416 768
9480 711
9540 704
9604 632
9664 568
9728 496
9792 415
9852 352
9916 287
9984 248
10044 224
10108 199
10168 224
10232 248
10292 287
10356 352
10416 415
10480 496
10544 560
10604 624
10668 664
10728 704
10792 705
10852 704
10916 671
10976 636
11044 574
11108 510
11168 448
11232 384
11296 318
11356 270
11420 240
11480 224
11544 240
11604 254
11668 287
11728 352
11792 399
11852 480
11916 527
11976 583
12044 638
12108 670
12172 704
12232 704
12296 659
12356 632
12420 575
12480 519
12544 455
12604 396
12668 352
12728 294
12792 255
12852 248
12916 248
12976 255
13040 291
13108 352
13172 391
13232 451
13296 512
13356 572
13420 624
13480 639
13544 664
13604 670
13668 654
13728 632
13792 583
13856 536
13916 480
13980 415
14040 384
14108 318
14172 286
14232 255
14296 255
14356 271
14420 295
14480 335
14544 384
14608 448
14668 496
14732 543
14792 585
14856 632
14916 639
14980 647
15040 639
15108 624
15172 583
15232 540
15296 496
15360 448
15420 384
15484 352
15544 312
15608 286
15668 271
15732 280
15792 304
15856 327
15916 384
15980 415
48 335
112 224
172 120
236 48
296 0
360 0
420 30
484 96
544 192
608 304
668 419
732 547
792 670
856 768
920 847
980 896
1048 903
1112 896
1172 824
1236 768
1296 632
1360 510
1420 385
1484 271
1544 192
1608 96
1672 56
1732 31
1796 56
1856 112
1920 192
1980 271
2048 399
2112 515
2172 632
2236 768
2296 799
2360 864
2424 896
2484 864
2548 816
2608 768
2672 647
2732 543
2796 448
2856 319
2920 224
2980 143
3044 96
3112 63
3176 76
3236 120
3300 192
3360 263
3424 384
3484 480
3548 575
3608 671
3672 768
3732 807
3796 831
3856 831
3920 799
3980 768
4044 664
4112 560
4176 451
4236 384
4300 255
4360 192
4424 127
4484 112
4548 112
4608 127
4672 192
4732 255
4796 352
4860 448
4920 543
4984 638
5044 707
5112 771
5176 799
5236 803
5300 783
5360 768
5424 664
5484 575
5548 496
5612 387
5672 304
5736 224
5796 192
5860 127
5920 126
5984 142
6044 192
6108 252
6176 332
6236 419
6300 512
6364 608
6424 671
6488 768
6548 768
6612 775
6672 768
6736 768
6796 671
6860 608
6920 512
6984 448
7044 352
7108 255
7176 199
7240 163
7300 152
7364 159
7424 193
7488 252
7548 319
7612 396
7672 480
7736 568
7796 638
7860 704
7920 768
7984 768
8044 768
8108 768
8172 671
8240 608
8300 527
8364 448
8424 384
8488 295
8548 248
8612 195
8672 192
8736 192
8796 199
8860 252
8924 312
8984 384
9048 449
9108 527
9172 608
9240 664
9300 704
9364 768
9424 768
9488 707
9548 671
9612 624
9676 543
9736 480
9800 399
9860 327
9924 271
9984 240
10048 224
10108 195
10172 224
10240 254
10300 304
10364 384
10428 448
10488 508
10552 575
10612 636
10676 671
10736 704
10800 707
10860 704
10924 670
10984 632
11048 568
11108 504
11172 448
11232 384
11304 304
11364 255
11428 240
11488 224
11552 240
11612 255
11676 295
11736 384
11800 415
11860 480
11924 543
11984 608
12048 639
12112 671
12172 704
12236 704
12304 655
12364 624
12428 572
12488 510
12552 448
12612 384
12676 327
12736 286
12800 255
12864 248
12924 248
12988 255
13048 295
13112 352
13172 396
13236 455
13304 519
13364 575
13428 624
13488 647
13552 670
13616 670
13676 647
13740 624
13800 575
13864 524
13924 480
13988 414
14048 384
14112 316
14172 284
14236 255
14296 255
14364 271
14428 304
14492 352
14552 387
14616 448
14676 504
14740 547
14800 591
14864 632
14924 639
14988 639
15048 639
15112 624
15172 575
15236 536
15296 496
15368 448
15428 384
15492 335
15552 304
15616 284
15676 280
15740 286
15800 312
15864 352
15924 384
15988 448
