16 419
84 280
144 192
208 76
268 15
340 0
400 7
464 62
524 143
588 252
648 384
712 504
776 624
836 768
900 824
960 896
1024 899
1084 896
1148 847
1212 771
1272 671
1336 568
1404 448
1464 316
1528 224
1592 124
1652 63
1716 31
1776 48
1840 96
1900 143
1964 248
2024 352
2088 480
2156 583
2216 704
2280 771
2344 831
2412 864
2476 864
2536 824
2600 768
2660 670
2724 568
2784 451
2848 352
2908 252
2972 159
3032 112
3096 71
3164 71
3228 112
3288 192
3352 252
3412 352
3484 480
3544 572
3608 668
3668 768
3732 799
3792 830
3856 830
3916 799
3980 768
4040 670
4104 575
4172 480
4236 384
4296 271
4360 192
4420 135
4492 112
4552 112
4616 127
4676 192
4740 255
4800 352
4864 448
4924 542
4988 636
5048 704
5112 768
5176 796
5244 799
5304 775
5368 768
5428 664
5492 575
5560 480
5624 384
5684 295
5748 224
5808 192
5872 135
5932 127
5996 156
6060 195
6120 255
6184 352
6252 448
6312 519
6376 608
6436 675
6500 768
6568 768
6632 768
6692 768
6756 707
6816 639
6880 575
6944 496
7004 403
7068 319
7128 255
7192 199
7260 192
7320 159
7384 192
7444 224
7508 270
7568 352
7640 448
7700 511
7764 588
7828 655
7888 704
7952 768
8012 768
8076 768
8136 704
8200 639
8268 575
8328 504
8392 415
8452 352
8516 284
8580 240
8648 193
8712 192
8772 195
8836 240
8896 284
8960 352
9020 415
9084 496
9144 568
9208 632
9268 671
9336 707
9400 992
9464 710
9524 704
9588 638
9648 575
9720 508
9780 448
9844 384
9904 304
9968 255
10028 224
10092 224
10152 224
10216 248
10276 286
10344 352
10408 412
10472 480
10532 543
10596 608
10656 647
10728 704
10788 704
10852 704
10912 670
10976 632
11036 575
11100 512
11160 448
11224 384
11284 327
11356 280
11416 252
11480 240
11540 240
11604 255
11664 291
11728 352
11796 408
11860 480
11920 527
11984 579
12044 632
12108 655
12168 671
12232 671
12296 649
12364 624
12424 572
12488 512
12548 455
12612 399
12672 352
12736 304
12804 268
12868 255
12928 255
12992 271
13052 312
13116 352
13180 399
13240 451
13304 511
13364 568
13432 608
13496 639
13556 652
13620 652
13680 639
13744 608
13804 572
13876 512
13936 480
14000 408
14064 384
14124 319
14188 287
14248 271
14312 271
14372 287
14440 318
14504 384
14564 399
14628 449
14688 508
14752 547
14816 588
14884 624
14948 638
15008 638
15072 632
15132 608
15196 568
15256 513
15320 480
15380 415
15448 384
15512 327
15572 312
15636 287
15700 287
15760 304
15824 319
15884 384
15956 399
16016 448
16080 504
