12 419
76 287
140 192
200 96
264 28
324 0
392 7
456 60
516 127
580 240
640 384
704 480
764 608
828 736
892 803
952 896
1016 897
1076 896
1140 864
1200 792
1264 704
1324 582
1392 449
1456 334
1516 224
1580 135
1640 71
1704 48
1768 48
1828 71
1892 127
1952 224
2016 319
2076 448
2140 551
2200 655
2264 768
2324 824
2388 864
2452 864
2516 831
2576 780
2640 704
2704 608
2764 504
2828 384
2888 286
2952 193
3012 127
3076 96
3136 76
3200 96
3260 135
3324 224
3384 304
3452 412
3516 513
3580 624
3640 704
3704 768
3764 816
3828 828
3888 816
3952 768
4012 704
4076 624
4136 524
4200 448
4260 327
4324 248
4384 192
4456 127
4516 120
4580 124
4640 159
4704 224
4764 291
4828 384
4888 480
4952 574
5012 655
5076 768
5136 768
5200 792
5264 783
5324 768
5388 704
5448 636
5516 542
5580 448
5640 384
5704 280
5764 224
5828 192
5888 143
5952 143
6016 192
6076 224
6140 286
6200 384
6264 448
6324 536
6388 624
6448 704
6516 768
6580 768
6640 768
6704 768
6768 704
6828 636
6892 560
6952 480
7016 391
7076 318
7140 252
7200 199
7264 192
7324 163
7388 192
7448 224
7512 286
7580 384
7644 448
7704 512
7768 583
7828 647
7892 704
7952 768
8016 768
8076 768
8140 704
8200 639
8264 575
8324 504
8388 448
8452 352
8512 287
8580 240
8644 199
8704 192
8768 199
8828 240
8892 284
8952 352
9016 414
9076 496
9140 560
9204 624
9264 670
9328 704
9388 711
9452 705
9512 704
9580 638
9644 575
9704 511
9768 448
9828 384
9892 316
9956 255
10016 240
10080 224
10140 224
10204 248
10264 280
10328 327
10388 391
10452 455
10512 526
10576 583
10644 639
10704 671
10768 704
10832 704
10892 671
10956 638
11016 583
11080 527
11140 480
11204 399
11264 352
11328 291
11388 255
11452 240
11512 240
11576 252
11644 286
11708 327
11768 384
11832 448
11892 510
11956 568
12016 624
12080 647
12140 671
12204 671
12264 664
12328 638
12388 608
12452 542
12516 496
12576 448
12644 384
12708 318
12768 280
12832 255
12892 254
12956 255
13016 286
13080 319
13140 384
13204 448
13268 480
13328 540
13392 583
13452 632
13516 639
13576 655
13640 647
13708 632
13768 608
13832 547
13892 504
13956 448
14020 387
14080 352
14144 312
14204 284
14268 268
14328 271
14392 287
14452 319
14516 384
14576 412
14640 480
14708 515
14772 568
14832 608
14896 632
14956 639
15020 639
15080 632
15144 608
15204 560
15268 511
15328 480
15392 414
15452 384
15516 327
15576 304
15640 287
15704 287
15772 304
15832 319
15896 384
15956 399
