24 1023
84 252
148 159
212 96
272 31
336 0
396 0
460 7
520 62
584 127
644 224
708 327
768 448
832 547
892 655
960 768
1024 828
1088 896
1148 896
1212 896
1272 864
1336 799
1396 768
1460 636
1520 531
1584 448
1644 319
1708 240
1768 158
1832 96
1896 63
1956 56
2024 63
2088 112
2148 192
2212 252
2272 352
2336 448
2396 536
2460 632
2520 704
2584 768
2648 824
2708 831
2772 831
2832 816
2896 768
2956 704
3024 624
3088 527
3148 448
3212 352
3272 255
3336 195
3400 143
3460 120
3524 112
3584 120
3648 145
3708 195
3772 263
3832 352
3896 448
3956 512
4020 608
4088 671
4152 768
4212 768
4276 783
4336 783
4400 768
4460 768
4524 671
4584 608
4648 527
4708 448
4772 384
4832 304
4896 248
4956 192
5020 159
5088 152
5152 159
5212 192
5276 240
5336 287
5400 384
5460 448
5524 508
5584 574
5648 636
5708 704
5772 768
5832 768
5896 768
5960 768
6020 704
6088 639
6152 583
6212 519
6276 449
6336 384
6400 319
6460 268
6524 240
6584 199
6648 192
6712 193
6772 224
6836 255
6896 312
6960 384
7020 448
7084 496
7152 560
7212 624
7276 655
7336 704
7400 705
7464 707
7524 704
7588 671
7648 632
7712 575
7772 519
7836 480
7896 399
7960 352
8020 304
8084 255
8152 240
8216 224
8276 240
8340 252
8400 280
8464 319
8524 384
8588 448
8648 480
8712 536
8772 583
8836 632
8896 655
8960 671
9020 671
9084 670
9152 639
9216 608
9276 568
9340 513
9400 480
9464 414
9524 384
9588 319
9648 287
9712 263
9772 255
9836 255
9900 271
9960 304
10024 334
10084 384
10148 448
10216 480
10276 527
10340 572
10400 608
10464 636
10524 639
10588 647
10652 639
10712 632
10776 608
10836 560
10900 513
10960 480
11024 419
11084 384
11148 352
11216 312
11276 287
11340 280
11404 284
11464 287
11528 318
11588 352
11652 384
11712 448
11776 480
11836 511
11900 547
11960 575
12024 608
12084 632
12148 632
12208 624
12280 608
12340 575
12404 543
12464 511
12528 480
12588 448
12652 387
12712 384
12776 327
12836 316
12900 304
12960 304
13024 316
13084 327
13148 384
13212 384
13280 448
13340 480
13404 508
13464 540
13528 572
13588 583
13652 608
13712 608
13776 608
13836 588
13900 572
13964 542
14024 510
14088 480
14148 448
14212 399
14280 384
14340 352
14404 327
14464 319
14528 319
14588 327
14652 352
14712 384
14776 391
14840 448
14900 455
14964 496
15024 519
15088 543
15148 572
15212 575
15272 583
15340 583
15404 575
15464 560
15528 529
15592 508
15652 480
15716 448
15776 415
15840 385
15900 384
15964 352
15028 536
15092 568
15152 575
15216 590
15276 608
15340 588
15400 575
15464 560
15524 527
15588 504
15648 480
15712 448
15780 399
15844 384
15904 384
15968 352
16028 334
16092 335
16152 352
16216 384
16276 384
16340 408
16400 448
16464 480
16528 504
16588 521
16652 543
16712 568
16780 575
16844 575
16904 574
16968 568
17028 543
17092 519
17152 496
17216 480
17280 448
17340 412
17404 384
17464 384
17528 384
17588 352
17652 352
17712 384
17776 384
17844 387
17904 415
17968 448
18032 480
18092 496
18156 515
18216 540
18280 547
18340 568
18404 568
18464 560
18528 543
18588 529
18652 1023
18712 496
18776 480
18844 448
18908 415
18968 391
19032 384
19092 384
19156 384
19216 384
19280 384
19340 384
19404 396
19464 415
19528 448
19588 480
19652 496
19716 510
19776 526
19840 542
19904 543
19968 547
20028 543
20092 540
20156 519
20216 508
20280 496
20340 480
20404 448
20464 415
20528 399
20588 384
20652 384
20712 384
20776 384
20836 384
20904 385
20968 399
21032 419
21092 448
21156 480
21216 496
21280 508
21340 519
21404 529
21464 542
21528 543
21588 542
21652 529
21712 519
21776 508
21840 496
21908 480
21968 448
22032 448
22092 412
22156 391
22216 384
22280 384
22340 384
22404 384
22464 391
22528 412
22592 448
22652 448
22716 480
22776 480
22840 504
22900 511
22968 519
23032 527
23092 527
23156 527
23216 519
23280 511
23344 504
23404 480
23468 480
23528 448
23592 448
23652 415
23716 401
23776 396
23840 391
23900 391
23968 396
24032 408
24096 415
24156 448
24220 448
24280 480
24344 480
24404 504
24468 510
24528 513
24592 519
24652 519
24716 519
24776 513
24840 510
24900 504
24964 480
25032 480
25096 448
25156 448
25220 415
25280 412
25344 399
25404 398
25468 398
25528 399
25592 408
25652 415
25716 448
25776 448
25840 457
25904 480
25964 496
26032 504
26096 510
26156 512
26220 512
26280 512
26344 510
26404 504
26468 496
26528 480
26592 480
26656 448
26716 448
26780 448
26840 415
26904 412
26964 408
27032 408
27096 412
27156 415
27220 448
27280 448
27344 448
27408 480
27468 480
27532 496
27592 504
27656 508
27716 510
27780 510
27840 508
27904 508
27964 496
28028 496
28096 480
28160 457
28220 448
28284 448
28344 448
28408 419
28468 415
28532 415
28592 415
28656 415
28716 448
28780 448
28840 448
28904 449
28964 480
29028 480
29096 496
29160 496
29220 504
29284 504
29344 508
29408 504
29468 504
29532 496
29592 480
29656 480
29716 460
29780 448
29844 448
29904 448
29968 448
30028 419
30096 415
30160 415
30220 419
30284 448
30344 448
30408 448
30468 451
30532 480
30596 480
30656 480
30720 496
30780 496
30844 504
30904 504
30968 504
30024 448
30088 448
30148 448
30212 448
30272 448
30336 448
30396 448
30460 451
30524 480
30584 480
30652 480
30716 480
30776 496
30840 496
30900 496
30964 496
31024 496
31088 480
31148 480
31212 480
31276 455
31336 449
31400 448
31460 448
31524 448
31584 448
31652 448
31716 448
31776 448
31840 448
31900 448
31964 448
32028 451
32088 455
32152 480
32212 480
32276 480
32336 480
32400 480
32460 480
32524 480
32584 480
32648 480
32716 480
32776 480
32840 455
32904 451
32964 448
33028 448
33088 448
33152 448
33212 448
33276 448
33336 448
33400 448
33460 448
33524 448
33584 451
33648 455
33716 480
33780 480
33840 480
33904 480
33964 480
34028 480
34088 480
34152 480
34212 480
34276 480
34336 480
34400 480
34460 455
34524 451
34588 448
34648 448
34712 448
34776 448
34840 448
34904 448
34964 448
35028 448
35088 451
35152 451
35212 455
35276 480
35336 480
35400 480
35460 480
35524 480
35584 480
35648 480
35708 480
35780 480
35840 480
35904 480
35964 480
36028 455
36088 454
36152 448
36212 448
36276 448
36336 448
36400 448
36460 448
36524 448
36584 448
36648 454
36712 454
36780 455
36840 480
36904 480
36964 480
37028 480
37088 480
37152 480
37212 480
37276 480
37336 480
37400 480
37464 457
37524 455
37588 451
37648 448
37712 448
37772 448
37840 448
37904 448
37964 448
38028 448
38088 448
38152 448
38216 451
38276 455
38340 455
38400 480
38464 480
38524 480
38588 480
38648 480
38712 480
38772 480
38840 480
38904 480
38968 480
39028 480
39092 455
39152 455
39216 451
39276 449
39340 448
39400 448
39464 448
39524 448
39588 448
39648 448
39712 448
39772 449
39836 451
39904 455
39968 455
40028 480
40092 455
40152 480
40216 480
40276 480
40340 480
40400 480
40464 480
40524 480
40588 480
40652 457
40712 455
40776 451
40836 451
40904 449
40968 449
41028 448
41092 449
41152 449
41216 451
41276 451
41340 455
41404 455
41464 455
41528 480
41588 480
41652 480
41712 480
41776 480
41836 480
41904 480
41968 480
42028 480
42092 480
42156 480
42216 480
42280 455
42340 455
42404 455
42464 451
42528 451
42588 451
42652 451
42712 449
42776 449
42836 451
42900 451
42968 451
43032 455
43092 455
43156 455
43216 480
43280 480
43340 480
43404 480
43464 480
43528 480
43588 480
43652 480
43712 480
43776 480
43836 457
43900 455
43968 455
44032 455
44092 451
44156 451
44216 451
44280 449
44340 449
44404 449
44464 449
44528 451
44588 451
44652 451
44716 455
44776 455
44840 455
44900 460
44968 480
45032 480
45092 480
45156 480
45216 480
45280 480
45340 480
45404 460
45468 455
45528 455
45592 455
45652 455
45716 451
45776 451
45840 451
45900 451
45964 449
45028 480
45088 480
45152 480
45212 480
45276 480
45336 480
45400 480
45464 480
45532 455
45592 451
45656 449
45716 448
45780 448
45840 448
45904 448
45964 448
46028 448
46088 448
46152 448
46216 449
46276 451
46340 455
46400 460
46464 480
46532 480
46592 480
46656 480
46716 480
46780 480
46840 480
46904 480
46968 480
47028 480
47092 480
47152 455
47216 454
47276 449
47340 448
47400 448
47464 448
47532 448
47592 448
47656 448
47720 449
47780 451
47844 455
47904 480
47968 480
48028 480
48092 480
48152 480
48216 480
48276 480
48340 480
48400 480
48464 480
48524 480
48596 480
48656 455
48720 455
48780 451
48844 448
48904 448
48968 448
49028 448
49092 448
49152 448
49216 448
49276 449
49340 451
49404 455
49464 455
49528 480
49596 480
49656 480
49720 480
49780 480
49844 480
49904 480
49968 480
50028 480
50092 480
50156 455
50216 455
50280 451
50340 449
50404 448
50464 448
50528 448
50588 448
50656 448
50720 448
50780 448
50844 449
50908 451
50968 455
51032 455
51092 480
51156 480
51216 480
51280 480
51340 480
51404 480
51464 480
51528 480
51588 480
51656 480
51720 455
51784 455
51844 454
51908 449
51968 448
52032 448
52092 448
52156 448
52216 448
52280 448
52340 448
52404 448
52464 451
52528 455
52588 455
52660 480
52720 480
52784 480
52844 480
52908 480
52968 480
53032 480
53092 480
53156 480
53216 480
53280 480
53340 480
53404 455
53464 454
53528 451
53592 448
53652 448
53720 448
53784 448
53844 448
53908 448
53968 448
54032 451
54092 455
54156 455
54216 460
54280 480
54344 480
54404 480
54468 480
54528 480
54592 480
54652 480
54720 480
54784 480
54844 480
54908 455
54968 455
55032 451
55096 448
55156 448
55220 448
55280 448
55344 448
55404 448
55468 449
55528 451
55592 455
55652 455
55720 460
55784 480
55848 480
55908 480
55972 480
56032 480
56096 480
56156 480
56220 480
56280 480
56344 480
56404 480
56468 460
56528 455
56592 451
56652 451
56716 449
56784 448
56848 448
56908 448
56972 448
57032 448
57096 448
57156 451
57220 451
57280 455
57344 460
57404 480
57468 480
57532 480
57592 480
57656 480
57716 480
57784 480
57848 480
57908 480
57972 455
58032 455
58096 451
58156 451
58220 449
58284 448
58344 448
58408 448
58468 448
58532 448
58592 449
58656 451
58716 451
58780 455
58844 460
58908 480
58972 480
59032 480
59096 480
59156 480
59220 480
59280 480
59344 480
59404 480
59468 480
59528 455
59592 455
59652 455
59716 451
59776 449
59848 448
59908 448
59972 448
60032 449
60096 449
60156 451
60220 455
60280 455
60344 460
60404 480
60468 480
60528 480
60592 480
60652 480
60716 480
60780 480
60848 480
60908 480
60972 480
60028 455
60088 455
60152 480
60212 480
60276 480
60344 480
60408 480
60468 480
60532 480
60592 480
60656 480
60716 480
60780 455
60840 455
60904 455
60964 451
61028 451
61088 451
61152 448
61212 449
61276 449
61344 451
61408 451
61468 455
61532 455
61592 455
61656 480
61716 480
61780 480
61840 480
61904 480
61964 480
62028 480
62092 480
62152 480
62216 480
62276 480
62340 460
62408 455
62468 455
62532 451
62592 451
62656 448
62716 448
62780 448
62844 448
62904 449
62968 449
63028 451
63092 455
63152 455
63216 455
63276 480
63340 480
63408 480
63468 480
63532 480
63596 480
63656 480
63720 480
63780 460
63844 455
63904 455
63968 455
64028 451
64092 451
64152 449
64216 449
64276 449
64340 449
64400 451
64472 451
64532 455
64596 455
64656 455
64720 480
64780 480
64844 480
64904 480
64968 480
65028 480
65092 480
65152 480
65216 480
65276 480
65340 460
65404 455
65472 455
65532 454
65596 480
65656 451
65720 451
65780 451
65844 451
65904 451
65968 455
66028 455
66092 455
66156 457
66216 480
66280 480
66340 480
66404 480
66472 480
66532 480
66596 480
66656 480
66720 480
66780 480
66844 480
66908 455
66968 455
67032 455
67092 455
67156 451
67216 451
67280 451
67340 451
67404 451
67464 451
67532 455
67596 455
67660 455
67720 460
67784 480
67844 480
67908 480
67968 480
68032 480
68092 480
68156 480
68216 480
68280 480
68340 480
68404 460
68464 455
68536 455
68596 455
68660 451
68720 449
68784 448
68844 448
68908 448
68968 449
69032 449
69092 451
69156 451
69216 455
69280 455
69344 455
69404 480
69468 480
69536 480
69596 480
69660 480
69720 480
69784 480
69844 480
69908 480
69968 448
70032 455
70096 455
70156 455
70220 451
70280 451
70344 451
70404 451
70468 451
70528 451
70596 455
70660 455
70720 455
70784 455
70848 455
70908 480
70972 480
71032 480
71096 480
71156 480
71220 480
71280 480
71344 480
71404 480
71468 455
71528 455
71596 455
71660 451
71724 451
71784 449
71848 451
71908 449
71972 449
72032 449
72096 451
72156 451
72220 451
72280 455
72344 455
72404 455
72468 480
72528 480
72592 480
72660 480
72724 480
72784 480
72848 480
72908 480
72972 480
73032 480
73096 455
73156 455
73220 455
73280 451
73344 451
73408 451
73468 451
73532 451
73592 451
73660 451
73724 455
73784 455
73848 480
73908 460
73972 480
74032 480
74096 480
74160 480
74220 480
74284 480
74344 480
74408 480
74468 480
74532 460
74592 455
74660 455
74724 451
74784 451
74848 448
74912 449
74972 451
75036 449
75096 451
75160 451
75220 454
75284 455
75344 455
75408 455
75468 480
75532 480
75592 480
75656 480
75724 480
75788 480
75848 460
75912 480
75972 459
75024 480
75088 480
75156 480
75220 480
75280 480
75344 480
75404 480
75468 480
75528 480
75592 460
75652 455
75716 455
75776 455
75840 451
75900 451
75964 451
76024 451
76088 451
76156 451
76220 455
76280 455
76344 455
76404 455
76468 460
76528 480
76592 480
76652 480
76716 480
76776 480
76840 480
76900 480
76964 480
77028 480
77088 455
77156 455
77220 455
77280 451
77344 451
77404 449
77468 449
77528 449
77592 448
77652 449
77716 449
77780 451
77840 451
77904 455
77964 455
78028 455
78088 480
78152 480
78220 480
78280 480
78344 480
78404 480
78468 480
78532 480
78592 480
78656 480
78716 455
78780 455
78840 455
78904 454
78964 451
79028 451
79088 451
79152 451
79220 451
79284 451
79344 455
79408 455
79468 455
79532 480
79592 480
79656 480
79716 480
79780 480
79840 480
79904 480
79964 480
80028 480
80088 480
80152 460
80220 455
80284 455
80344 451
80408 451
80468 449
80532 449
80592 449
80656 449
80716 451
80780 451
80840 451
80904 455
80968 455
81028 455
81092 455
81152 480
81216 480
81284 480
81344 480
81408 480
81468 480
81532 480
81592 480
81656 455
81720 455
81780 455
81844 451
81904 451
81968 451
82028 449
82092 448
82152 449
82216 449
82284 451
82344 451
82408 454
82472 455
82532 480
82596 455
82656 480
82720 480
82780 480
82844 480
82904 480
82968 480
83028 480
83092 480
83152 480
83216 457
83276 455
83348 455
83408 451
83472 451
83532 451
83596 449
83656 449
83720 448
83780 449
83844 449
83904 451
83968 451
84028 455
84092 455
84152 455
84216 480
84280 480
84348 480
84408 480
84472 480
84532 480
84596 480
84656 480
84720 480
84780 480
84844 455
84904 455
84968 455
85032 451
85092 451
85156 449
85216 449
85280 449
85348 449
85408 449
85472 451
85532 454
85596 455
85656 455
85720 455
85784 480
85844 480
85908 480
85968 480
86032 480
86092 480
86156 480
86216 480
86280 480
86340 455
86408 455
86472 455
86536 455
86596 451
86660 451
86720 451
86784 451
86844 451
86908 451
86968 451
87032 454
87092 455
87156 455
87216 459
87280 480
87340 480
87412 480
87472 480
87536 480
87596 480
87660 480
87720 480
87784 480
87844 480
87908 480
87968 455
88032 455
88092 455
88156 451
88220 451
88280 449
88344 449
88412 449
88472 449
88536 449
88596 451
88660 451
88720 455
88784 455
88844 455
88908 480
88972 480
89032 480
89096 480
89156 480
89220 480
89280 480
89344 480
89404 460
89472 455
89536 455
89596 455
89660 451
89724 451
89784 451
89848 449
89908 449
89972 451
90032 451
90096 455
90156 455
90220 455
90280 455
90344 459
90404 480
90472 480
90536 480
90600 480
90660 480
90724 480
90784 480
90848 480
90908 480
90972 460
90028 480
90088 480
90152 480
90212 480
90276 480
90336 480
90400 480
90460 455
90524 455
90584 455
90648 451
90708 449
90772 449
90840 449
90904 449
90964 449
91028 451
91088 451
91152 455
91212 455
91276 455
91336 480
91400 480
91460 480
91524 480
91584 480
91648 480
91708 480
91772 480
91836 480
91904 460
91964 455
92028 455
92088 455
92152 451
92212 451
92276 451
92336 449
92400 451
92460 451
92524 451
92588 455
92648 455
92712 455
92772 457
92836 480
92904 480
92964 480
93028 480
93088 480
93152 480
93212 480
93276 480
93340 480
93400 480
93464 480
93524 457
93588 455
93648 455
93712 451
93772 451
93836 449
93904 449
93964 449
94028 449
94092 449
94152 449
94216 451
94276 455
94340 455
94400 457
94464 480
94524 480
94588 480
94648 480
94712 480
94772 480
94836 480
94896 480
94968 460
95028 455
95092 455
95152 454
95216 451
95276 451
95340 449
95400 449
95464 449
95524 451
95588 451
95648 451
95712 455
95776 455
95836 455
95900 480
95968 480
96028 480
96092 480
96152 480
96216 480
96276 480
96340 480
96400 480
96464 480
96528 460
96588 455
96652 455
96712 451
96776 451
96836 451
96900 451
96968 451
97028 451
97092 451
97152 455
97216 455
97280 455
97340 460
97404 480
97464 480
97528 480
97588 480
97652 480
97712 480
97776 480
97836 480
97900 480
97960 480
98028 480
98092 455
98156 455
98216 455
98280 451
98340 451
98404 451
98464 449
98528 451
98588 451
98652 451
98712 454
98776 455
98836 455
98900 457
98960 480
99032 480
99092 480
99156 480
99216 480
99280 480
99340 480
99404 480
99464 480
99528 480
99588 480
99652 455
99712 455
99776 455
99840 451
99900 449
99964 448
100024 448
100088 448
100152 448
100216 448
100276 449
100340 451
100400 455
100464 455
100524 455
100588 480
100648 480
100712 480
100772 480
100836 480
100896 480
100960 480
101020 480
101092 480
101152 480
101216 455
101276 455
101340 455
101400 451
101464 451
101524 451
101588 451
101648 451
101712 451
101772 451
101836 455
101900 455
101960 455
102024 455
102092 480
102152 480
102216 480
102276 480
102340 480
102400 480
102464 480
102524 480
102588 480
102652 455
102712 455
102776 455
102836 455
102900 451
102960 449
103024 449
103084 449
103152 449
103216 449
103276 449
103340 451
103404 451
103464 455
103528 455
103588 455
103652 457
103712 480
103776 480
103836 480
103900 480
103960 480
104024 480
104084 480
104152 480
104216 480
104280 480
104340 455
104404 455
104464 455
104528 451
104588 451
104652 451
104712 451
104776 451
104836 451
104900 455
104960 455
105024 455
105088 455
105148 460
105216 480
105280 480
105340 480
105404 480
105464 480
105528 480
105588 480
105652 480
105712 480
105776 455
105840 455
105900 455
105964 451
105024 455
105088 455
105148 455
105212 451
105272 451
105336 448
105396 448
105460 449
105528 448
105592 449
105652 449
105716 451
105776 454
105840 455
105900 455
105964 480
106024 480
106088 480
106148 480
106212 480
106272 480
106336 480
106396 480
106460 480
106528 480
106592 455
106652 455
106716 455
106776 451
106840 451
106900 449
106964 451
107024 451
107088 451
107148 451
107212 454
107276 455
107336 455
107400 455
107460 480
107528 480
107592 480
107652 480
107716 480
107776 480
107840 480
107900 480
107964 480
108028 480
108088 455
108152 455
108212 455
108276 451
108336 449
108400 449
108460 448
108524 449
108592 448
108652 449
108716 449
108780 451
108840 454
108904 455
108964 455
109028 457
109088 480
109152 480
109212 480
109276 480
109336 480
109400 480
109460 480
109524 480
109592 480
109656 480
109716 455
109780 455
109840 455
109904 451
109964 451
110028 451
110088 451
110152 451
110212 451
110276 451
110336 451
110400 455
110460 455
110524 480
110592 480
110656 480
110716 480
110780 480
110840 480
110904 480
110964 480
111028 480
111088 480
111152 455
111212 455
111276 455
111340 451
111400 451
111464 449
111524 449
111588 449
111656 449
111716 451
111780 451
111840 451
111904 455
111964 455
112028 455
112092 480
112152 480
112216 480
112276 480
112340 480
112400 480
112464 480
112524 480
112588 480
112656 455
112716 455
112780 451
112844 451
112904 449
112968 449
113028 449
113092 449
113152 448
113216 449
113276 451
113340 449
113400 454
113464 455
113524 455
113588 457
113648 480
113720 480
113780 480
113844 480
113904 480
113968 480
114028 480
114092 480
114152 480
114216 455
114276 455
114340 454
114400 451
114464 451
114528 449
114588 448
114652 448
114720 448
114780 449
114844 449
114904 451
114968 451
115028 455
115092 455
115152 480
115216 480
115280 480
115340 480
115404 480
115464 480
115528 480
115588 480
115652 480
115720 480
115780 480
115844 455
115904 455
115968 455
116028 451
116092 451
116156 449
116216 449
116280 449
116340 449
116404 451
116464 451
116528 451
116588 455
116652 455
116712 463
116780 480
116844 480
116908 480
116968 480
117032 480
117092 480
117156 480
117216 480
117280 460
117340 455
117404 455
117464 455
117528 451
117588 451
117652 451
117712 449
117784 451
117844 451
117908 451
117968 454
118032 455
118092 455
118156 455
118216 480
118280 480
118340 480
118404 480
118464 480
118528 480
118588 480
118652 480
118716 480
118784 480
118844 480
118908 457
118968 455
119032 455
119092 454
119156 451
119216 449
119280 449
119340 449
119404 449
119468 449
119528 449
119592 451
119652 455
119716 455
119776 455
119844 460
119908 480
119968 480
120032 480
120092 480
120156 480
120220 480
120280 480
120344 480
120404 455
120468 455
120528 455
120592 451
120652 451
120716 451
120776 449
120844 449
120908 449
120972 451
