12 415
72 287
136 192
196 96
260 17
320 0
384 0
452 56
524 140
584 252
648 384
708 504
772 624
832 768
896 824
956 896
1020 903
1080 896
1144 864
1204 780
1268 704
1332 572
1392 448
1464 316
1524 224
1592 120
1656 60
1716 31
1780 35
1840 96
1904 152
1964 248
2028 384
2088 480
2152 583
2216 704
2276 774
2340 831
2400 896
2464 896
2532 830
2600 768
2664 664
2724 568
2788 448
2848 335
2912 240
2972 158
3036 96
3100 67
3160 67
3224 112
3284 159
3348 248
3408 352
3472 448
3540 572
3608 671
3672 768
3732 799
3796 831
3856 831
3920 799
3984 768
4044 664
4108 572
4168 480
4232 384
4292 271
4356 192
4416 131
4480 112
4540 96
4616 127
4680 192
4740 255
4804 384
4868 448
4928 547
4992 639
5052 711
5116 768
5176 799
5240 799
5300 782
5364 768
5424 668
5488 575
5548 496
5620 384
5688 287
5748 224
5812 159
5876 127
5936 127
6000 152
6060 193
6124 255
6184 352
6248 448
6308 519
6372 608
6432 704
6496 768
6556 768
6620 775
6696 768
6760 707
6820 639
6884 572
6944 496
7008 398
7068 318
7132 252
7192 193
7256 159
7316 158
7380 192
7440 224
7504 255
7564 335
7628 415
7704 515
7768 608
7828 657
7892 707
7952 768
8016 768
8076 768
8140 704
8200 639
8264 575
8324 504
8388 419
8448 352
8512 284
8576 240
8636 195
8700 192
8776 195
8836 240
8900 286
8960 352
9024 419
9084 504
9148 572
9208 636
9272 704
9332 710
9396 768
9460 711
9520 704
9584 639
9644 575
9708 512
9784 448
9844 384
9908 291
9968 252
10032 224
10092 224
10156 224
10216 248
10280 287
10344 352
10404 408
10468 480
10528 543
10592 608
10652 647
10716 704
10784 704
10852 704
10916 668
10976 632
11040 572
11100 510
11164 448
11228 384
11288 319
11352 275
11412 252
11476 240
11536 240
11600 255
11660 291
11724 352
11792 408
11860 480
11924 542
11984 608
12048 638
12112 668
12172 671
12236 671
12296 647
12360 624
12420 572
12484 512
12544 451
12608 391
12668 352
12732 304
12792 255
12864 254
12932 255
12996 271
13056 316
13120 384
13180 412
13244 480
13304 519
13368 574
13428 624
13492 639
13552 655
13616 654
13676 639
13740 608
13800 572
13872 512
13940 449
14004 399
14064 384
14128 316
14188 287
14252 271
14312 271
14376 287
14436 319
14500 384
14560 408
14624 455
14684 510
14748 560
14812 591
14880 632
14940 638
15012 638
15072 624
15136 608
15196 560
15260 510
15320 455
15384 414
15444 384
15508 327
15568 312
15632 287
15696 287
15756 304
15820 319
15888 384
15948 408
16020 455
16080 508
