12 415
76 287
136 192
200 96
260 19
324 0
384 0
448 48
508 124
572 224
632 352
696 480
764 608
828 736
888 807
952 896
1012 903
1076 897
1136 864
1200 792
1260 704
1324 583
1384 480
1448 352
1508 240
1572 135
1632 71
1696 35
1760 31
1828 63
1888 127
1952 224
2012 319
2076 448
2136 560
2200 668
2260 768
2324 828
2384 864
2448 896
2512 844
2572 792
2636 707
2696 624
2760 508
2828 384
2888 271
2952 192
3012 124
3076 78
3136 63
3200 96
3264 135
3324 224
3388 304
3448 408
3512 512
3572 624
3636 704
3696 771
3760 824
3820 831
3888 824
3952 771
4016 704
4076 624
4140 519
4200 415
4264 319
4324 240
4388 159
4448 124
4512 112
4572 112
4636 143
4696 224
4760 287
4820 384
4892 496
4952 575
5016 670
5076 768
5140 782
5200 799
5264 799
5324 768
5388 707
5448 638
5512 547
5572 451
5636 384
5700 280
5760 224
5824 159
5892 127
5952 135
6016 159
6076 224
6140 284
6200 384
6264 449
6324 543
6388 632
6452 704
6512 768
6576 768
6636 768
6700 768
6760 705
6824 639
6884 572
6952 480
7016 387
7076 316
7140 248
7204 192
7264 163
7328 159
7388 192
7452 224
7512 271
7576 352
7636 448
7700 508
7760 575
7824 647
7884 704
7952 768
8016 768
8080 768
8140 704
8204 639
8264 575
8328 508
8388 448
8452 256
8512 287
8576 240
8636 199
8700 192
8760 192
8824 224
8884 263
8956 335
9016 408
9080 480
9140 560
9204 624
9264 671
9328 704
9388 736
9452 711
9512 704
9576 639
9636 590
9700 521
9764 451
9824 384
9888 319
9948 263
10016 240
10080 224
10140 224
10204 240
10264 271
10328 319
10388 385
10452 455
10516 519
10576 583
10640 638
10700 671
10764 704
10824 704
10888 675
10948 639
11016 591
11080 529
11140 480
11204 399
11268 352
11328 291
11392 255
11452 240
11516 240
11576 252
11640 280
11700 319
11764 384
11824 448
11888 504
11948 560
12012 608
12076 639
12140 671
12204 671
12264 664
12328 638
12388 608
12452 543
12512 496
12576 448
12636 384
12700 319
12760 286
12824 255
12884 254
12948 255
13008 284
13080 319
13140 384
13204 448
13264 480
13328 536
13388 583
13452 624
13512 639
13576 655
13636 647
13700 636
13760 608
13824 551
13884 508
13948 448
14012 391
14080 352
14140 312
14204 284
14264 271
14328 271
14388 287
14452 319
14512 384
14576 414
14636 480
14700 512
14764 568
14824 608
14888 632
14948 638
15012 638
15072 624
15140 591
15204 551
15264 510
15328 455
15388 412
15452 384
15516 323
15576 304
15640 287
15700 287
15764 304
15824 319
15888 384
15948 399
