20 1023
84 312
148 254
208 195
272 152
332 112
396 63
456 31
520 7
588 0
648 0
712 7
772 30
836 60
900 96
960 140
1024 192
1084 255
1148 318
1208 384
1272 448
1332 513
1396 575
1456 639
1520 704
1588 768
1648 799
1712 831
1776 864
1836 896
1900 896
1960 896
2024 864
2084 839
2148 816
2208 769
2272 768
2332 671
2396 624
2456 568
2520 504
2580 448
2652 384
2712 316
2776 255
2836 224
2900 192
2960 127
3024 112
3084 96
3148 71
3208 71
3272 96
3336 96
3396 124
3460 152
3520 192
3584 240
3652 287
3712 352
3776 396
3836 449
3900 510
3960 568
4024 624
4088 655
4148 704
4212 768
4272 768
4336 783
4396 799
4460 807
4520 803
4584 798
4652 775
4712 768
4776 736
4840 704
4900 639
4964 591
5024 543
5088 496
5148 448
5212 387
5272 352
5336 304
5396 255
5460 224
5520 192
5584 192
5644 152
5712 142
5776 135
5836 143
5900 159
5964 192
6024 199
6088 248
6148 280
6212 319
6272 384
6336 412
6396 455
6460 508
6520 543
6584 591
6644 636
6712 670
6776 704
6840 768
6900 768
6964 768
7024 768
7088 768
7148 768
7212 768
7272 704
7336 671
7396 639
7460 608
7520 572
7584 527
7648 496
7716 448
7776 391
7840 384
7900 318
7964 284
8024 254
8088 224
8148 224
8212 192
8272 192
8336 192
8400 192
8460 195
8524 224
8584 240
8648 255
8708 291
8776 334
8840 384
8900 412
8964 448
9024 496
9088 527
9152 572
9212 608
9276 636
9336 655
9400 671
9460 704
9524 704
9584 705
9648 704
9708 704
9776 704
9840 670
9904 639
9964 624
10028 583
10088 551
10152 513
10212 480
10276 448
10336 408
10400 384
10460 352
10524 312
10584 286
10648 255
10708 248
10772 240
10840 224
10904 224
10964 240
11028 248
11088 255
11152 271
11212 304
11276 319
11336 384
11400 387
11460 419
11524 455
11584 496
11648 524
11712 560
11772 583
11840 624
11904 638
11964 652
12028 668
12088 671
12152 675
12212 671
12276 670
12336 659
12400 639
12464 624
12524 608
12588 572
12648 540
12712 510
12772 480
12840 448
12904 412
12964 384
13028 256
13088 319
13152 312
13216 286
13276 270
13340 255
13400 255
13464 255
13524 255
13588 263
13648 284
13712 304
13772 319
13836 352
13904 384
13968 399
14028 448
14092 480
14152 496
14216 519
14276 547
14340 575
14400 608
14464 624
14524 636
14588 639
14648 647
14712 647
14772 647
14836 639
14904 636
14968 624
15028 608
15092 575
15152 547
15216 524
15276 504
15340 480
15400 448
15464 414
15524 384
15588 384
15652 352
15712 319
15776 304
15836 287
15904 280
15968 271
15024 608
15088 583
15156 568
15216 542
15280 512
15340 496
15404 455
15464 448
15528 408
15588 384
15652 384
15712 352
15776 319
15840 312
15900 295
15964 287
16024 287
16088 287
16156 291
16216 312
16280 319
16340 334
16404 384
16464 384
16528 398
16592 419
16652 448
16716 480
16776 504
16840 519
16900 543
16964 568
17024 575
17088 608
17148 608
17216 624
17280 624
17344 624
17404 608
17468 608
17528 608
17592 575
17652 568
17716 543
17776 519
17840 508
17900 480
17964 455
18024 448
18088 414
18148 387
18220 384
18280 384
18344 352
18404 327
18468 319
18528 319
18592 319
18652 319
18716 319
18776 334
18840 352
18900 384
18964 384
19024 391
19088 415
19152 448
19220 455
19280 480
19344 504
19404 515
19468 536
19528 547
19592 568
19652 575
19716 575
19776 583
19840 588
19904 588
19964 583
20028 575
20088 572
20152 560
20212 542
20280 519
20344 508
20404 496
20468 480
20528 448
20592 448
20656 408
20716 387
20780 384
20840 384
20904 352
20964 352
21028 335
21088 327
21152 327
21212 334
21280 352
21344 352
21408 384
21468 384
21532 387
21592 408
21656 448
21716 448
21780 457
21840 480
21904 504
21964 512
22028 527
22088 543
22152 560
22212 568
22284 574
22344 575
22408 575
22468 575
22532 574
22592 568
22656 560
22716 543
22780 536
22840 519
22904 508
22964 496
23028 480
23092 451
23152 448
23216 419
23276 412
23344 391
23408 384
23468 384
23532 384
23592 384
23656 384
23716 384
23780 384
23844 384
23904 384
23968 384
24028 385
24092 399
24152 415
24216 448
24276 448
24344 455
24408 480
24468 496
24532 508
24596 513
24656 527
24720 540
24780 543
24844 551
24904 560
24968 560
25028 560
25092 560
25152 547
25216 543
25276 536
25340 519
25408 511
25472 504
25532 480
25596 480
25656 449
25720 448
25780 419
25844 412
25904 398
25968 385
26028 384
26092 384
26152 384
26216 384
26276 384
26340 384
26408 384
26472 384
26532 384
26596 390
26656 399
26720 415
26780 448
26844 448
26904 451
26968 480
27028 480
27092 504
27156 510
27216 515
27280 527
27340 536
27408 543
27472 543
27532 543
27596 543
27656 543
27720 543
27780 536
27844 527
27908 515
27968 510
28032 504
28092 496
28156 480
28216 455
28280 448
28340 448
28404 415
28472 408
28532 391
28596 385
28660 384
28720 384
28784 384
28844 384
28908 384
28968 384
29032 384
29092 384
29156 391
29216 399
29280 414
29340 448
29404 448
29472 448
29536 480
29596 480
29660 496
29720 504
29784 511
29844 519
29908 527
29968 536
30032 540
30092 543
30156 543
30216 543
30280 540
30344 536
30404 527
30472 519
30536 511
30596 504
30660 504
30720 480
30784 480
30844 455
30908 448
30968 448
30032 527
30092 527
30156 527
30216 526
30280 519
30340 513
30404 511
30468 508
30528 496
30592 496
30652 480
30720 480
30784 449
30844 448
30908 448
30968 419
31032 415
31092 408
31156 399
31220 391
31280 391
31344 387
31404 387
31468 391
31528 391
31592 399
31652 403
31716 414
31784 415
31844 448
31908 448
31972 448
32032 457
32096 480
32156 480
32220 496
32280 504
32344 508
32404 511
32468 515
32528 519
32592 519
32652 519
32716 519
32784 519
32848 513
32908 511
32972 508
33032 504
33096 496
33156 480
33220 480
33280 455
33344 448
33404 448
33468 448
33528 419
33592 415
33652 408
33716 399
33780 396
33848 391
33908 391
33972 391
34032 391
34096 399
34156 399
34220 412
34280 415
34344 448
34404 448
34468 448
34532 451
34592 480
34656 480
34716 480
34780 496
34848 504
34908 510
34972 512
35032 515
35096 519
35156 521
35220 524
35280 524
35344 519
35408 515
35468 512
35532 510
35592 504
35656 496
35716 496
35780 480
35848 480
35908 455
35972 448
36032 448
36096 448
36160 415
36220 415
36284 408
36344 399
36408 399
36468 399
36532 398
36592 399
36656 399
36716 408
36780 412
36840 415
36908 422
36972 448
37032 448
37096 448
37160 455
37220 480
37284 480
37344 480
37408 496
37468 496
37532 504
37592 508
37656 508
37716 510
37780 510
37840 510
37908 508
37972 508
38036 504
38096 496
38160 496
38220 480
38284 480
38344 480
38408 455
38468 448
38532 448
38592 448
38656 448
38716 448
38780 415
38840 415
38912 414
38972 412
39036 412
39096 412
39160 412
39220 414
39284 415
39344 415
39408 448
39468 448
39532 448
39592 448
39656 448
39720 454
39780 480
39844 480
39904 480
39972 496
40036 496
40096 496
40160 504
40220 504
40284 508
40344 508
40408 508
40472 508
40532 508
40596 504
40656 504
40720 496
40780 496
40844 480
40904 480
40972 480
41036 480
41096 451
41160 448
41224 448
41284 448
41348 448
41408 448
41472 448
41532 419
41596 415
41656 415
41720 415
41780 415
41844 419
41904 419
41968 448
42036 448
42100 448
42160 448
42224 448
42284 448
42348 455
42408 480
42472 480
42532 480
42596 480
42656 480
42720 496
42780 496
42844 496
42908 496
42968 504
43036 504
43100 504
43160 496
43224 496
43284 496
43348 496
43408 480
43472 480
43532 480
43596 480
43660 480
43720 455
43784 451
43844 448
43908 448
43968 448
44036 448
44100 448
44160 448
44224 448
44284 448
44348 448
44412 448
44472 448
44536 448
44596 448
44660 448
44720 448
44784 448
44844 448
44908 448
44968 449
45032 455
45100 460
45160 480
45224 480
45288 480
45348 480
45412 480
45472 480
45536 480
45596 480
45660 480
45720 480
45784 480
45844 480
45908 480
45968 480
45024 480
45088 480
45148 480
45212 496
45280 496
45340 496
45404 496
45464 496
45528 496
45592 496
45652 496
45716 496
45776 480
45840 480
45900 480
45964 480
46024 480
46088 480
46148 455
46212 451
46272 448
46340 448
46404 448
46468 448
46528 448
46592 448
46652 448
46716 448
46776 448
46840 448
46900 448
46964 448
47024 448
47088 448
47148 448
47212 448
47272 448
47344 448
47404 451
47468 455
47528 480
47592 480
47652 480
47716 480
47776 480
47840 496
47900 496
47964 496
48024 496
48088 496
48152 496
48212 496
48276 496
48336 496
48404 496
48468 480
48528 480
48592 480
48652 480
48716 480
48776 460
48840 455
48904 449
48964 448
49028 448
49088 448
49152 448
49212 448
49276 448
49336 448
49404 448
49468 448
49528 448
49592 448
49656 448
49716 448
49780 448
49840 448
49904 448
49964 448
50028 448
50088 449
50152 455
50212 457
50276 480
50336 480
50404 480
50468 480
50532 480
50592 480
50656 480
50716 480
50780 480
50840 480
50904 480
50964 480
51028 480
51088 480
51152 480
51212 480
51276 480
51340 480
51400 480
51468 455
51532 455
51592 449
51656 448
51716 448
51780 448
51840 448
51904 448
51964 448
52028 448
52092 448
52152 448
52216 448
52276 448
52340 448
52400 448
52468 448
52532 451
52592 455
52656 457
52716 480
52780 480
52844 480
52904 480
52968 480
53028 480
53092 480
53152 480
53216 480
53276 480
53340 480
53400 480
53468 480
53532 480
53596 480
53656 480
53720 480
53780 480
53844 480
53904 480
53968 460
54028 455
54092 451
54152 449
54216 448
54276 448
54340 448
54400 448
54464 448
54532 448
54596 448
54656 448
54720 448
54780 448
54844 448
54904 448
54968 448
55028 448
55092 448
55152 449
55216 451
55276 455
55340 455
55404 455
55464 480
55532 480
55596 480
55656 480
55720 480
55780 480
55844 480
55904 480
55968 480
56028 480
56092 480
56156 480
56216 480
56280 480
56340 480
56404 480
56464 480
56528 455
56596 455
56656 455
56720 454
56780 451
56844 449
56908 449
56968 449
57032 448
57092 448
57156 448
57216 448
57280 448
57340 448
57404 448
57464 448
57528 451
57596 451
57660 451
57720 454
57784 455
57844 455
57908 455
57968 455
58032 455
58092 455
58156 455
58216 457
58280 455
58340 457
58404 455
58464 480
58528 460
58596 455
58660 455
58720 455
58784 455
58844 455
58908 455
58968 455
59032 455
59092 455
59156 455
59216 455
59280 455
59344 455
59404 455
59468 455
59528 455
59592 455
59660 455
59720 480
59784 480
59844 480
59908 480
59968 480
60032 480
60096 480
60156 480
60220 480
60280 480
60344 480
60404 480
60468 480
60528 480
60592 480
60660 480
60720 480
60784 480
60848 480
60908 457
60972 455
60028 448
60088 448
60152 448
60212 449
60276 451
60336 451
60400 455
60460 455
60524 460
60584 480
60648 480
60708 480
60772 480
60840 480
60904 480
60964 480
61028 480
61088 480
61152 480
61212 480
61276 480
61336 480
61400 480
61460 480
61524 480
61588 480
61648 480
61712 455
61772 455
61840 455
61904 455
61964 451
62028 451
62088 449
62152 449
62212 448
62276 448
62340 448
62400 448
62464 448
62524 448
62588 448
62648 448
62712 448
62772 448
62836 448
62900 449
62964 449
63028 449
63088 451
63152 451
63212 451
63276 455
63336 455
63400 455
63460 455
63524 480
63584 480
63648 480
63708 480
63772 480
63832 480
63904 480
63964 480
64028 480
64088 480
64152 480
64212 480
64276 480
64336 480
64400 480
64460 480
64524 480
64584 480
64648 480
64708 480
64772 480
64836 480
64904 480
64964 460
65028 455
65088 455
65152 455
65212 455
65276 455
65336 455
65400 455
65460 455
65524 455
65588 451
65648 455
65712 451
65772 451
65836 451
65896 451
65964 451
66028 455
66088 455
66152 455
66212 455
66276 455
66340 455
66400 455
66464 455
66524 455
66588 455
66648 455
66712 459
66772 457
66836 455
66896 455
66964 455
67028 455
67092 455
67152 455
67216 455
67276 451
67340 451
67400 451
67464 451
67524 451
67588 449
67648 449
67712 449
67772 449
67836 448
67896 448
67960 448
68028 448
68092 449
68152 449
68216 449
68276 451
68340 451
68400 451
68464 451
68524 455
68588 455
68648 455
68712 455
68776 455
68836 455
68900 455
68960 480
69028 455
69092 460
69152 455
69216 455
69276 455
69340 455
69400 455
69464 455
69528 455
69588 455
69652 455
69712 455
69776 455
69836 455
69900 455
69960 455
70028 455
70092 455
70152 455
70216 455
70280 455
70340 460
70404 480
70464 480
70528 480
70588 480
70652 480
70712 480
70776 480
70836 480
70900 480
70960 480
71024 480
71092 480
71156 480
71216 455
71280 455
71340 457
71404 455
71464 455
71528 455
71588 454
71652 451
71712 451
71776 451
71836 451
71900 451
71960 451
72024 451
72092 449
72156 451
72216 451
72280 451
72340 451
72404 451
72464 455
72528 455
72588 455
72652 455
72712 480
72776 480
72840 480
72900 480
72964 480
73024 480
73092 480
73156 480
73216 480
73280 480
73340 480
73404 480
73464 480
73528 480
73592 480
73652 480
73716 480
73776 480
73840 480
73900 455
73964 455
74024 455
74088 451
74156 451
74216 449
74280 448
74344 448
74404 448
74468 448
74528 448
74592 448
74652 448
74716 448
74776 448
74840 448
74900 448
74964 448
75024 448
75088 448
75156 448
75220 449
75280 451
75344 455
75404 455
75468 455
75528 480
75592 480
75652 480
75716 480
75776 480
75840 480
75900 480
75964 480
75028 455
75092 455
75152 455
75216 455
75276 455
75344 455
75408 455
75468 455
75532 455
75592 455
75656 455
75720 455
75780 455
75844 455
75904 455
75968 455
76028 455
76092 455
76152 455
76216 455
76276 455
76340 455
76404 455
76468 455
76532 455
76592 455
76656 455
76716 455
76780 451
76840 455
76904 451
76964 451
77028 454
77088 455
77152 455
77212 455
77276 455
77336 455
77408 455
77468 455
77532 455
77592 480
77656 480
77716 480
77780 480
77840 480
77904 480
77964 480
78028 480
78088 480
78152 480
78216 480
78276 480
78340 480
78408 480
78468 480
78532 480
78592 480
78656 480
78716 480
78780 455
78840 455
78904 455
78968 451
79028 451
79092 451
79152 449
79216 448
79276 448
79340 448
79400 448
79468 448
79532 448
79592 448
79656 448
79720 448
79780 448
79844 448
79904 448
79968 448
80028 448
80092 449
80152 451
80216 451
80276 455
80340 455
80400 455
80468 480
80532 480
80596 480
80656 480
80720 480
80780 480
80844 480
80904 480
80968 480
81028 480
81092 480
81152 480
81216 480
81276 480
81340 480
81404 480
81464 480
81532 480
81596 457
81656 455
81720 455
81780 455
81844 455
81904 451
81968 451
82028 449
82092 451
82156 451
82216 451
82280 451
82340 451
82404 451
82464 455
82532 455
82596 455
82656 455
82720 480
82780 480
82844 480
82908 480
82968 480
83032 480
83092 480
83156 480
83216 480
83280 480
83340 480
83404 480
83464 480
83532 480
83596 480
83660 480
83720 480
83784 480
83844 480
83908 480
83968 480
84032 480
84092 480
84156 480
84216 455
84280 455
84340 455
84404 455
84464 455
84528 451
84596 451
84660 449
84720 448
84784 448
84844 448
84908 448
84968 448
85032 448
85092 448
85156 448
85216 448
85280 449
85340 449
85404 449
85468 451
85528 451
85596 451
85660 455
85720 455
85784 455
85844 455
85908 460
85968 480
86032 480
86092 480
86156 480
86220 480
86280 480
86344 480
86404 480
86468 480
86528 480
86596 480
86660 480
86720 480
86784 480
86844 480
86908 480
86972 480
87032 480
87096 457
87156 455
87220 455
87280 455
87344 455
87404 451
87468 451
87528 449
87592 448
87660 448
87724 448
87784 448
87848 448
87908 448
87972 448
88032 448
88096 448
88156 448
88220 448
88280 448
88344 448
88404 449
88468 451
88528 455
88592 455
88660 455
88724 455
88784 480
88848 480
88908 480
88972 480
89032 480
89096 480
89156 480
89220 480
89280 480
89344 480
89408 480
89468 480
89532 480
89592 480
89656 480
89724 480
89784 480
89848 480
89908 480
89972 480
90032 480
90096 480
90160 455
90220 455
90284 455
90344 451
90408 451
90468 449
90532 448
90592 448
90656 448
90724 448
90784 448
90848 448
90912 448
90972 448
90024 448
90088 448
90148 449
90212 449
90272 449
90336 451
90396 451
90460 451
90524 451
90584 455
90648 455
90708 454
90772 455
90832 455
90896 455
90964 460
91024 480
91088 480
91148 480
91212 480
91276 480
91336 480
91400 480
91460 480
91524 480
91584 480
91648 480
91708 480
91772 480
91832 480
91896 480
91964 480
92024 480
92088 480
92152 480
92212 455
92276 455
92336 455
92400 454
92460 451
92524 449
92584 449
92648 448
92708 448
92772 448
92832 448
92896 448
92956 448
93028 448
93088 448
93152 448
93212 448
93276 448
93336 448
93400 449
93460 451
93524 451
93584 455
93648 455
93708 455
93772 480
93836 480
93896 480
93960 480
94028 480
94088 480
94152 480
94212 480
94276 480
94336 480
94400 480
94460 480
94524 480
94588 480
94648 480
94712 480
94772 480
94836 480
94896 480
94960 480
95020 480
95088 480
95152 480
95212 455
95276 455
95340 455
95400 451
95464 449
95524 448
95588 448
95648 448
95712 448
95772 448
95836 448
95896 448
95960 448
96020 448
96088 448
96152 448
96216 449
96276 451
96340 451
96400 455
96464 455
96524 455
96588 457
96648 480
96712 480
96772 480
96836 480
96896 480
96960 480
97024 480
97092 480
97152 480
97216 480
97276 480
97340 460
97400 455
97464 455
97524 455
97588 455
97648 451
97712 451
97776 449
97836 448
97900 448
97960 448
98024 448
98084 448
98152 448
98216 448
98276 448
98340 448
98400 448
98464 448
98524 448
98588 449
98652 449
98712 451
98776 451
98836 451
98900 455
98960 455
99024 455
99084 455
99152 455
99216 455
99276 460
99340 480
99404 480
99464 480
99528 480
99588 480
99652 480
99712 480
99776 480
99836 480
99900 480
99960 480
100024 480
100084 480
100152 480
100216 480
100280 480
100340 480
100404 480
100464 455
100528 457
100588 455
100652 455
100712 480
100776 455
100836 455
100900 455
100960 455
101024 455
101084 451
101148 451
101216 451
101280 451
101340 451
101404 451
101464 451
101528 451
101588 451
101652 451
101712 451
101776 451
101836 451
101900 451
101964 455
102024 455
102088 455
102148 455
102216 455
102280 457
102340 460
102404 480
102464 480
102528 480
102588 480
102652 480
102716 480
102776 480
102840 480
102900 480
102964 480
103024 480
103088 480
103148 480
103212 480
103280 480
103340 480
103404 480
103468 480
103528 480
103592 480
103652 455
103716 451
103776 455
103840 451
103900 451
103964 449
104024 449
104088 448
104148 448
104212 448
104280 448
104344 448
104404 448
104468 448
104528 448
104592 448
104652 448
104716 448
104776 448
104840 448
104900 448
104964 448
105024 451
105088 451
105152 454
105212 455
105280 455
105344 455
105404 480
105468 480
105528 480
105592 480
105652 480
105716 480
105776 480
105840 480
105904 480
105964 480
105028 480
105088 480
105152 480
105212 480
105276 480
105336 480
105400 480
105460 480
105532 480
105592 457
105656 455
105716 455
105780 455
105840 455
105904 455
105964 455
106028 455
106088 455
106152 455
106212 451
106276 451
106340 451
106400 451
106464 451
106524 451
106592 451
106656 451
106716 451
106780 451
106840 451
106904 451
106964 451
107028 454
107092 455
107152 455
107216 455
107276 455
107340 455
107400 457
107464 480
107524 480
107592 480
107656 480
107716 480
107780 480
107844 480
107904 480
107968 480
108028 480
108092 480
108152 480
108216 480
108276 480
108340 480
108400 480
108464 480
108524 480
108592 480
108656 480
108720 455
108780 455
108844 455
108904 454
108968 451
109028 449
109092 449
109152 448
109216 448
109276 448
109340 448
109400 448
109464 448
109524 448
109588 448
109656 448
109720 448
109780 448
109844 448
109904 448
109968 448
110028 448
110092 449
110152 451
110216 454
110276 455
110340 455
110404 455
110464 480
110528 480
110588 480
110656 480
110720 480
110780 480
110844 480
110904 480
110968 480
111028 480
111092 480
111156 480
111216 480
111280 480
111340 480
111404 480
111464 480
111528 480
111588 455
111652 455
111720 455
111780 455
111844 455
111908 451
111968 451
112032 451
112092 451
112156 451
112216 451
112280 455
112340 451
112404 455
112464 455
112528 455
112588 455
112652 455
112720 480
112784 480
112844 480
112908 480
112968 480
113032 480
113092 480
113156 480
113216 480
113280 480
113340 480
113404 480
113464 480
113528 480
113592 480
113652 480
113720 480
113784 480
113844 480
113908 480
113968 480
114032 480
114092 459
114156 455
114216 455
114280 451
114344 455
114404 455
114468 455
114528 451
114592 451
114652 451
114716 451
114784 449
114844 449
114908 449
114968 449
115032 449
115096 449
115156 449
115220 449
115280 455
115344 451
115404 451
115468 451
115528 455
115592 455
115652 455
115716 455
115784 455
115844 455
115908 455
115972 457
116032 480
116096 480
116156 480
116220 480
116280 480
116344 480
116404 480
116468 480
116528 480
116592 480
116652 480
116716 480
116784 480
116848 480
116908 480
116972 480
117032 480
117096 460
117156 455
117220 455
117280 455
117344 455
117404 455
117468 451
117528 451
117592 451
117656 449
117716 449
117780 449
117848 448
117908 448
117972 448
118032 448
118096 448
118156 448
118220 448
118280 448
118344 448
118408 449
118468 449
118532 455
118592 451
118656 455
118716 455
118780 457
118848 480
118908 480
118972 480
119032 480
119096 480
119160 480
119220 480
119284 480
119344 480
119408 480
119468 480
119532 480
119592 480
119656 480
119716 480
119780 480
119840 480
119912 480
119972 480
120036 480
120096 480
120160 480
120220 480
120284 455
120344 455
120408 455
120468 451
120532 451
120592 449
120656 448
120716 448
120780 448
120844 448
120912 448
120972 448
