16 415
76 287
140 192
200 96
264 24
332 0
396 7
456 62
524 143
588 255
648 384
712 504
772 632
836 768
900 824
960 896
1024 897
1084 896
1148 847
1208 774
1272 675
1332 572
1400 448
1464 318
1532 199
1592 120
1656 62
1720 33
1780 48
1844 96
1904 156
1968 252
2028 384
2092 480
2152 583
2216 704
2276 769
2340 831
2408 864
2472 864
2540 824
2600 768
2664 664
2728 560
2788 448
2852 352
2912 248
2976 159
3036 112
3100 71
3160 71
3224 112
3284 159
3348 248
3408 352
3480 455
3548 574
3612 668
3672 768
3736 799
3796 828
3860 828
3920 796
3984 768
4044 664
4108 572
4168 480
4232 384
4292 280
4356 199
4416 143
4488 112
4548 112
4620 135
4680 192
4744 255
4804 384
4868 448
4928 543
4992 636
5052 704
5116 768
5176 792
5240 796
5300 769
5364 768
5428 659
5488 575
5560 480
5628 384
5688 291
5752 224
5812 192
5876 143
5936 135
6000 159
6060 199
6124 255
6184 352
6248 448
6312 513
6372 608
6436 670
6496 768
6568 768
6636 768
6696 768
6760 704
6820 639
6884 572
6944 496
7008 399
7068 319
7132 255
7196 224
7256 192
7320 192
7380 192
7444 224
7504 271
7568 352
7644 448
7704 512
7768 588
7828 647
7892 704
7952 768
8016 768
8080 768
8140 704
8204 638
8264 574
8328 504
8388 419
8452 352
8512 287
8576 240
8644 199
8712 192
8776 224
8836 248
8900 287
8964 384
9024 419
9088 504
9148 568
9212 632
9272 671
9336 704
9396 711
9460 704
9520 671
9584 636
9644 575
9720 496
9784 419
9848 384
9908 304
9972 255
10032 224
10096 224
10156 224
10220 254
10280 291
10344 352
10404 414
10468 480
10528 543
10592 608
10652 639
10728 704
10792 704
10856 704
10916 655
10980 624
11040 568
11104 508
11164 448
11228 384
11288 319
11352 280
11412 252
11476 240
11536 248
11600 255
11664 304
11724 352
11796 415
11860 480
11920 536
11984 588
12044 636
12108 655
12172 671
12232 670
12296 639
12356 624
12420 572
12480 512
12544 451
12604 395
12668 352
12728 304
12804 263
12868 255
12928 255
12992 280
13056 316
13116 384
13180 412
13240 480
13304 519
13364 574
13428 608
13488 639
13552 654
13612 654
13676 639
13736 608
13804 568
13876 510
13940 451
14000 399
14064 384
14124 318
14188 287
14248 271
14312 271
14372 287
14436 318
14496 384
14560 399
14620 449
14684 508
14744 547
14816 608
14884 632
14948 639
15008 638
15072 632
15132 608
15196 568
15256 512
15320 480
15380 415
15444 384
15504 332
15568 312
15628 287
15692 287
15756 295
15816 319
15884 384
15956 408
16016 449
16080 504
