12 419
76 287
136 192
200 96
260 28
324 0
384 3
456 60
516 127
580 240
640 384
704 480
768 608
828 736
892 807
960 896
1020 899
1084 896
1144 864
1208 780
1268 704
1332 574
1392 448
1464 318
1524 224
1588 127
1652 63
1712 35
1776 48
1836 78
1900 143
1968 248
2028 384
2092 480
2152 575
2216 704
2276 768
2340 831
2404 864
2464 864
2536 828
2596 768
2660 671
2720 574
2784 480
2844 384
2908 254
2968 159
3036 112
3100 71
3160 78
3224 112
3288 163
3348 248
3412 352
3472 448
3544 568
3604 655
3668 768
3728 796
3792 828
3852 828
3916 799
3976 768
4044 655
4108 572
4172 480
4232 384
4296 280
4356 199
4420 143
4480 120
4544 112
4612 135
4676 192
4736 255
4800 352
4860 448
4924 536
4984 632
5052 704
5116 768
5180 792
5240 796
5304 769
5364 768
5428 657
5488 575
5552 496
5620 384
5684 304
5744 240
5808 192
5868 143
5932 135
5992 159
6064 224
6124 263
6188 352
6248 448
6312 515
6372 608
6436 671
6496 768
6560 768
6620 768
6692 768
6752 704
6816 639
6876 574
6940 496
7004 408
7064 319
7132 255
7196 224
7256 192
7320 163
7380 192
7444 224
7504 271
7568 352
7628 415
7700 510
7760 583
7824 639
7888 704
7948 768
8012 768
8072 768
8140 704
8204 638
8264 574
8328 504
8388 415
8452 352
8512 284
8576 240
8640 199
8700 192
8772 224
8832 240
8896 287
8956 352
9020 415
9080 496
9148 572
9212 632
9272 671
9336 704
9396 711
9460 704
9524 671
9584 636
9648 574
9708 508
9780 448
9840 384
9904 304
9964 255
10028 224
10088 224
10156 224
10220 254
10280 291
10344 384
10408 415
10468 480
10532 543
10592 608
10656 647
10716 704
10780 704
10848 704
10912 664
10972 624
11036 572
11096 508
11160 448
11228 384
11292 319
11352 271
11416 248
11476 240
11540 248
11600 255
11664 304
11724 352
11788 408
11856 480
11920 540
11980 590
12044 636
12104 664
12168 671
12236 671
12300 639
12360 624
12424 568
12484 510
12548 448
12608 387
12672 352
12732 295
12796 263
12856 254
12928 255
12988 271
13052 312
13112 384
13176 408
13244 480
13308 519
13368 575
13432 624
13492 639
13556 655
13616 655
13680 639
13740 608
13804 572
13864 515
13936 455
13996 399
14060 384
14120 318
14184 287
14252 271
14316 271
14376 287
14440 318
14500 384
14564 399
14624 451
14688 508
14748 551
14812 608
14872 624
14936 638
15004 639
15068 632
15132 608
15192 568
15256 512
15324 480
15384 415
15448 384
15508 327
15572 304
15632 287
15696 287
15756 295
15820 319
15884 384
15944 396
16008 448
16076 504
