16 1023
80 240
140 127
204 63
264 15
328 7
392 48
452 120
516 224
576 319
644 480
708 575
768 704
832 768
892 799
956 816
1016 783
1080 768
1144 652
1204 568
1268 455
1328 384
1392 271
1452 224
1516 192
1576 158
1640 192
1708 224
1768 287
1832 384
1896 449
1956 536
2020 608
2080 668
2144 704
2204 707
2268 704
2328 668
2392 624
2452 543
2516 480
2576 408
2640 352
2708 287
2772 255
2832 252
2896 255
2956 287
3020 327
3080 384
3144 448
3204 508
3268 560
3328 608
3392 632
3452 638
3516 632
3576 608
3640 574
3708 519
3772 480
3832 448
3896 384
3956 352
4020 319
4080 316
4144 318
4204 334
4268 384
4328 399
4392 448
4456 480
4516 519
4580 547
4640 574
4704 575
4772 575
4832 568
4896 542
4956 511
5020 480
5080 448
5144 412
5208 384
5268 384
5332 384
5392 384
5456 384
5516 385
5580 414
5640 448
5704 480
5772 504
5832 519
5896 540
5960 543
6020 543
6084 540
6144 519
6208 504
6268 480
6332 448
6392 448
6456 408
6516 391
6580 384
6640 384
6704 391
6764 408
6836 448
6896 448
6960 480
7020 496
7084 504
7144 512
7208 519
7268 519
7332 513
7392 508
7456 496
7516 480
7580 455
7644 448
7704 448
7768 415
7836 412
7896 412
7960 414
8020 415
8084 448
8144 448
8208 457
8268 480
8332 496
8396 504
8456 508
8520 508
8580 504
8644 504
8704 496
8768 480
8836 455
8896 448
8960 448
9020 448
9084 448
9148 419
9208 419
9272 448
9332 448
9396 448
9456 455
9520 480
9580 480
9644 496
9704 496
9768 496
9828 496
9896 496
9960 480
10024 480
10084 480
10148 451
10208 448
10272 448
10332 448
10396 448
10456 448
10520 448
10580 448
10644 448
10704 455
10768 480
10828 480
10900 480
10960 480
11024 480
11084 480
11148 480
11208 480
11272 480
11332 480
11396 451
11456 448
11520 448
11580 448
11644 448
11708 448
11768 448
11832 448
11900 451
11960 455
12024 480
12084 480
12148 480
12208 480
12272 480
12332 480
12396 480
12456 480
12520 480
12584 455
12644 451
12708 451
12768 448
12832 448
12892 448
12960 448
13024 448
13084 449
13148 455
13208 455
13272 480
13336 480
13396 480
13460 480
13520 480
13584 480
13644 480
13708 480
13768 480
13832 455
13892 455
13960 449
14024 448
14088 448
14148 448
14212 448
14272 448
14336 449
14396 451
14460 455
14520 480
14584 480
14644 480
14708 480
14768 480
14832 480
14892 480
14956 480
15020 480
15084 455
15148 455
15208 454
15272 451
15332 449
15396 449
15456 449
15520 449
15580 451
15644 455
15704 455
15768 455
15828 480
15892 480
15952 480
