12 448
76 287
136 192
200 96
260 24
332 0
392 3
456 60
516 127
580 240
644 384
712 504
772 624
836 768
896 824
960 896
1020 903
1084 896
1144 864
1208 782
1268 704
1332 560
1400 448
1464 318
1528 224
1588 124
1652 63
1720 31
1780 48
1844 96
1904 152
1968 248
2028 384
2092 480
2152 583
2216 704
2280 771
2340 831
2412 896
2472 864
2536 830
2596 768
2660 671
2728 568
2788 449
2852 352
2912 248
2976 159
3036 112
3100 71
3164 71
3224 112
3288 159
3348 248
3412 384
3480 455
3544 568
3604 655
3668 768
3728 798
3796 830
3860 830
3920 799
3984 768
4048 668
4108 574
4172 480
4232 384
4296 280
4356 199
4420 143
4488 112
4552 112
4612 127
4676 192
4736 255
4804 352
4868 448
4932 543
4992 636
5056 704
5116 768
5180 792
5240 798
5304 775
5364 768
5428 668
5488 575
5560 480
5620 387
5684 312
5744 240
5812 192
5876 143
5940 135
6000 159
6064 199
6124 255
6188 352
6248 448
6312 513
6372 608
6436 670
6496 768
6568 768
6628 768
6692 768
6752 705
6824 639
6884 574
6948 496
7008 399
7072 319
7132 255
7196 224
7256 192
7320 192
7380 192
7444 224
7504 268
7568 352
7636 419
7696 504
7760 575
7824 639
7892 704
7952 768
8016 768
8076 768
8140 704
8200 639
8264 575
8324 508
8388 448
8448 384
8512 287
8576 248
8644 199
8708 192
8768 199
8832 240
8900 287
8960 352
9024 415
9084 496
9148 568
9208 632
9272 671
9332 704
9396 711
9460 705
9520 704
9584 638
9644 575
9716 508
9776 448
9840 384
9908 304
9968 255
10032 224
10092 224
10156 224
10216 252
10280 287
10344 352
10404 408
10468 480
10528 542
10592 608
10652 639
10724 704
10784 704
10848 704
10916 655
10976 624
11040 572
11100 508
11164 448
11228 384
11288 319
11352 280
11412 254
11476 240
11536 248
11600 255
11660 295
11724 352
11792 412
11856 480
11916 527
11984 588
12048 636
12112 655
12172 671
12236 670
12296 639
12360 624
12420 572
12484 512
12544 451
12608 391
12668 352
12732 304
12800 255
12864 255
12924 255
12992 271
13056 316
13120 384
13180 408
13244 480
13304 515
13368 572
13428 608
13492 639
13552 655
13616 654
13676 639
13740 608
13800 572
13872 512
13932 455
14004 399
14064 384
14128 318
14188 287
14252 271
14312 271
14376 287
14436 318
14500 384
14560 399
14624 449
14684 508
14748 547
14812 591
14880 632
14944 639
15012 639
15072 632
15136 608
15196 568
15260 512
15320 480
15384 415
15444 384
15508 327
15568 304
15632 287
15696 286
15756 291
15820 319
15880 352
15952 398
16012 448
16080 504
