24 1023
84 224
148 127
208 60
272 15
332 7
396 48
456 120
520 224
580 319
652 463
712 583
776 704
836 768
900 824
960 831
1024 816
1084 768
1148 688
1208 583
1272 480
1332 384
1396 271
1456 192
1520 135
1584 120
1652 124
1712 158
1776 224
1836 312
1900 398
1960 504
2024 583
2084 664
2148 719
2208 768
2272 768
2336 736
2396 678
2460 609
2520 527
2584 448
2644 384
2712 286
2776 240
2836 193
2900 192
2960 199
3024 240
3088 287
3148 384
3212 448
3272 511
3336 575
3396 638
3460 671
3520 704
3584 688
3644 655
3712 608
3776 551
3840 496
3900 415
3964 368
4024 312
4088 268
4148 252
4212 248
4272 255
4336 295
4396 352
4460 399
4520 460
4584 515
4644 572
4716 624
4776 638
4840 639
4900 636
4964 608
5024 568
5088 512
5148 460
5212 412
5272 384
5336 319
5396 304
5460 287
5524 287
5584 316
5648 352
5708 384
5776 448
5840 480
5900 519
5964 568
6024 583
6088 608
6148 608
6212 583
6276 568
6336 527
6400 496
6460 448
6524 408
6584 384
6648 352
6708 319
6776 319
6840 327
6900 352
6964 384
7028 415
7088 448
7152 496
7212 519
7276 543
7336 568
7400 574
7460 572
7524 560
7584 527
7648 508
7708 480
7772 448
7836 399
7900 384
7960 384
8024 352
8088 352
8148 384
8212 384
8272 399
8336 448
8396 455
8460 496
8520 512
8584 527
8644 543
8708 543
8768 542
8836 527
8900 510
8964 481
9024 455
9088 448
9148 408
9212 387
9272 384
9336 384
9396 384
9460 384
9520 399
9584 415
9644 448
9708 480
9772 496
9840 510
9900 519
9964 526
10024 526
10088 519
10148 510
10212 496
10272 480
10336 449
10396 448
10460 415
10524 399
10584 391
10648 387
10708 391
10772 399
10832 415
10900 448
10964 449
11024 480
11088 496
11148 504
11212 508
11276 511
11336 510
11400 504
11460 496
11524 480
11584 460
11648 448
11708 448
11772 415
11832 412
11900 408
11964 408
12028 414
12088 415
12152 448
12212 448
12276 455
12336 480
12400 481
12460 496
12524 504
12584 504
12648 496
12708 496
12772 480
12832 480
12896 451
12964 448
13028 448
13088 419
13152 415
13212 415
13276 415
13336 419
13400 448
13460 448
13524 449
13584 462
13648 480
13708 480
13772 496
13836 496
13896 496
13964 481
14028 480
14088 480
14152 455
14212 448
14276 448
14336 448
14400 432
14460 419
14524 422
14584 432
14648 448
14712 448
14772 448
14836 451
14896 463
14964 480
15028 480
15088 480
15152 480
15212 480
15276 480
15336 480
15400 480
15464 455
15524 448
15588 448
15648 448
15712 448
15772 448
15836 448
15896 448
15960 448
15028 480
15088 480
15152 480
15212 480
15276 480
15336 480
15400 480
15464 455
15524 448
15588 448
15648 448
15712 448
15780 448
15840 448
15904 448
15964 448
16028 448
16088 449
16152 455
16216 480
16276 480
16340 480
16400 480
16464 480
16524 480
16588 480
16648 480
16712 455
16780 451
16840 448
16904 448
16968 448
17028 448
17092 448
17152 448
17216 448
17276 448
17340 448
17400 451
17464 455
17524 480
17588 480
17648 480
17712 480
17772 480
17844 480
17904 480
17968 463
18028 455
18092 451
18152 448
18216 448
18276 448
18340 448
18400 448
18464 448
18524 448
18588 448
18648 448
18712 451
18776 455
18844 463
18904 480
18968 480
19028 480
19092 480
19152 480
19216 463
19276 462
19340 455
19400 449
19464 448
19528 448
19588 448
19652 448
19712 448
19776 448
19836 448
19904 448
19968 448
20028 451
20092 455
20152 463
20216 463
20280 480
20340 480
20404 480
20464 463
20528 460
20588 455
20652 455
20712 449
20776 448
20836 448
20904 448
20968 448
21032 448
21092 448
21156 448
21216 449
21280 455
21340 455
21404 457
21464 462
21528 463
21588 463
21652 463
21712 462
21776 460
21836 455
21908 454
21968 451
22032 448
22092 448
22156 448
22216 448
22280 448
22340 448
22404 448
22464 449
22528 451
22588 455
22652 455
22716 455
22776 462
22840 462
22900 460
22968 460
23032 455
23092 455
23156 454
23216 451
23280 449
23340 448
23404 448
23468 448
23528 448
23592 448
23652 449
23716 449
23776 451
23840 454
23900 455
23968 455
24032 460
24092 460
24156 460
24220 460
24280 460
24344 455
24404 455
24468 454
24528 451
24592 451
24652 448
24716 448
24776 448
24840 448
24900 448
24968 449
25032 449
25096 451
25156 455
25220 455
25280 455
25344 455
25404 460
25468 457
25528 455
25592 455
25652 455
25716 455
25776 451
25840 451
25900 449
25964 448
26032 448
26096 448
26156 448
26220 448
26280 448
26344 449
26404 451
26468 451
26528 455
26592 455
26652 455
26716 455
26780 455
26840 455
26904 455
26964 455
27032 455
27096 455
27156 451
27220 451
27280 451
27344 451
27404 449
27468 449
27532 449
27592 449
27656 449
27716 451
27780 451
27840 451
27904 455
27964 455
28028 455
28092 455
28156 455
28220 455
28280 455
28344 455
28404 455
28468 451
28528 451
28592 451
28652 451
28716 451
28776 451
28840 451
28900 451
28964 451
29024 451
29096 451
29156 451
29220 451
29280 455
29344 455
29404 455
29468 455
29528 455
29592 455
29652 455
29716 455
29776 451
29840 451
29904 454
29964 451
30028 451
30096 451
30156 451
30220 451
30280 451
30344 451
30404 454
30468 454
30528 455
30592 455
30656 455
30716 455
30780 455
30840 455
30904 451
30964 451
30024 449
30088 449
30152 451
30212 451
30276 451
30336 451
30400 455
30460 455
30524 455
30584 455
30652 455
30716 455
30776 455
30840 455
30904 455
30964 454
31028 451
31088 451
31152 451
31212 449
31276 449
31336 451
31400 449
31460 449
31524 449
31584 451
31652 451
31716 451
31780 451
31840 451
31904 455
31964 455
32028 455
32088 455
32152 455
32212 455
32276 455
32336 454
32400 451
32460 451
32524 451
32584 451
32648 451
32716 454
32780 451
32840 451
32904 451
32964 451
33028 451
33088 451
33152 451
33212 451
33276 451
33336 451
33400 451
33464 451
33524 451
33588 451
33648 451
33716 451
33780 451
33840 451
33904 454
33964 455
34028 455
34088 451
34152 454
34216 455
34276 454
34340 454
34400 451
34464 451
34524 451
34588 451
34648 451
34716 451
34780 451
34840 451
34904 451
34968 451
35028 451
35092 451
35152 451
35216 455
35276 455
35340 451
35400 455
35464 455
35524 455
35588 454
35648 454
35712 455
35780 451
35844 451
35904 451
35968 451
36028 451
36092 454
36152 451
36216 451
36276 451
36340 454
36400 451
36464 451
36524 451
36588 451
36652 451
36712 451
36780 451
36844 451
36904 451
36968 451
37028 451
37092 451
37152 451
37216 454
37276 451
37340 451
37404 454
37464 451
37528 451
37588 454
37652 451
37712 451
37776 451
37844 451
37904 451
37968 451
38028 451
38092 451
38156 451
38216 451
38280 451
38340 451
38404 455
38464 455
38528 455
38588 455
38652 455
38712 455
38776 455
38844 455
38904 454
38968 451
39032 451
39092 451
39156 451
39216 449
39280 451
39340 451
39404 451
39464 449
39528 451
39588 451
39652 451
39712 451
39776 451
39844 454
39908 455
39968 455
40032 454
40092 451
40156 451
40216 455
40280 451
40340 451
40404 451
40464 451
40528 451
40588 451
40652 451
40716 451
40776 451
40840 451
40908 451
40968 451
41032 451
41092 451
41156 451
41216 451
41280 455
41340 455
41404 455
41468 455
41528 455
41592 455
41652 455
41716 455
41776 455
41840 455
41908 455
41968 451
42032 451
42092 451
42156 451
42220 451
42280 451
42344 451
42404 451
42468 451
42528 451
42592 451
42652 451
42716 451
42776 451
42840 451
42908 451
42972 451
43032 455
43096 455
43156 455
43220 455
43280 455
43344 455
43404 455
43468 455
43528 454
43592 451
43652 454
43716 455
43776 451
43840 451
43904 451
43972 451
44032 451
44096 451
44156 451
44220 451
44280 451
44344 454
44404 455
44468 451
44528 455
44592 455
44656 455
44716 455
44780 455
44840 455
44904 455
44972 451
45032 451
45096 451
45156 451
45220 451
45280 451
45344 449
45408 451
45468 451
45532 451
45592 451
45656 451
45716 451
45780 451
45840 455
45904 451
45964 455
45024 455
45088 451
45152 455
45220 451
45280 451
45344 451
45404 451
45468 451
45528 451
45592 451
45652 451
45716 451
45776 451
45840 451
45904 451
45964 451
46028 451
46088 451
46152 451
46220 451
46280 451
46344 455
46404 455
46468 455
46528 455
46592 455
46656 455
46716 455
46780 455
46840 455
46904 455
46964 455
47028 451
47088 455
47152 451
47212 451
47280 451
47344 451
47408 451
47468 451
47532 451
47592 451
47656 451
47716 451
47780 451
47840 451
47904 451
47964 451
48028 451
48088 451
48152 455
48212 455
48284 455
48344 455
48408 455
48468 455
48532 455
48592 454
48656 451
48716 451
48780 454
48840 451
48904 451
48964 451
49028 451
49092 451
49152 449
49216 451
49276 451
49340 451
49404 451
49468 451
49528 455
49592 455
49652 454
49716 455
49776 455
49840 455
49900 455
49964 455
50024 451
50088 451
50148 451
50212 451
50272 451
50344 451
50404 451
50468 451
50528 451
50592 451
50652 451
50716 451
50776 451
50840 451
50900 451
50964 454
51024 455
51088 454
51152 451
51212 451
51276 455
51344 451
51404 451
51468 451
51528 451
51592 451
51652 454
51716 454
51776 451
51840 454
51904 455
51964 455
52028 451
52088 455
52152 455
52212 454
52276 455
52336 451
52404 455
52468 451
52528 451
52592 451
52656 451
52716 451
52780 451
52840 451
52904 451
52964 455
53028 455
53088 455
53152 455
53212 455
53276 455
53336 454
53404 451
53468 451
53532 451
53592 451
53656 451
53716 451
53780 449
53840 451
53904 451
53964 451
54028 451
54088 451
54152 451
54212 455
54276 455
54336 455
54400 455
54468 455
54532 455
54592 455
54656 455
54716 455
54780 455
54840 454
54904 454
54964 451
55028 451
55088 451
55152 451
55216 451
55276 451
55340 451
55400 451
55468 451
55532 451
55592 451
55656 451
55716 455
55780 455
55840 455
55904 455
55968 455
56028 455
56092 455
56152 451
56216 454
56276 451
56340 451
56400 451
56468 451
56532 451
56592 451
56656 451
56720 449
56780 449
56844 451
56904 451
56968 451
57028 451
57092 451
57152 455
57216 455
57276 455
57340 455
57400 455
57464 455
57532 455
57596 455
57656 454
57720 455
57780 455
57844 455
57904 451
57968 451
58028 451
58092 451
58152 451
58216 451
58276 451
58340 451
58404 451
58464 451
58532 451
58596 451
58656 451
58720 451
58780 451
58844 454
58904 455
58968 455
59028 455
59092 455
59156 455
59216 455
59280 455
59340 455
59404 451
59464 451
59532 451
59596 451
59656 451
59720 451
59780 451
59844 451
59908 451
59968 451
60032 451
60092 451
60156 451
60216 455
60280 451
60340 455
60404 455
60464 455
60528 455
60596 455
60656 455
60720 455
60784 455
60844 451
60908 451
60968 451
60028 451
60088 454
60152 454
60220 455
60280 451
60344 455
60408 455
60468 455
60532 455
60592 451
60656 451
60716 451
60780 451
60840 451
60904 451
60964 451
61028 451
61088 451
61152 451
61220 451
61284 451
61344 451
61408 451
61468 451
61532 451
61592 454
61656 451
61716 455
61780 455
61840 455
61904 455
61964 455
62028 455
62092 455
62152 455
62216 455
62280 455
62344 455
62408 455
62468 451
62532 451
62592 451
62656 451
62716 451
62780 451
62840 451
62904 451
62964 451
63028 451
63088 451
63152 451
63212 451
63284 451
63344 454
63408 455
63468 455
63532 455
63592 455
63656 455
63716 455
63780 455
63840 454
63904 451
63964 451
64028 451
64088 451
64152 451
64216 451
64284 451
64344 451
64408 451
64468 451
64532 451
64592 451
64656 455
64716 455
64780 455
64840 455
64904 455
64968 455
65028 455
65092 455
65152 454
65216 451
65276 451
65344 451
65408 451
65468 451
65532 451
65592 451
65656 451
65720 451
65780 451
65844 454
65904 451
65968 451
66028 451
66092 451
66152 451
66216 451
66276 451
66344 451
66408 451
66472 451
66532 451
66596 451
66656 451
66720 451
66780 451
66844 451
66904 451
66968 455
67028 455
67092 451
67152 451
67216 451
67276 451
67340 451
67408 451
67472 451
67532 451
67596 451
67656 451
67720 451
67780 451
67844 451
67904 451
67968 454
68028 455
68092 455
68152 455
68216 455
68280 455
68340 455
68408 455
68472 455
68532 451
68596 451
68656 451
68720 451
68780 451
68844 451
68904 449
68968 449
69032 451
69092 451
69156 451
69216 451
69280 451
69340 451
69408 454
69472 451
69532 454
69596 455
69656 455
69720 455
69784 455
69844 454
69908 451
69968 451
70032 451
70092 451
70156 451
70216 451
70280 451
70340 451
70404 451
70472 451
70532 451
70596 451
70660 451
70720 451
70784 451
70844 455
70908 455
70968 455
71032 455
71092 455
71156 455
71216 455
71280 455
71340 455
71404 455
71472 455
71536 451
71596 451
71660 451
71720 451
71784 451
71844 451
71908 451
71968 451
72032 451
72092 451
72156 451
72216 451
72280 451
72344 451
72404 451
72472 451
72536 455
72596 451
72660 454
72720 455
72784 455
72844 455
72908 455
72968 455
73032 455
73096 454
73156 454
73220 454
73280 451
73344 451
73404 451
73468 451
73536 451
73596 451
73660 451
73720 451
73784 451
73848 451
73908 451
73972 451
74032 454
74096 455
74156 455
74220 455
74280 455
74344 455
74404 455
74468 455
74536 451
74600 451
74660 451
74724 451
74784 451
74848 451
74908 451
74972 451
75032 451
75096 451
75156 451
75220 451
75280 451
75344 451
75404 451
75468 455
75532 451
75600 454
75660 454
75724 451
75784 454
75848 451
75908 451
75972 451
75032 451
75092 451
75160 451
75224 451
75284 451
75348 451
75412 455
75472 455
75536 455
75596 455
75660 455
75720 455
75784 455
75844 455
75908 455
75968 455
76032 454
76092 451
76156 451
76220 451
76284 451
76348 451
76408 451
76472 451
76532 451
76596 451
76656 451
76720 451
76780 451
76844 451
76904 451
76968 451
77028 451
77092 451
77152 454
77224 451
77284 455
77348 455
77408 455
77472 455
77532 455
77596 451
77656 451
77720 455
77780 451
77844 451
77904 451
77968 451
78028 451
78092 451
78156 451
78224 451
78284 451
78348 451
78408 451
78472 451
78532 454
78596 455
78656 455
78720 455
78780 455
78844 455
78908 455
78968 455
79032 451
79092 451
79156 451
79216 451
79284 451
79348 451
79408 449
79472 451
79532 451
79596 451
79660 451
79720 451
79784 451
79844 451
79908 455
79968 454
80032 454
80092 455
80156 455
80216 451
80284 451
80348 451
80412 451
80472 451
80536 451
80596 451
80660 451
80720 454
80784 455
80844 451
80908 455
80968 455
81032 455
81092 451
81156 451
81216 455
81280 451
81348 451
81412 451
81472 451
81536 451
81596 451
81660 451
81720 451
81784 451
81844 455
81908 451
81968 451
82032 455
82096 455
82156 454
82220 455
82280 454
82348 455
82412 451
82472 451
82536 451
82596 449
82660 451
82720 451
82784 451
82848 449
82908 451
82972 451
83032 451
83096 451
83156 451
83220 454
83280 455
83348 454
83412 455
83472 455
83536 455
83600 455
83660 455
83724 455
83784 455
83848 451
83908 451
83972 451
84032 451
84096 449
84156 451
84220 451
84280 451
84344 451
84412 451
84476 451
84536 451
84600 455
84660 454
84724 455
84784 455
84848 455
84908 455
84972 454
85032 454
85096 455
85156 455
85220 451
85280 451
85344 451
85412 451
85476 449
85536 449
85600 449
85660 449
85724 451
85784 451
85848 449
85908 451
85972 451
86032 451
86096 451
86160 454
86220 455
86284 455
86344 455
86412 455
86476 455
86536 455
86600 455
86660 455
86724 451
86784 455
86848 454
86912 451
86972 451
87036 451
87096 451
87160 451
87220 451
87284 451
87344 451
87408 451
87476 451
87536 451
87600 451
87664 451
87724 451
87788 451
87848 451
87912 455
87972 454
88036 455
88096 455
88160 455
88220 454
88284 455
88344 455
88408 455
88476 451
88540 451
88600 451
88664 451
88724 451
88788 451
88848 451
88912 451
88972 451
89036 451
89096 451
89160 451
89220 455
89284 454
89348 451
89408 455
89472 455
89540 455
89600 455
89664 455
89724 454
89788 451
89848 455
89912 451
89972 451
90036 451
90100 451
90160 451
90224 451
90284 451
90348 451
90408 451
90472 451
90540 451
90600 451
90664 451
90724 451
90788 451
90848 451
90912 451
90976 451
90028 449
90092 449
90156 449
90216 451
90280 451
90340 451
90404 451
90464 454
90528 451
90588 451
90652 455
90712 455
90776 455
90836 455
90904 455
90968 455
91032 455
91092 455
91156 455
91216 455
91280 454
91340 455
91404 451
91464 451
91528 451
91588 451
91652 451
91712 451
91776 451
91836 451
91908 451
91968 451
92032 451
92092 451
92156 451
92216 455
92280 455
92340 454
92404 455
92464 455
92528 455
92588 455
92652 454
92716 451
92776 451
92840 451
92908 451
92968 451
93032 451
93092 451
93156 451
93216 451
93280 451
93340 451
93404 451
93468 451
93528 451
93592 451
93652 455
93716 455
93776 455
93840 455
93900 455
93968 451
94032 455
94092 451
94156 451
94220 451
94280 451
94344 451
94404 451
94468 451
94528 451
94592 451
94652 451
94716 451
94776 451
94840 451
94900 451
94968 451
95032 451
95096 451
95156 451
95220 451
95280 451
95344 451
95404 451
95468 451
95528 451
95592 451
95652 451
95716 451
95776 451
95840 451
95904 451
95964 451
96028 451
96092 451
96152 451
96216 451
96280 451
96340 451
96404 451
96464 451
96528 451
96588 451
96652 451
96712 451
96776 451
96836 451
96900 455
96960 455
97028 455
97092 455
97156 455
97216 455
97280 455
97340 451
97404 451
97464 451
97528 451
97588 451
97652 451
97712 451
97776 449
97836 451
97900 451
97964 449
98032 451
98092 451
98156 451
98216 451
98280 451
98340 451
98404 451
98464 451
98528 454
98588 451
98652 451
98716 455
98776 451
98840 451
98900 451
98964 451
99024 451
99092 451
99156 451
99216 451
99280 451
99340 451
99404 451
99468 451
99528 451
99592 451
99652 451
99716 451
99776 451
99840 455
99900 455
99964 454
100024 455
100092 455
100156 455
100220 455
100280 455
100344 451
100404 451
100468 455
100528 451
100592 451
100652 451
100716 451
100776 451
100840 451
100900 451
100964 451
101024 451
101088 451
101156 451
101220 451
101280 451
101344 451
101404 451
101468 451
101528 451
101592 455
101652 455
101716 455
101776 455
101840 455
101900 455
101964 455
102028 454
102088 451
102156 451
102220 451
102280 451
102344 451
102404 451
102468 451
102528 451
102592 451
102652 451
102716 451
102780 451
102840 451
102904 451
102964 451
103028 454
103088 455
103156 455
103220 455
103280 455
103344 455
103404 455
103468 451
103532 451
103592 451
103656 451
103716 451
103780 451
103840 449
103904 449
103964 451
104028 451
104088 451
104152 451
104220 451
104284 451
104344 455
104408 451
104468 454
104532 455
104592 455
104656 451
104716 451
104780 451
104840 451
104904 451
104964 451
105028 451
105088 451
105152 454
105220 451
105284 451
105344 451
105408 455
105468 455
105532 455
105592 451
105656 454
105716 455
105780 451
105840 451
105904 451
105968 451
105032 451
105092 451
105156 451
105216 451
105284 451
105348 451
105412 451
105472 451
105536 451
105596 451
105660 451
105720 451
105784 451
105844 454
105908 455
105968 451
106032 454
106092 455
106156 455
106220 455
106280 455
106348 454
106412 451
106472 451
106536 451
106596 451
106660 451
106720 451
106784 451
106844 451
106908 451
106972 451
107032 451
107096 451
107156 451
107220 451
107280 454
107348 455
107412 455
107472 455
107536 455
107596 455
107660 455
107724 455
107784 451
107848 451
107908 451
107972 451
108032 451
108096 451
108156 449
108220 451
108280 451
108344 451
108408 451
108472 451
108536 451
108596 451
108660 451
108720 455
108784 451
108844 454
108908 455
108968 454
109032 454
109092 451
109156 454
109216 454
109280 451
109340 451
109412 451
109472 451
109536 451
109596 454
109660 455
109720 454
109784 454
109844 455
109908 455
109968 451
110032 454
110092 454
110156 451
110220 451
110280 451
110344 451
110412 451
110472 451
110536 451
110596 451
110660 451
110720 454
110784 451
110844 455
110908 455
110972 455
111032 451
111096 451
111156 451
111220 451
111280 451
111344 451
111404 451
111472 451
111536 451
111596 451
111660 451
111724 451
111784 451
111848 451
111908 451
111972 455
112032 455
112096 455
112156 455
112220 455
112280 455
112344 455
112404 455
112472 455
112536 455
112600 455
112660 451
112724 451
112784 451
112848 451
112908 451
112972 451
113032 451
113096 451
113156 451
113220 451
113280 451
113344 455
113408 454
113468 455
113536 455
113600 455
113660 455
113724 455
113784 454
113848 451
113908 454
113972 454
114032 451
114096 451
114160 451
114220 451
114284 451
114344 449
114408 449
114468 451
114536 449
114600 451
114660 451
114724 451
114784 451
114848 455
114912 454
114972 454
115036 455
115096 455
115160 455
115220 454
115284 455
115344 455
115408 455
115468 454
115536 455
115600 451
115664 451
115724 451
115788 451
115848 451
115912 451
115972 451
116036 451
116096 451
116160 451
116220 451
116284 451
116344 451
116408 451
116468 451
116532 451
116600 454
116664 455
116724 455
116788 455
116848 455
116912 455
116972 451
117036 451
117096 454
117160 451
117220 451
117284 451
117344 451
117408 451
117472 451
117532 451
117600 451
117664 451
117724 451
117788 451
117848 451
117912 455
117972 455
118036 455
118096 455
118160 455
118224 454
118284 455
118348 455
118408 455
118472 451
118532 451
118600 451
118664 451
118724 451
118788 451
118848 451
118912 451
118976 451
119036 451
119100 451
119160 451
119224 451
119284 451
119348 451
119408 451
119472 451
119532 451
119596 451
119664 451
119728 451
119788 451
119852 451
119912 451
119976 451
120036 451
120100 455
120160 451
120224 451
120284 455
120348 451
120408 454
120472 451
120532 451
120596 451
120664 451
120728 451
120788 451
120852 449
120912 451
120976 451
