24 1023
84 240
148 135
208 63
272 12
332 0
396 7
464 63
528 152
588 255
652 384
712 510
776 632
836 768
900 828
960 896
1024 897
1084 896
1148 847
1208 771
1272 671
1336 568
1396 448
1460 319
1528 224
1588 127
1652 63
1712 48
1776 56
1836 96
1900 156
1960 248
2024 352
2088 480
2148 575
2212 704
2272 768
2336 828
2396 864
2460 864
2528 824
2588 768
2652 671
2712 574
2776 480
2840 384
2900 255
2964 192
3024 124
3088 96
3148 96
3212 112
3272 159
3336 240
3396 327
3460 448
3520 543
3588 639
3652 768
3716 775
3776 816
3840 824
3900 798
3964 768
4024 675
4088 591
4148 504
4212 391
4272 312
4336 224
4396 159
4460 127
4520 120
4592 135
4652 192
4716 252
4776 319
4840 415
4900 1023
4964 608
5024 671
5088 768
5148 771
5212 783
5272 771
5336 768
5400 671
5460 608
5524 513
5592 415
5652 332
5716 255
5776 195
5840 159
5900 143
5964 158
6024 192
6088 248
6152 316
6212 391
6276 480
6336 568
6400 638
6460 704
6524 768
6584 768
6652 768
6716 768
6776 671
6840 608
6904 527
6964 448
7028 384
7088 295
7152 240
7212 195
7276 192
7336 192
7400 199
7460 252
7524 312
7584 384
7652 480
7716 540
7780 608
7840 668
7904 704
7964 768
8028 768
8088 704
8152 670
8212 624
8276 543
8336 480
8400 399
8460 327
8524 271
8588 240
8656 224
8716 199
8780 224
8840 255
8904 312
8964 384
9028 448
9088 511
9152 575
9212 632
9276 671
9336 704
9400 704
9464 704
9524 655
9588 624
9648 560
9716 496
9780 415
9840 384
9904 312
9964 255
10028 248
10088 240
10152 248
10216 263
10276 312
10340 384
10400 419
10464 496
10524 543
10588 608
10648 639
10716 670
10780 704
10840 671
10904 639
10968 608
11028 568
11092 508
11152 448
11216 384
11276 332
11340 287
11400 255
11464 254
11524 255
11588 271
11648 312
11712 384
11776 412
11840 480
11900 519
11964 575
12028 624
12088 639
12152 655
12212 655
12276 639
12336 608
12400 572
12460 515
12524 480
12584 414
12648 384
12708 319
12776 287
12840 271
12904 271
12964 287
13028 318
13088 384
13152 399
13212 449
13276 508
13336 547
13400 590
13460 624
13524 638
13584 639
13648 632
13712 608
13780 572
13840 519
13904 480
13964 448
14028 384
14088 352
14152 316
14212 291
14276 287
14336 304
14400 319
14464 384
14524 391
14588 448
14648 496
14712 526
14772 568
14840 608
14904 624
14964 624
15028 624
15088 608
15152 568
15216 527
15276 496
15340 448
15400 399
15464 384
15524 334
15588 318
15648 312
15712 316
15772 327
15840 384
15904 391
15968 448
32 384
92 255
156 143
216 63
280 14
340 0
404 15
468 67
528 156
592 255
652 384
720 519
784 639
844 768
908 831
968 896
1032 897
1092 896
1156 831
1220 768
1280 655
1344 543
1404 448
1468 312
1528 199
1592 124
1652 63
1716 48
1784 56
1844 96
1908 192
1972 255
2032 384
2096 480
2156 608
2220 704
2280 771
2344 831
2404 864
2468 864
2528 824
2592 768
2652 670
2716 572
2784 448
2848 352
2908 248
2972 163
3032 120
3096 96
3156 96
3220 120
3280 192
3344 254
3404 352
3468 448
3528 547
3592 639
3652 768
3716 782
3784 816
3848 824
3908 792
3972 768
4032 664
4096 575
4156 480
4220 384
4280 287
4344 224
4404 159
4468 127
4532 124
4592 135
4656 192
4716 252
4780 327
4848 448
4908 524
4972 624
5032 704
5096 768
5156 771
5220 783
5284 768
5344 768
5408 668
5468 588
5532 508
5592 415
5656 327
5716 255
5780 199
5848 159
5908 152
5972 159
6036 199
6096 255
6160 323
6220 408
6284 496
6344 575
6408 639
6468 704
6532 768
6592 768
6656 768
6716 711
6780 668
6848 608
6912 513
6972 448
7036 384
7096 287
7160 240
7220 195
7284 192
7344 192
7408 224
7468 255
7532 319
7592 387
7656 480
7720 543
7780 608
7844 668
7912 705
7972 768
8036 768
8096 704
8160 655
8220 608
8284 527
8344 455
8408 384
8472 319
8532 255
8596 240
8656 224
8720 224
8780 224
8844 255
8912 319
8972 384
9036 448
9096 519
9160 582
9224 638
9284 671
9348 704
9408 704
9472 704
9532 652
9596 608
9656 543
9720 480
9780 415
9844 384
9904 294
9972 255
10036 240
10100 240
10160 248
10224 271
10284 318
10348 384
10408 448
10472 504
10532 560
10596 608
10656 639
10720 671
10780 704
10844 671
10904 639
10976 608
11036 547
11100 496
11160 448
11224 384
11284 319
11348 287
11408 255
11472 254
11532 255
11596 280
11656 318
11720 384
11784 415
11844 480
11908 527
11976 575
12036 624
12100 639
12160 655
12224 647
12284 636
12348 608
12408 560
12472 508
12536 449
12596 399
12660 384
12720 316
12784 287
12844 271
12908 271
12968 287
13036 319
13100 384
13160 412
13224 480
13288 512
13348 560
13412 608
13472 624
13536 638
13596 638
13660 632
13720 608
13784 568
13844 513
13908 480
13968 415
14036 384
14100 334
14164 312
14224 287
14288 287
14348 304
14412 319
14472 384
14536 399
14596 448
14660 496
14720 536
14784 574
14844 608
14908 624
14972 624
15040 624
15100 591
15164 568
15224 519
15288 480
15348 448
15412 391
15472 384
15536 327
15596 316
15660 312
15724 318
15784 327
15848 384
15908 391
15972 448
40 384
104 240
164 127
228 60
288 7
352 0
412 24
476 96
536 192
600 280
664 399
724 527
788 639
848 768
912 831
980 896
1040 897
1104 896
1164 830
1228 768
1288 639
1352 527
1416 412
1476 291
1540 192
1600 120
1664 63
1724 48
1788 60
1848 112
1912 192
1980 271
2040 384
2104 504
2168 608
2228 704
2292 780
2352 831
2416 864
2476 844
2540 806
2600 768
2664 655
2724 560
2788 448
2848 352
2912 252
2972 159
3044 120
3104 96
3168 96
3228 126
3292 192
3352 255
3416 384
3476 455
3540 568
3600 652
3664 768
3724 783
3788 816
3852 816
3912 783
3976 768
4044 652
4104 568
4168 480
4228 384
4292 286
4352 224
4416 158
4476 127
4540 126
4604 143
4664 192
4728 255
4788 352
4852 448
4912 524
4976 608
5044 704
5104 768
5168 775
5228 775
5292 768
5356 736
5416 655
5480 575
5540 496
5604 399
5664 319
5728 252
5788 193
5852 159
5912 156
5976 192
6036 199
6104 255
6168 352
6232 415
6292 508
6356 579
6416 647
6480 704
6540 768
6604 768
6664 768
6728 704
6788 655
6852 588
6912 512
6976 448
7036 384
7108 286
7168 240
7232 195
7292 192
7356 192
7416 224
7480 268
7540 327
7604 399
7664 480
7728 547
7788 624
7852 670
7916 704
7976 736
8040 736
8108 704
8168 639
8232 587
8292 519
8356 448
8416 384
8480 318
8540 255
8604 240
8668 224
8728 224
8792 240
8852 271
8916 319
8976 384
9040 449
9100 519
9168 585
9232 639
9292 671
9356 704
9420 704
9480 671
9544 639
9604 608
9668 536
9728 480
9792 408
9852 352
9916 295
9976 255
10040 240
10100 240
10168 254
10232 284
10296 323
10356 384
10420 448
10480 508
10544 568
10604 624
10668 639
10728 671
10792 671
10852 664
10916 638
10976 608
11040 543
11104 496
11164 448
11228 384
11292 319
11352 286
11416 255
11480 254
11540 255
11604 286
11664 319
11728 384
11788 419
11852 480
11912 529
11976 575
12036 624
12100 639
12160 655
12228 647
12292 636
12356 608
12416 551
12480 504
12540 448
12604 391
12664 352
12728 316
12788 286
12852 271
12912 271
12976 287
13036 319
13100 384
13164 412
13232 480
13292 513
13356 568
13416 608
13480 632
13540 638
13604 638
13664 624
13728 608
13788 560
13852 512
13916 480
13976 415
14040 384
14100 334
14164 312
14224 287
14292 287
14356 312
14416 327
14480 384
14540 403
14604 448
14668 504
14728 542
14792 575
14852 608
14916 624
14976 624
15040 608
15100 588
15164 560
15224 519
15292 480
15356 448
15420 385
15480 384
15544 327
15604 316
15668 312
15728 318
15792 335
15852 384
15916 399
15976 448
48 352
112 224
180 112
244 35
304 0
368 0
428 31
492 112
552 193
616 316
676 448
740 568
800 675
864 775
924 864
988 896
1048 897
1112 896
1180 816
1244 768
1304 624
1368 504
1428 384
1492 255
1552 192
1616 96
1676 56
1740 48
1800 63
1864 120
1928 192
1988 287
2052 399
2112 515
2176 632
2244 768
2304 799
2368 844
2428 864
2492 839
2552 798
2616 768
2680 636
2740 526
2804 415
2864 316
2928 224
2988 147
3052 112
3112 96
3176 96
3244 127
3304 199
3368 287
3432 384
3492 496
3556 585
3616 671
3680 768
3740 799
3804 824
3864 816
3928 775
3988 768
4052 639
4112 551
4176 451
4236 352
4308 255
4368 192
4432 143
4492 126
4556 126
4616 156
4680 224
4740 280
4804 384
4864 451
4928 543
4988 636
5052 704
5116 768
5176 775
5240 775
5308 768
5368 705
5432 639
5492 568
5556 480
5616 384
5680 312
5740 240
5804 192
5868 159
5928 156
5992 192
6052 224
6116 271
6176 352
6240 448
6308 519
6368 608
6432 668
6492 711
6556 768
6620 768
6680 768
6744 704
6804 639
6868 574
6928 504
6992 415
7052 352
7116 271
7176 224
7240 192
7300 192
7368 193
7432 240
7496 280
7556 352
7620 415
7680 496
7744 568
7804 632
7868 675
7928 707
7992 768
8052 711
8116 704
8176 639
8240 575
8300 512
8372 448
8432 384
8496 304
8556 255
8620 224
8680 224
8744 224
8804 248
8868 284
8928 352
8992 399
9052 480
9116 540
9180 608
9240 639
9304 704
9372 704
9432 704
9496 671
9556 636
9620 575
9680 519
9744 454
9804 391
9868 334
9932 287
9992 255
10056 240
10116 240
10180 255
10240 287
10304 334
10364 387
10432 455
10496 515
10556 575
10620 624
10684 652
10744 671
10808 671
10868 655
10932 632
10992 575
11056 527
11116 480
11180 415
11240 384
11304 318
11364 280
11432 255
11496 255
11560 268
11620 295
11684 352
11744 384
11808 448
11868 504
11932 543
11992 591
12056 632
12116 639
12180 652
12240 639
12304 624
12368 583
12428 536
12496 480
12560 448
12620 384
12684 335
12744 304
12808 284
12868 271
12932 284
12992 304
13056 352
13120 384
13180 448
13244 480
13304 526
13368 572
13428 608
13496 632
13560 638
13620 636
13684 624
13744 575
13808 542
13872 496
13932 448
13996 398
14056 384
14120 319
14180 304
14244 287
14304 287
14368 312
14428 334
14496 384
14560 415
14624 480
14684 511
14748 550
14808 583
14872 608
14932 624
14996 624
15056 608
15120 575
15180 543
15244 510
15304 480
15368 415
15428 384
15492 352
15560 319
15624 312
15684 312
15748 319
15808 352
15872 384
15932 412
15996 449
