16 1023
76 252
140 158
200 76
264 24
324 0
388 7
452 56
516 135
580 240
640 384
704 496
768 608
828 711
892 803
952 896
1016 896
1076 896
1140 864
1200 783
1264 704
1324 583
1388 480
1448 352
1516 240
1580 135
1644 71
1704 48
1768 48
1828 71
1892 135
1952 224
2016 319
2076 448
2140 547
2200 655
2264 768
2324 816
2388 847
2448 864
2520 830
2580 769
2644 704
2704 608
2768 496
2828 384
2892 284
2952 193
3016 127
3076 96
3140 96
3200 112
3264 145
3328 224
3388 312
3452 403
3512 510
3580 624
3644 704
3704 768
3768 799
3828 824
3892 799
3952 768
4016 704
4080 624
4140 519
4204 419
4264 327
4328 252
4388 192
4452 135
4512 124
4580 127
4644 159
4704 224
4768 304
4832 385
4892 480
4956 574
5016 652
5080 736
5140 768
5204 782
5264 775
5328 768
5388 704
5452 632
5512 543
5576 448
5644 384
5708 284
5768 224
5832 192
5892 152
5956 156
6016 192
6080 240
6140 287
6204 384
6264 451
6328 540
6388 624
6452 704
6516 768
6576 768
6644 768
6708 768
6768 704
6832 632
6892 551
6956 480
7016 391
7080 319
7140 255
7204 224
7268 192
7328 192
7392 193
7452 240
7516 287
7576 384
7644 448
7708 512
7768 583
7832 639
7892 704
7956 736
8020 768
8080 710
8144 675
8204 632
8268 568
8328 496
8392 415
8452 384
8516 287
8576 248
8640 224
8708 224
8768 224
8832 252
8896 287
8956 384
9020 415
9080 496
9144 560
9204 624
9268 655
9328 704
9392 704
9452 704
9516 671
9576 636
9640 575
9708 510
9772 448
9832 384
9896 319
9956 271
10020 248
10080 240
10144 240
10204 254
10268 287
10328 352
10392 399
10452 480
10516 526
10580 575
10640 636
10708 668
10772 704
10832 704
10896 655
10956 632
11020 575
11080 519
11144 455
11204 399
11268 352
11332 304
11392 255
11456 252
11516 252
11580 255
11640 287
11704 335
11772 391
11832 448
11896 511
11956 568
12020 608
12084 639
12144 657
12208 664
12268 647
12332 632
12392 583
12456 536
12516 480
12580 448
12640 384
12704 319
12772 287
12836 263
12896 255
12960 271
13020 295
13084 327
13144 384
13208 448
13268 496
13332 536
13392 575
13456 624
13516 639
13580 639
13640 639
13704 624
13768 579
13836 542
13896 496
13960 448
14020 387
14084 352
14144 316
14208 287
14268 284
14332 286
14392 304
14456 327
14520 384
14580 415
14644 480
14704 512
14768 560
14836 608
14896 624
14960 632
15020 632
15084 608
15144 583
15208 543
15272 508
15332 455
15396 414
15456 384
15520 335
15580 316
15644 304
15704 304
15768 316
15836 352
15896 384
15960 412
24 399
84 271
148 163
212 76
272 17
336 0
396 7
460 60
520 135
584 248
644 384
708 480
768 608
832 736
892 803
956 896
1024 896
1088 896
1148 847
1212 775
1272 704
1336 572
1396 448
1460 327
1520 224
1584 135
1644 71
1708 48
1768 48
1832 71
1896 135
1956 224
2020 327
2088 454
2148 572
2212 671
2272 768
2336 828
2396 864
2460 864
2520 831
2584 769
2648 704
2708 608
2772 496
2832 384
2896 271
2956 192
3020 126
3088 96
3148 71
3212 96
3272 152
3336 224
3400 319
3460 415
3524 521
3584 632
3648 707
3708 771
3772 816
3832 830
3896 816
3956 768
4020 704
4080 608
4148 510
4212 408
4276 316
4336 240
4400 163
4460 126
4524 112
4584 124
4648 159
4708 224
4772 304
4832 387
4896 496
4956 575
5020 664
5080 768
5152 775
5212 796
5276 783
5336 768
5400 704
5460 624
5524 536
5584 448
5648 384
5708 271
5772 224
5832 159
5896 142
5960 143
6020 192
6084 224
6152 295
6212 384
6276 480
6336 543
6400 632
6460 704
6524 768
6584 768
6648 768
6712 768
6772 704
6836 636
6896 560
6960 480
7020 391
7084 319
7144 255
7212 199
7276 192
7336 192
7400 192
7464 240
7524 287
7588 384
7648 448
7712 512
7772 583
7836 647
7896 704
7960 768
8020 768
8084 736
8144 704
8212 632
8276 568
8340 496
8400 415
8464 352
8524 286
8588 240
8648 224
8712 195
8772 224
8836 248
8896 287
8960 352
9020 414
9084 496
9148 551
9216 624
9276 664
9340 704
9400 704
9464 704
9524 671
9588 636
9648 575
9712 511
9772 448
9836 384
9900 319
9960 271
10024 248
10084 240
10148 240
10208 254
10276 291
10340 352
10400 401
10464 480
10524 527
10588 583
10652 636
10712 668
10776 704
10836 704
10900 664
10960 632
11024 575
11084 521
11148 480
11208 399
11276 352
11340 304
11404 255
11464 252
11528 252
11588 255
11652 295
11712 352
11776 390
11836 448
11900 510
11960 568
12024 608
12084 638
12148 655
12208 655
12272 639
12336 624
12400 575
12464 527
12524 480
12588 419
12648 384
12712 323
12772 291
12836 271
12896 268
12960 280
13020 304
13084 352
13144 384
13208 448
13268 496
13340 542
13400 579
13464 624
13524 638
13588 639
13648 636
13712 624
13772 575
13836 536
13896 496
13960 448
14020 387
14084 352
14148 318
14208 291
14272 287
14340 287
14400 316
14464 352
14524 384
14588 448
14648 480
14712 519
14772 568
14836 608
14900 624
14960 632
15024 624
15084 608
15148 575
15208 543
15272 504
15332 451
15400 401
15464 384
15524 332
15588 316
15652 304
15712 312
15776 319
15836 352
15900 384
15960 415
32 384
96 255
156 143
220 63
280 14
344 0
404 15
468 71
528 158
600 271
660 391
724 518
784 639
848 768
908 828
972 896
1032 896
1096 896
1156 831
1220 768
1280 655
1344 543
1408 448
1468 316
1532 224
1592 127
1656 63
1720 48
1784 56
1844 96
1908 159
1968 254
2032 384
2092 480
2156 575
2216 704
2280 768
2340 828
2404 864
2464 864
2528 824
2588 768
2660 670
2720 572
2784 480
2844 384
2908 255
2968 192
3032 124
3092 96
3156 96
3216 120
3280 159
3340 248
3404 327
3468 448
3528 536
3592 632
3660 736
3720 774
3784 807
3844 824
3908 796
3968 768
4032 671
4092 590
4156 504
4220 396
4280 312
4344 240
4404 192
4468 127
4528 124
4592 135
4652 192
4720 248
4784 319
4844 415
4908 510
4972 608
5032 671
5096 768
5156 768
5220 782
5280 768
5344 768
5404 675
5468 608
5528 519
5592 448
5652 352
5720 255
5784 224
5848 192
5908 156
5972 159
6032 192
6096 248
6156 316
6220 387
6280 480
6344 560
6404 632
6468 704
6528 768
6592 768
6652 768
6716 736
6784 671
6848 608
6908 527
6972 449
7032 384
7096 312
7156 248
7220 224
7280 192
7344 192
7404 224
7468 252
7532 312
7592 384
7656 448
7716 526
7784 608
7848 655
7908 704
7972 768
8032 768
8096 705
8156 670
8220 624
8284 543
8344 480
8408 399
8468 352
8532 280
8592 240
8656 224
8716 224
8784 224
8848 255
8908 312
8972 384
9032 448
9096 508
9160 572
9220 632
9284 668
9344 704
9408 704
9468 704
9532 655
9592 624
9656 560
9716 504
9780 448
9848 384
9912 312
9972 255
10036 248
10096 240
10160 248
10220 255
10284 312
10344 384
10408 415
10468 480
10532 543
10592 608
10656 639
10716 668
10780 704
10848 671
10912 647
10972 624
11036 568
11096 510
11160 448
11220 385
11284 335
11344 287
11408 255
11468 254
11532 254
11596 271
11656 312
11720 352
11780 399
11848 480
11912 519
11972 574
12036 624
12096 639
12160 655
12220 655
12284 639
12348 624
12408 572
12472 519
12532 480
12596 412
12656 384
12720 319
12780 287
12844 268
12912 263
12972 284
13036 316
13100 352
13160 391
13224 448
13284 504
13348 543
13408 591
13472 624
13532 639
13596 639
13656 638
13720 624
13780 575
13844 536
13912 480
13976 448
14036 384
14100 352
14160 312
14224 287
14284 284
14348 287
14408 316
14472 352
14532 384
14596 448
14656 480
14720 519
14780 572
14844 608
14908 624
14976 632
15036 632
15100 608
15160 575
15224 540
15284 496
15348 448
15408 399
15472 384
15532 327
15596 312
15660 304
15720 304
15784 318
15844 352
15908 384
15976 419
44 384
104 240
172 124
236 56
300 6
360 0
424 31
484 96
548 192
608 295
672 415
732 543
796 655
856 768
920 831
980 896
1044 896
1104 896
1168 816
1236 768
1300 632
1360 510
1424 387
1484 275
1548 192
1608 112
1672 62
1732 48
1796 63
1856 112
1920 192
1984 280
2044 384
2108 504
2168 608
2236 711
2300 783
2360 831
2424 864
2484 839
2548 799
2608 768
2672 639
2736 542
2796 448
2860 327
2920 240
2984 159
3044 112
3108 96
3168 96
3236 127
3300 192
3360 271
3424 384
3488 480
3548 574
3612 664
3672 768
3736 783
3796 816
3860 807
3920 775
3984 768
4044 647
4108 568
4168 480
4232 384
4300 271
4364 199
4424 152
4488 126
4548 126
4612 152
4672 198
4736 263
4796 384
4860 448
4920 536
4984 624
5044 704
5108 768
5172 771
5232 775
5300 768
5364 711
5424 639
5488 572
5548 496
5612 391
5672 318
5736 248
5796 192
5860 159
5924 156
5984 192
6048 224
6108 255
6172 335
6232 415
6300 511
6364 588
6424 655
6488 707
6548 768
6612 768
6676 768
6736 704
6800 647
6860 579
6924 510
6984 448
7048 352
7108 284
7172 240
7232 192
7296 192
7364 192
7424 224
7488 263
7552 327
7612 399
7676 480
7736 560
7800 624
7860 671
7924 707
7984 768
8048 768
8108 704
8172 654
8232 608
8296 527
8364 448
8428 384
8488 316
8552 255
8612 224
8676 224
8736 224
8800 240
8860 270
8924 319
8984 384
9048 455
9108 524
9172 583
9236 639
9296 675
9360 704
9428 704
9488 704
9552 639
9612 608
9676 536
9736 480
9800 399
9860 352
9924 287
9988 255
10048 240
10112 240
10172 248
10236 271
10296 319
10360 384
10428 448
10488 508
10552 568
10612 624
10676 652
10740 671
10800 704
10864 671
10924 639
10988 608
11048 547
11112 496
11172 448
11236 384
11296 319
11360 286
11428 255
11492 252
11552 255
11616 284
11676 319
11740 384
11800 419
11864 480
11924 536
11988 583
12048 632
12112 639
12172 655
12236 655
12296 638
12360 608
12424 560
12492 508
12552 448
12616 391
12676 352
12740 312
12800 280
12864 263
12924 270
12988 287
13048 318
13112 384
13176 408
13236 455
13300 511
13360 560
13424 608
13492 632
13552 639
13616 639
13676 632
13740 608
13800 568
13864 515
13928 480
13988 415
14052 384
14112 334
14176 312
14236 287
14300 287
14360 295
14424 319
14492 384
14552 398
14616 448
14680 496
14740 536
14804 574
14864 608
14928 624
14988 632
15052 624
15112 608
15176 568
15236 526
15300 480
15360 448
15424 391
15484 384
15556 319
15616 312
15680 304
15740 312
15804 319
15864 384
15928 387
15988 448
