16 1023
84 352
144 327
208 304
268 271
332 252
396 224
456 224
520 192
580 192
644 159
704 156
768 152
828 158
892 163
952 192
1016 193
1084 224
1148 252
1208 271
1272 312
1332 352
1396 384
1456 415
1520 455
1580 504
1644 529
1704 572
1768 608
1828 636
1892 664
1952 704
2016 705
2084 768
2148 768
2208 768
2272 768
2332 768
2396 768
2456 768
2520 707
2580 704
2644 668
2704 639
2768 608
2832 575
2892 543
2956 510
3016 480
3080 448
3148 398
3208 384
3272 327
3332 312
3396 273
3456 254
3520 240
3580 224
3644 199
3708 193
3768 192
3832 192
3892 195
3956 224
4016 224
4080 240
4148 255
4208 287
4272 316
4332 352
4396 384
4460 408
4520 448
4584 480
4644 508
4708 540
4768 572
4832 608
4892 632
4956 639
5016 668
5080 704
5140 704
5208 704
5272 707
5336 707
5396 704
5460 704
5520 704
5584 671
5644 647
5708 636
5768 608
5832 575
5892 543
5956 515
6016 496
6080 455
6140 448
6212 391
6272 384
6336 352
6396 316
6460 287
6520 270
6584 255
6644 248
6708 240
6768 240
6832 224
6892 240
6956 240
7020 248
7080 255
7144 271
7212 295
7272 319
7336 352
7396 384
7460 391
7520 448
7584 451
7644 480
7708 511
7772 540
7832 568
7896 591
7956 608
8020 632
8080 639
8144 655
8204 670
8272 671
8336 671
8396 671
8460 671
8524 664
8584 647
8648 638
8708 624
8772 608
8832 575
8896 550
8956 526
9020 504
9080 480
9144 448
9204 415
9272 387
9336 384
9400 352
9460 319
9524 312
9584 287
9648 271
9708 263
9772 255
9832 255
9896 255
9956 255
10020 263
10080 273
10144 287
10208 312
10276 319
10336 352
10400 384
10460 387
10524 415
10584 448
10648 480
10708 496
10772 513
10832 540
10896 568
10960 575
11020 608
11084 624
11144 632
11208 638
11268 639
11336 639
11400 647
11460 639
11524 639
11584 636
11648 624
11712 608
11772 590
11836 574
11896 550
11960 527
12020 510
12084 496
12144 480
12208 448
12268 415
12336 387
12400 384
12464 352
12524 327
12588 319
12648 312
12712 291
12772 287
12836 284
12896 284
12960 286
13020 287
13084 291
13144 312
13208 318
13268 327
13332 352
13396 384
13460 384
13524 408
13584 448
13648 449
13708 480
13772 504
13832 513
13896 536
13956 560
14020 574
14080 583
14144 608
14204 608
14268 624
14328 632
14400 632
14460 632
14524 632
14584 624
14648 608
14708 608
14772 583
14832 572
14896 551
14956 536
15020 512
15080 504
15144 480
15208 451
15268 448
15332 414
15400 390
15460 384
15524 384
15584 352
15648 327
15708 319
15772 316
15832 312
15896 312
15960 312
