32 1023
92 224
156 127
216 56
280 0
340 0
404 0
464 56
528 135
592 248
652 384
716 504
776 624
840 768
900 828
964 896
1024 911
1092 899
1156 864
1216 783
1280 704
1344 574
1404 448
1468 319
1528 224
1592 127
1652 63
1716 30
1776 28
1840 62
1900 124
1964 224
2024 319
2092 448
2156 568
2220 671
2280 768
2344 831
2404 896
2468 896
2528 864
2592 798
2652 736
2716 624
2776 510
2840 391
2900 287
2964 192
3028 124
3096 67
3156 62
3220 71
3280 126
3344 193
3404 287
3468 391
3528 508
3592 608
3652 704
3716 771
3780 828
3840 839
3904 831
3964 799
4028 768
4088 652
4156 543
4220 448
4280 352
4344 252
4404 192
4468 124
4532 96
4592 96
4656 126
4716 192
4780 255
4840 352
4904 448
4964 543
5028 639
5088 736
5156 775
5220 816
5284 816
5344 792
5408 768
5468 671
5532 583
5592 496
5656 391
5716 312
5780 240
5840 163
5904 127
5964 120
6028 127
6088 192
6152 240
6216 316
6280 399
6344 504
6404 583
6468 668
6528 768
6592 768
6652 783
6716 775
6776 768
6840 704
6900 624
6964 540
7024 448
7088 384
7148 284
7220 224
7280 163
7344 143
7404 143
7468 192
7528 224
7592 287
7652 384
7716 449
7776 540
7840 624
7900 704
7964 768
8028 768
8088 768
8152 768
8220 704
8280 639
8344 568
8404 480
8468 399
8528 319
8592 255
8652 224
8716 192
8780 163
8840 192
8904 224
8964 263
9028 334
9088 412
9152 496
9212 572
9280 639
9344 704
9404 768
9468 768
9532 768
9592 704
9656 652
9716 591
9780 519
9840 448
9904 384
9964 312
10028 252
10088 224
10152 192
10212 193
10280 224
10344 255
10408 319
10468 384
10532 455
10592 527
10656 608
10716 647
10780 704
10840 711
10904 736
10964 704
11028 664
11088 624
11152 551
11212 480
11276 408
11344 352
11408 286
11468 248
11532 224
11592 224
11656 224
11716 255
11780 304
11840 384
11904 419
11964 496
12028 551
12092 608
12152 654
12216 704
12276 704
12344 704
12408 664
12468 624
12532 572
12592 510
12656 448
12716 384
12780 319
12844 280
12904 252
12968 240
13028 240
13092 254
13152 287
13216 334
13276 391
13344 455
13408 519
13468 575
13532 632
13596 655
13656 671
13720 671
13780 655
13844 636
13904 583
13968 536
14028 480
14092 415
14152 384
14216 316
14276 273
14340 255
14408 252
14472 255
14532 287
14596 319
14656 384
14720 448
14780 496
14844 543
14904 588
14968 632
15028 647
15092 655
15152 652
15216 636
15280 608
15340 551
15408 504
15472 448
15532 385
15596 352
15656 304
15720 280
15780 263
15844 268
15904 287
15968 319
15032 655
15092 655
15156 652
15224 632
15284 590
15348 543
15412 496
15472 448
15536 384
15596 352
15660 304
15720 271
15784 255
15844 270
15908 287
15968 319
16032 384
16092 412
16156 480
16216 512
16288 568
16348 608
16412 632
16472 639
16536 639
16596 632
16660 608
16720 568
16784 512
16844 480
16908 415
16968 384
17032 327
17092 304
17156 287
17220 286
17288 291
17348 319
17412 384
17472 396
17536 448
17596 496
17660 536
17720 575
17784 608
17844 624
17908 632
17972 624
18032 608
18096 572
18156 527
18220 496
18280 448
18348 391
18412 384
18472 319
18536 312
18596 304
18660 304
18724 319
18784 352
18848 384
18908 448
18972 480
19032 511
19096 543
19156 575
19220 608
19280 624
19348 624
19412 608
19476 575
19536 542
19600 508
19660 455
19724 415
19784 384
19848 352
19908 319
19972 316
20032 316
20096 319
20156 352
20220 384
20280 408
20352 448
20412 496
20476 527
20536 568
20600 583
20660 608
20724 608
20784 608
20848 575
20908 547
20972 515
21032 480
21096 448
21160 399
21220 384
21284 352
21344 319
21412 319
21476 319
21536 352
21600 384
21660 391
21724 448
21784 480
21848 508
21912 540
21972 568
22036 579
22096 591
22160 588
22220 575
22284 560
22344 527
22412 496
22476 451
22536 415
22600 385
22664 384
22724 352
22788 334
22848 327
22912 352
22972 384
23036 384
23096 415
23160 449
23220 496
23284 515
23344 543
23412 572
23476 575
23540 575
23600 575
23664 560
23724 536
23788 508
23848 480
23912 448
23972 408
24036 384
24096 384
24160 352
24220 352
24284 352
24344 384
24408 384
24476 408
24540 448
24600 480
24664 504
24724 527
24788 551
24848 568
24912 574
24972 572
25036 568
25096 542
25160 513
25224 496
25284 455
25348 448
25408 399
25476 384
25540 384
25600 384
25664 352
25724 384
25788 384
25848 398
25912 448
25976 451
26036 496
26100 511
26160 536
26224 551
26284 568
26348 572
26408 568
26472 543
26536 524
26600 504
26664 480
26724 448
26788 415
26848 387
26912 384
26972 384
27036 384
27096 384
27160 384
27220 385
27284 414
27344 448
27408 480
27468 496
27540 518
27600 540
27664 550
27724 560
27788 560
27848 543
27912 527
27972 510
28036 496
28096 455
28160 448
28220 408
28284 384
28348 384
28408 384
28472 384
28540 384
28600 384
28664 399
28724 448
28788 451
28848 480
28912 508
28972 519
29036 540
29096 543
29160 547
29224 543
29284 531
29348 513
29408 504
29472 480
29532 448
29600 415
29664 399
29724 384
29788 384
29848 384
29912 384
29976 384
30036 398
30100 415
30160 448
30224 480
30284 496
30348 510
30408 524
30472 540
30532 542
30600 542
30664 527
30728 515
30788 504
30852 480
30912 451
30976 448
30032 399
30092 415
30156 448
30216 480
30280 496
30340 510
30404 519
30464 536
30528 542
30592 542
30652 527
30716 515
30776 504
30840 480
30900 455
30964 448
31024 415
31092 391
31156 384
31216 384
31280 384
31344 384
31404 396
31468 415
31528 448
31592 451
31652 480
31716 504
31776 512
31840 527
31900 536
31964 536
32024 527
32092 519
32156 510
32220 496
32280 480
32344 448
32404 448
32468 412
32528 391
32592 384
32652 384
32716 385
32776 391
32840 408
32900 448
32964 448
33028 480
33088 496
33156 508
33220 515
33280 527
33344 527
33404 527
33468 521
33528 512
33592 504
33652 480
33716 455
33780 448
33840 419
33904 408
33964 391
34028 387
34088 387
34156 391
34220 408
34280 415
34344 448
34404 455
34468 480
34532 496
34592 510
34656 515
34716 524
34780 526
34840 519
34904 512
34964 504
35028 496
35088 480
35156 448
35220 448
35284 415
35344 401
35408 398
35468 391
35532 398
35592 408
35656 415
35716 448
35780 448
35840 480
35904 480
35964 504
36028 510
36088 512
36152 515
36220 513
36284 511
36344 504
36408 496
36468 480
36532 454
36592 448
36656 448
36716 415
36780 403
36840 399
36904 399
36964 408
37028 414
37092 448
37152 448
37220 455
37284 480
37344 496
37408 504
37468 510
37532 512
37592 512
37656 511
37716 508
37780 496
37844 480
37904 480
37968 448
38028 448
38092 448
38152 415
38220 408
38284 408
38344 408
38408 415
38468 448
38532 448
38596 448
38656 480
38720 480
38780 496
38844 504
38904 508
38968 510
39028 510
39092 508
39152 496
39216 480
39284 480
39348 451
39408 448
39472 448
39532 415
39596 414
39656 412
39720 412
39780 415
39844 419
39904 448
39968 448
40028 455
40092 480
40152 496
40216 496
40284 508
40348 508
40408 508
40472 508
40532 504
40596 496
40656 480
40720 480
40780 448
40844 448
40904 448
40968 415
41032 415
41092 415
41156 415
41216 419
41280 448
41348 448
41408 451
41472 480
41532 480
41596 496
41656 504
41720 504
41784 504
41844 504
41908 496
41968 496
42032 480
42092 480
42156 451
42216 448
42280 448
42348 448
42408 415
42472 415
42536 415
42596 419
42660 448
42720 448
42784 448
42844 460
42908 480
42968 480
43032 496
43092 496
43156 504
43216 504
43280 496
43348 496
43412 480
43472 480
43536 455
43596 448
43660 448
43720 448
43784 448
43844 419
43908 419
43968 448
44032 448
44092 448
44156 448
44216 451
44280 480
44344 480
44412 496
44472 496
44536 496
44596 496
44660 496
44720 480
44784 480
44844 480
44908 480
44968 449
45032 448
45096 448
45156 448
45220 448
45280 384
45344 448
45412 448
45472 448
45536 448
45596 448
45660 480
45720 480
45784 480
45848 496
45908 496
45972 496
45024 448
45088 448
45152 448
45212 448
45276 419
45336 419
45400 448
45468 448
45528 448
45592 448
45652 455
45716 480
45776 480
45840 496
45904 496
45964 496
46028 496
46088 496
46152 496
46212 480
46276 480
46336 480
46400 451
46468 448
46528 448
46592 448
46656 448
46716 448
46780 448
46840 448
46904 448
46964 448
47028 449
47088 480
47152 480
47212 480
47276 496
47336 496
47400 496
47460 496
47532 496
47592 496
47656 480
47716 480
47780 455
47840 449
47904 448
47964 448
48028 448
48088 448
48152 448
48212 448
48276 448
48340 448
48400 448
48464 455
48532 480
48592 480
48656 480
48716 496
48780 496
48840 496
48904 496
48964 480
49028 480
49092 480
49152 480
49216 455
49276 448
49340 448
49400 448
49464 448
49524 448
49592 448
49656 448
49716 448
49780 448
49844 451
49904 480
49968 480
50028 480
50092 480
50152 496
50216 496
50276 480
50340 480
50400 480
50464 480
50524 480
50592 455
50656 448
50720 448
50780 448
50844 448
50904 448
50968 448
51028 448
51092 448
51152 448
51216 449
51276 455
51340 480
51400 480
51464 480
51524 480
51596 480
51656 480
51720 480
51780 480
51844 480
51904 480
51968 460
52028 451
52092 448
52152 448
52216 448
52276 448
52340 448
52404 448
52464 448
52528 448
52588 448
52656 455
52720 480
52780 480
52844 480
52904 480
52968 480
53028 480
53092 480
53156 480
53216 480
53280 480
53340 480
53404 455
53464 448
53528 448
53588 448
53656 448
53720 448
53780 448
53844 448
53908 448
53968 448
54032 451
54092 455
54156 480
54216 480
54280 480
54340 480
54404 480
54464 480
54528 480
54588 480
54656 480
54720 480
54784 455
54844 451
54908 448
54968 448
55032 448
55092 448
55156 448
55216 448
55280 448
55340 448
55404 449
55464 455
55528 480
55592 480
55652 480
55720 480
55784 480
55844 480
55908 480
55968 480
56032 480
56092 480
56156 480
56216 454
56280 448
56344 448
56404 448
56468 448
56528 448
56592 448
56652 448
56720 448
56784 449
56844 455
56908 480
56968 480
57032 480
57096 480
57156 480
57220 480
57280 480
57344 480
57404 480
57468 480
57528 448
57592 455
57652 448
57716 448
57780 448
57844 448
57908 448
57968 448
58032 448
58092 448
58156 448
58216 451
58280 455
58340 480
58404 480
58464 480
58528 480
58588 480
58652 480
58712 480
58784 480
58844 480
58908 480
58968 455
59032 451
59092 448
59156 448
59216 448
59280 448
59340 448
59404 448
59464 448
59528 448
59592 448
59652 455
59716 455
59784 480
59844 480
59908 480
59968 480
60032 480
60092 480
60156 480
60216 480
60280 480
60340 480
60404 455
60468 451
60528 448
60592 448
60652 448
60716 448
60776 448
60844 448
60908 448
60968 448
60032 480
60092 480
60156 480
60216 480
60280 480
60344 480
60404 455
60468 455
60528 451
60596 448
60660 448
60720 448
60784 448
60844 448
60908 448
60968 448
61032 449
61096 455
61156 460
61220 480
61280 480
61344 480
61404 480
61468 480
61528 480
61592 480
61656 480
61720 480
61784 480
61844 457
61908 455
61968 451
62032 448
62092 448
62156 448
62216 448
62280 448
62340 448
62404 448
62464 451
62528 455
62588 480
62660 480
62720 480
62784 480
62844 480
62908 480
62968 480
63032 480
63092 480
63156 480
63216 480
63280 455
63340 451
63404 449
63464 449
63528 448
63592 448
63660 448
63720 448
63784 449
63844 451
63908 455
63968 455
64032 480
64092 480
64156 480
64216 480
64280 480
64344 480
64404 480
64468 480
64528 480
64592 455
64652 455
64720 451
64784 449
64844 448
64908 448
64968 448
65032 448
65096 448
65156 448
65220 451
65280 455
65344 455
65404 480
65468 480
65528 480
65592 480
65652 480
65720 480
65784 480
65848 480
65908 480
65972 480
66032 455
66096 455
66156 451
66220 451
66280 449
66344 448
66404 448
66468 449
66528 449
66592 451
66652 455
66716 455
66784 460
66848 480
66908 480
66972 480
67032 480
67096 480
67156 480
67220 480
67280 480
67344 460
67404 455
67468 451
67532 451
67592 449
67656 448
67716 448
67784 448
67848 448
67908 449
67972 449
68032 451
68096 455
68156 455
68220 480
68284 480
68344 480
68408 480
68468 480
68532 480
68592 480
68656 480
68716 480
68784 480
68848 455
68908 455
68972 451
69036 451
69096 449
69160 449
69220 449
69284 449
69344 451
69408 455
69468 455
69532 459
69592 480
69656 480
69716 480
69780 480
69848 480
69912 480
69972 480
70036 480
70096 480
70160 463
70220 455
70284 451
70344 451
70408 449
70468 448
70532 448
70592 448
70656 448
70716 449
70780 451
70848 455
70912 455
70972 480
71036 480
71096 480
71160 480
71220 480
71284 480
71344 480
71408 480
71468 480
71532 455
71596 455
71656 451
71720 449
71780 449
71848 448
71912 448
71972 448
72036 448
72096 448
72160 449
72220 451
72284 455
72348 460
72408 480
72472 480
72532 480
72596 480
72656 480
72720 480
72780 480
72844 480
72912 480
72972 455
73036 455
73100 451
73160 449
73224 448
73284 448
73348 448
73408 448
73472 448
73532 449
73596 451
73656 455
73720 455
73780 455
73844 480
73912 480
73976 480
74036 480
74100 480
74160 480
74224 480
74284 480
74348 480
74408 455
74472 455
74532 454
74596 451
74656 451
74720 449
74784 451
74844 449
74908 451
74976 451
75036 455
75100 455
75160 455
75224 480
75284 480
75348 480
75408 480
75472 480
75536 480
75596 480
75660 480
75720 480
75784 480
75844 455
75908 455
75976 451
75032 451
75092 455
75156 457
75216 480
75280 480
75348 480
75412 480
75472 480
75536 480
75596 480
75660 480
75720 480
75784 480
75844 455
75908 455
75968 451
76032 451
76092 449
76156 448
76216 448
76280 449
76348 448
76412 451
76472 455
76536 455
76596 480
76660 480
76720 480
76784 480
76844 480
76908 480
76968 480
77032 480
77096 480
77156 480
77220 480
77280 455
77348 455
77412 451
77472 451
77536 451
77596 449
77660 449
77720 449
77784 451
77848 451
77908 455
77972 455
78032 455
78096 480
78156 480
78220 480
78280 480
78344 480
78412 480
78472 480
78536 480
78600 455
78660 455
78724 455
78784 454
78848 451
78908 454
78972 451
79032 449
79096 449
79156 451
79220 451
79280 451
79344 455
79412 455
79476 460
79536 480
79600 480
79660 480
79724 480
79784 480
79848 480
79908 480
79972 480
80032 480
80096 455
80156 455
80220 455
80280 451
80344 451
80408 451
80476 451
80536 451
80600 451
80660 451
80724 454
80784 455
80848 455
80908 455
80972 480
81032 480
81096 480
81160 480
81220 480
81284 480
81344 480
81408 455
81476 455
81536 455
81600 455
81660 451
81724 451
81784 451
81848 451
81912 451
81972 451
82036 451
82096 455
82160 455
82220 455
82284 457
82344 480
82408 480
82476 480
82536 480
82600 480
82664 480
82724 480
82788 480
82848 455
82912 455
82972 455
83036 455
83096 455
83160 455
83220 455
83284 454
83344 455
83408 455
83468 455
83540 455
83600 455
83664 455
83724 480
83788 480
83848 480
83912 480
83972 480
84036 480
84096 457
84160 455
84220 455
84284 455
84348 455
84408 455
84472 455
84540 454
84600 455
84664 455
84724 455
84788 455
84848 455
84912 455
84972 455
85036 455
85100 459
85160 480
85224 460
85284 457
85348 455
85408 455
85472 455
85540 455
85600 455
85664 455
85724 455
85788 451
85852 451
85912 451
85976 451
86036 454
86100 455
86160 455
86224 455
86284 455
86348 455
86408 457
86472 457
86532 460
86600 480
86664 460
86728 460
86788 455
86852 455
86912 455
86976 455
87036 455
87100 455
87160 455
87224 451
87284 451
87348 451
87408 451
87472 454
87532 451
87604 455
87664 455
87728 455
87788 455
87852 455
87912 460
87976 480
88036 480
88100 480
88160 480
88224 480
88284 480
88348 480
88412 480
88472 455
88536 455
88596 455
88660 455
88724 455
88788 455
88848 451
88912 451
88972 455
89036 455
89096 455
89160 455
89220 455
89284 460
89344 480
89408 480
89468 480
89532 480
89592 480
89664 480
89724 460
89788 455
89848 455
89912 455
89972 455
90036 451
90096 451
90160 451
90220 451
90284 451
90344 451
90408 451
90468 455
90532 455
90596 455
90664 460
90724 480
90788 480
90848 480
90912 480
90972 480
90028 455
90088 455
90152 455
90212 455
90276 455
90336 455
90400 455
90460 455
90524 460
90584 480
90648 480
90708 480
90780 460
90840 480
90904 460
90964 460
91028 460
91088 455
91152 455
91212 455
91276 455
91336 455
91400 455
91460 455
91524 455
91588 455
91648 455
91712 455
91780 455
91840 455
91904 455
91964 455
92028 455
92088 455
92152 455
92212 459
92276 455
92340 455
92400 455
92464 455
92524 455
92588 455
92648 455
92712 455
92772 455
92840 455
92904 455
92964 455
93028 455
93092 455
93152 455
93216 455
93276 455
93340 455
93400 480
93464 480
93524 480
93588 480
93648 480
93712 480
93772 460
93840 480
93904 455
93968 455
94028 455
94092 455
94152 455
94216 451
94276 451
94340 455
94400 451
94464 451
94524 454
94588 455
94648 455
94712 455
94772 455
94844 455
94904 455
94968 455
95028 455
95092 455
95152 460
95216 455
95276 455
95340 455
95400 455
95464 455
95524 455
95588 455
95652 455
95712 455
95776 455
95836 455
95904 455
95968 455
96028 455
96092 455
96152 455
96216 455
96276 455
96340 480
96404 480
96464 480
96528 480
96588 480
96652 480
96712 480
96776 480
96836 457
96904 455
96968 455
97028 455
97092 455
97156 455
97216 455
97280 454
97340 451
97404 455
97464 455
97528 455
97588 455
97652 455
97712 455
97776 455
97836 455
97904 480
97968 480
98032 480
98092 480
98156 480
98216 460
98280 460
98340 455
98404 455
98464 455
98528 455
98588 455
98652 451
98712 451
98776 451
98840 451
98900 451
98968 451
99032 451
99092 455
99156 455
99216 455
99280 455
99340 480
99404 480
99464 480
99528 480
99592 480
99652 480
99716 457
99776 455
99840 455
99900 455
99968 455
100032 455
100092 451
100156 451
100216 451
100280 451
100344 451
100404 454
100468 455
100528 455
100592 455
100652 455
100716 455
100776 463
100840 459
100900 480
100964 459
101028 480
101092 457
101156 455
101216 455
101280 455
101340 455
101404 455
101464 455
101528 455
101588 455
101652 455
101712 455
101776 455
101836 455
101900 455
101960 455
102032 455
102092 460
102156 460
102216 455
102280 480
102340 457
102404 460
102464 457
102528 455
102588 455
102652 455
102712 455
102776 455
102840 455
102900 455
102964 455
103032 455
103092 455
103156 455
103216 455
103280 455
103340 455
103404 455
103464 455
103528 455
103592 455
103652 455
103716 457
103776 455
103840 460
103900 455
103964 455
104024 457
104092 457
104156 455
104216 455
104280 455
104344 455
104404 455
104468 455
104528 455
104592 455
104652 455
104716 455
104776 455
104840 455
104900 455
104964 455
105024 460
105092 460
105156 457
105220 455
105280 480
105344 455
105404 455
105468 455
105528 455
105592 455
105652 455
105716 455
105776 455
105840 455
105900 455
105964 455
105028 455
105092 455
105152 455
105216 455
105280 455
105340 455
105404 455
105464 455
105528 455
105588 455
105652 455
105712 455
105776 455
105836 455
105900 455
105968 455
106028 455
106092 455
106156 455
106216 460
106280 455
106340 457
106404 460
106464 480
106528 480
106588 480
106652 460
106712 480
106776 457
106836 455
106900 455
106960 455
107032 455
107092 455
107156 455
107216 455
107280 455
107340 455
107404 455
107464 455
107528 455
107588 455
107652 455
107712 455
107776 455
107840 455
107900 455
107964 455
108032 455
108092 455
108156 455
108216 455
108280 455
108340 455
108404 455
108464 455
108528 455
108592 455
108652 455
108716 455
108776 455
108840 455
108900 455
108964 455
109032 459
109092 460
109156 460
109216 480
109280 455
109344 455
109404 455
109468 455
109528 455
109592 455
109652 455
109716 455
109776 455
109840 455
109900 455
109964 455
110024 455
110092 455
110156 455
110220 455
110280 455
110344 455
110404 455
110468 455
110528 455
110592 455
110652 455
110716 455
110776 455
110840 455
110900 455
110964 455
111028 455
111096 455
111156 455
111220 480
111280 455
111344 455
111404 455
111468 455
111528 455
111592 455
111652 455
111716 455
111780 455
111840 455
111904 455
111964 455
112028 455
112096 451
112156 451
112220 451
112280 451
112344 454
112404 455
112468 455
112532 455
112592 455
112656 455
112716 457
112780 457
112840 460
112904 460
112964 457
113028 455
113088 455
113156 455
113220 460
113284 455
113344 455
113408 455
113468 455
113532 455
113592 455
113656 455
113716 454
113780 455
113840 455
113904 455
113964 455
114028 455
114088 455
114160 455
114220 455
114284 455
114344 455
114408 455
114468 455
114532 455
114592 455
114656 455
114716 455
114780 455
114840 455
114904 455
114964 455
115028 455
115092 455
115152 455
115216 455
115280 455
115344 455
115404 455
115468 455
115528 455
115592 455
115652 455
115716 455
115776 455
115840 455
115900 459
115964 457
116024 455
116088 455
116148 455
116220 455
116280 455
116344 455
116404 455
116468 455
116528 455
116592 455
116652 455
116716 455
116776 455
116840 455
116900 455
116964 455
117024 455
117088 455
117152 455
117220 457
117280 461
117344 480
117404 480
117468 480
117528 457
117592 460
117652 480
117716 455
117776 455
117840 455
117900 455
117964 455
118028 455
118088 455
118152 455
118212 455
118280 455
118344 455
118404 455
118468 455
118528 455
118592 455
118652 455
118716 455
118780 455
118840 455
118904 455
118964 455
119028 455
119088 455
119152 455
119212 455
119280 455
119344 455
119404 455
119468 455
119532 455
119592 455
119656 455
119716 455
119780 455
119840 455
119904 455
119964 455
120028 455
120088 455
120152 455
120212 455
120276 455
120344 455
120408 455
120468 457
120532 455
120592 480
120656 460
120716 480
120780 480
120840 460
120904 455
120964 455
