28 1023
92 224
152 127
216 60
276 7
340 0
400 7
464 63
524 152
588 255
648 384
712 510
772 632
836 768
900 830
960 896
1024 903
1092 896
1152 846
1216 768
1276 671
1340 551
1400 448
1464 316
1524 224
1588 124
1652 62
1712 31
1776 35
1836 71
1900 143
1960 240
2024 352
2092 480
2152 583
2216 704
2276 775
2340 831
2404 896
2464 896
2528 831
2588 769
2652 704
2712 582
2776 480
2836 384
2900 255
2960 192
3024 112
3092 63
3152 63
3216 96
3280 152
3340 240
3404 327
3464 448
3528 543
3588 639
3652 768
3712 792
3776 830
3836 831
3900 824
3960 768
4024 704
4084 608
4152 504
4216 391
4280 295
4340 224
4404 147
4464 112
4528 96
4588 120
4652 159
4712 224
4776 312
4836 399
4900 508
4960 608
5024 704
5084 768
5156 792
5216 803
5280 796
5340 768
5404 704
5464 624
5528 519
5588 448
5652 352
5712 255
5776 192
5836 143
5900 127
5964 135
6024 192
6088 224
6156 304
6216 385
6280 480
6340 572
6404 639
6464 707
6528 768
6588 775
6652 769
6716 768
6776 704
6840 632
6900 543
6964 460
7024 384
7088 304
7148 240
7216 192
7280 159
7340 159
7404 192
7468 240
7528 287
7592 384
7652 448
7716 527
7776 608
7840 671
7900 736
7964 768
8024 768
8088 768
8148 704
8216 632
8280 560
8344 480
8404 399
8468 319
8528 255
8592 224
8652 192
8716 192
8776 192
8840 240
8900 284
8964 352
9024 419
9088 504
9148 574
9212 639
9280 704
9344 736
9404 768
9468 736
9528 704
9592 638
9652 574
9716 508
9776 448
9840 384
9900 295
9964 252
10028 224
10088 199
10152 224
10212 240
10280 287
10344 352
10404 414
10468 480
10528 547
10592 608
10652 655
10716 704
10780 704
10840 704
10904 671
10964 638
11028 575
11088 515
11152 448
11212 384
11280 319
11344 270
11404 240
11468 224
11532 224
11592 252
11656 286
11716 334
11780 391
11840 455
11904 519
11964 575
12028 636
12088 668
12152 704
12212 704
12276 671
12344 636
12408 583
12468 527
12532 480
12592 399
12656 352
12716 304
12780 255
12840 248
12904 248
12964 255
13028 287
13088 327
13152 384
13216 448
13276 504
13344 568
13408 608
13468 639
13532 668
13592 671
13656 655
13716 636
13780 591
13840 542
13904 496
13968 448
14028 384
14092 319
14152 287
14216 255
14276 255
14344 263
14408 287
14468 327
14532 384
14592 448
14656 496
14720 540
14780 582
14844 624
14904 639
14968 652
15028 639
15092 632
15152 608
15216 551
15276 508
15340 448
15408 391
15468 352
15532 316
15596 287
15656 271
15720 280
15780 295
15844 319
15904 384
15968 414
28 384
92 254
152 143
216 63
280 3
348 0
408 19
472 78
532 163
596 271
656 398
720 526
780 639
844 768
904 831
968 896
1032 903
1092 896
1156 839
1216 768
1280 664
1348 531
1408 412
1472 287
1532 192
1596 112
1656 60
1720 31
1784 48
1844 96
1908 159
1968 255
2032 384
2092 480
2156 608
2216 704
2280 780
2348 839
2408 896
2472 864
2536 828
2596 768
2660 668
2720 568
2784 449
2844 352
2908 248
2968 159
3032 112
3092 71
3156 71
3216 112
3280 159
3340 248
3408 352
3472 454
3536 568
3596 655
3660 768
3720 798
3784 830
3844 831
3908 803
3968 768
4032 671
4092 583
4156 496
4216 384
4280 287
4340 224
4412 140
4472 112
4536 112
4596 126
4660 192
4720 248
4784 327
4844 384
4908 519
4968 624
5032 704
5092 768
5156 792
5216 799
5280 783
5344 768
5412 671
5472 608
5536 508
5596 412
5660 319
5720 248
5784 192
5844 143
5908 127
5968 142
6032 192
6096 240
6156 316
6220 396
6280 496
6344 575
6404 652
6472 768
6536 768
6596 775
6660 768
6720 768
6784 704
6848 624
6908 527
6972 448
7032 384
7096 284
7156 224
7220 192
7280 158
7344 159
7404 192
7472 240
7536 312
7600 384
7660 480
7724 543
7784 624
7848 704
7908 768
7972 768
8032 768
8096 768
8156 704
8220 632
8280 547
8344 480
8404 387
8468 316
8536 254
8600 224
8660 192
8724 192
8784 199
8848 248
8908 295
8972 384
9032 448
9096 515
9156 588
9220 639
9284 704
9344 768
9408 768
9468 711
9536 671
9600 632
9660 560
9724 496
9784 414
9848 352
9908 286
9972 240
10036 224
10096 199
10160 224
10220 248
10284 287
10344 352
10408 415
10468 496
10536 568
10600 624
10660 670
10724 704
10788 705
10848 704
10912 671
10972 632
11036 574
11096 510
11160 448
11220 384
11284 318
11344 263
11408 240
11468 224
11532 240
11600 254
11664 287
11724 352
11788 401
11848 480
11912 536
11972 591
12036 639
12096 671
12160 704
12220 704
12284 668
12344 636
12408 575
12468 524
12532 480
12600 391
12664 352
12724 287
12788 255
12848 248
12912 248
12972 255
13036 287
13096 334
13160 385
13220 448
13284 508
13348 568
13408 608
13472 639
13532 664
13600 668
13664 652
13724 632
13788 583
13848 531
13912 480
13972 419
14036 384
14100 319
14160 287
14224 263
14284 255
14348 270
14408 291
14472 327
14532 384
14596 448
14664 496
14724 542
14788 583
14852 624
14912 639
14976 647
15036 639
15100 624
15160 583
15224 543
15284 504
15348 448
15408 391
15472 352
15532 316
15596 287
15664 280
15728 286
15788 304
15852 332
15912 384
15976 415
40 384
104 240
164 127
228 56
288 1
352 0
412 24
476 96
536 192
604 291
668 415
732 543
792 668
856 768
916 846
980 896
1040 903
1104 896
1164 831
1228 768
1288 639
1352 524
1412 399
1476 287
1536 192
1608 96
1668 56
1732 31
1792 56
1856 96
1916 192
1980 271
2040 384
2104 508
2164 624
2228 711
2288 796
2352 847
2412 896
2476 864
2540 824
2600 768
2668 652
2732 543
2792 448
2856 319
2916 240
2980 147
3040 96
3104 67
3164 71
3228 112
3292 192
3352 255
3416 384
3476 480
3540 572
3600 668
3668 768
3732 803
3792 831
3856 831
3916 799
3980 768
4044 670
4104 574
4168 480
4228 384
4292 271
4352 192
4416 134
4476 112
4540 96
4600 124
4668 192
4732 254
4796 352
4856 448
4920 536
4980 632
5044 705
5104 768
5168 799
5228 807
5292 792
5352 768
5416 704
5476 608
5540 508
5600 412
5664 319
5732 240
5796 192
5856 135
5920 126
5980 135
6044 192
6104 248
6168 319
6228 403
6292 504
6352 583
6416 664
6480 768
6540 768
6604 779
6664 769
6732 768
6796 675
6856 608
6920 519
6980 448
7044 352
7104 271
7168 224
7228 192
7292 156
7356 159
7416 192
7480 240
7540 312
7604 384
7664 480
7728 560
7796 636
7856 704
7920 768
7980 768
8044 768
8108 768
8168 704
8232 624
8292 543
8356 480
8416 384
8480 316
8540 252
8604 224
8664 192
8728 192
8796 199
8856 248
8920 304
8984 384
9044 448
9108 519
9168 608
9232 652
9292 704
9356 768
9416 768
9480 707
9540 671
9604 632
9664 560
9728 496
9796 408
9860 352
9920 280
9984 240
10044 224
10108 199
10168 224
10232 252
10292 295
10356 384
10416 448
10480 504
10540 568
10604 624
10668 664
10728 704
10792 704
10860 704
10920 668
10984 632
11044 572
11108 504
11168 448
11232 384
11292 316
11356 263
11420 240
11480 224
11544 240
11604 255
11668 287
11728 352
11792 403
11860 480
11920 540
11984 608
12044 639
12108 671
12172 704
12232 704
12296 655
12356 632
12420 575
12480 515
12544 451
12604 391
12668 352
12728 291
12792 255
12860 248
12924 252
12984 255
13048 295
13108 352
13172 395
13232 451
13296 512
13356 572
13420 624
13480 639
13544 668
13604 668
13668 649
13728 632
13792 575
13856 527
13924 480
13984 414
14048 384
14108 318
14172 286
14232 255
14296 255
14356 271
14420 304
14480 352
14544 384
14608 448
14668 496
14732 543
14792 588
14856 624
14924 639
14984 639
15048 639
15108 624
15172 575
15232 536
15296 480
15360 448
15420 384
15484 352
15544 312
15608 284
15668 271
15732 284
15792 304
15856 335
15916 384
15984 448
48 327
112 224
172 112
236 35
296 0
360 0
420 28
484 96
544 192
608 304
672 448
732 560
796 671
864 783
924 864
988 899
1048 908
1112 896
1172 828
1236 768
1296 632
1360 508
1424 384
1484 263
1548 192
1608 96
1672 48
1732 31
1796 56
1856 112
1924 192
1988 287
2048 399
2112 519
2176 636
2236 768
2300 803
2360 864
2424 896
2484 864
2548 816
2608 768
2672 639
2732 542
2796 448
2856 319
2924 224
2988 135
3052 96
3112 63
3176 71
3236 120
3300 192
3360 263
3424 384
3484 480
3548 582
3608 704
3672 768
3732 816
3796 831
3860 831
3928 799
3988 768
4052 655
4112 560
4176 455
4236 384
4300 255
4360 192
4424 127
4484 112
4548 96
4612 127
4672 192
4736 255
4796 352
4860 448
4920 543
4988 639
5052 736
5112 771
5176 799
5236 806
5300 783
5364 768
5424 668
5488 575
5548 496
5612 387
5672 304
5736 240
5796 192
5860 127
5920 127
5988 143
6052 192
6116 255
6176 335
6240 448
6300 512
6364 608
6424 675
6488 768
6548 768
6612 775
6672 768
6736 768
6796 671
6860 608
6920 512
6992 415
7052 334
7116 255
7176 224
7240 192
7300 158
7364 163
7424 199
7488 254
7548 319
7612 399
7672 496
7736 568
7796 639
7860 704
7924 768
7984 768
8052 768
8116 711
8176 668
8240 608
8300 519
8364 448
8424 384
8488 295
8548 248
8612 195
8676 192
8736 192
8800 224
8860 254
8924 316
8984 384
9052 480
9116 542
9176 608
9240 668
9300 704
9364 768
9428 768
9488 704
9552 664
9612 608
9676 543
9736 480
9800 391
9860 327
9924 271
9984 240
10048 224
10112 199
10176 224
10236 255
10300 312
10364 384
10424 448
10488 511
10548 575
10612 636
10672 671
10736 704
10796 704
10860 704
10920 664
10984 624
11044 560
11112 496
11176 415
11240 384
11300 304
11364 255
11424 240
11488 224
11548 240
11612 255
11672 304
11736 384
11796 415
11860 480
11920 543
11984 608
12044 639
12116 671
12176 704
12240 704
12300 655
12364 624
12424 572
12488 508
12548 448
12612 384
12672 327
12736 286
12796 255
12860 248
12924 248
12984 255
13048 304
13108 352
13176 408
13240 480
13300 527
13364 575
13424 632
13488 652
13548 670
13612 670
13672 647
13736 624
13800 575
13860 519
13924 480
13984 408
14048 384
14108 316
14176 271
14240 255
14300 255
14364 271
14424 312
14488 352
14552 391
14612 448
14676 508
14736 560
14800 608
14860 636
14924 639
14984 647
15048 639
15108 624
15172 575
15240 527
15304 480
15364 419
15428 384
15488 327
15552 304
15612 280
15676 271
15736 286
15800 312
15860 352
15924 384
15984 448
