16 1023
80 96
140 0
204 56
264 240
328 496
388 768
452 896
512 896
576 704
636 448
700 199
768 48
828 62
892 224
956 451
1016 704
1080 847
1140 864
1204 768
1264 510
1328 271
1388 112
1452 63
1512 192
1576 384
1636 608
1700 775
1768 831
1832 768
1892 560
1956 335
2016 159
2080 96
2140 159
2204 327
2264 543
2328 768
2388 803
2452 768
2512 624
2576 415
2640 240
2700 127
2764 159
2832 291
2892 496
2956 670
3016 769
3080 768
3140 639
3204 480
3264 287
3328 192
3392 159
3452 255
3516 415
3576 608
3640 768
3700 768
3764 704
3832 511
3892 335
3956 224
4016 192
4080 248
4144 384
4204 547
4268 704
4328 768
4392 704
4452 568
4516 396
4576 255
4640 195
4700 240
4764 352
4832 508
4896 639
4956 707
5020 704
5080 583
5144 448
5204 304
5268 224
5328 240
5392 319
5452 449
5516 587
5576 671
5640 704
5700 624
5764 496
5828 384
5896 255
5956 248
6020 312
6080 415
6144 547
6204 639
6268 671
6328 632
6392 515
6452 387
6516 287
6580 254
6640 287
6704 384
6764 508
6828 608
6896 655
6956 636
7020 542
7080 448
7144 319
7204 271
7268 287
7332 384
7392 480
7456 575
7516 638
7580 636
7640 572
7704 480
7764 384
7828 291
7896 287
7956 352
8020 448
8084 543
8144 624
8208 632
8268 575
8332 496
8392 387
8456 319
8516 295
8580 334
8640 415
8704 511
8764 583
8828 624
8888 588
8960 511
9020 415
9084 352
9144 316
9208 327
9268 396
9332 496
9392 568
9456 608
9516 590
9580 529
9640 448
9704 384
9764 319
9828 327
9892 384
9960 480
10020 542
10084 583
10144 583
10208 543
10268 480
10332 391
10392 352
10456 332
10516 384
10580 448
10644 511
10704 568
10768 575
10828 551
10892 496
10952 415
11020 384
11084 352
11144 384
11208 419
11268 496
11332 543
11396 574
11456 560
11520 510
11580 448
11644 384
11704 384
11768 384
11828 399
11892 480
11952 524
12020 568
12084 560
12148 513
12208 455
12272 399
12332 384
12396 384
12456 391
12520 448
12580 510
12644 543
12704 560
12768 527
12828 480
12892 419
12952 384
13024 384
13084 387
13148 448
13208 496
13272 536
13332 547
13396 527
13456 496
13520 448
13580 391
13644 384
13704 384
13768 419
13832 480
13892 513
13956 542
14016 536
14084 504
14148 448
14208 408
14272 384
14332 384
14396 415
14456 455
14520 508
14584 527
14644 527
14708 510
14768 480
14832 419
14892 391
14956 385
15016 408
15084 448
15148 496
15208 519
15272 527
15336 511
15396 480
15460 448
15520 399
15584 391
15644 403
15708 448
15768 480
15832 510
15892 519
15956 512
