16 1023
76 312
144 240
208 192
272 127
332 96
396 56
456 30
520 15
580 28
644 48
704 79
768 127
828 192
892 254
952 319
1016 399
1076 480
1140 560
1208 639
1272 704
1332 768
1396 816
1456 847
1520 896
1580 896
1644 896
1704 864
1768 828
1828 777
1892 768
1956 664
2016 608
2080 519
2140 448
2208 384
2272 291
2332 240
2396 192
2456 127
2520 96
2580 67
2644 62
2708 63
2768 96
2832 120
2892 152
2956 199
3016 255
3080 323
3140 391
3204 480
3268 543
3332 608
3396 671
3456 768
3520 769
3580 803
3644 831
3704 839
3768 831
3828 828
3892 798
3952 768
4016 707
4076 654
4140 608
4200 527
4272 449
4332 384
4396 319
4456 255
4520 224
4580 192
4644 127
4704 112
4768 112
4828 112
4892 120
4952 135
5016 192
5080 224
5140 270
5204 327
5272 398
5332 480
5396 526
5456 585
5520 639
5580 704
5644 768
5704 768
5768 792
5832 799
5892 799
5956 783
6016 768
6080 768
6140 704
6204 639
6264 583
6332 519
6396 455
6456 398
6520 352
6584 287
6644 248
6708 199
6768 192
6832 143
6892 135
6956 135
7016 147
7080 192
7140 199
7204 248
7264 287
7332 352
7396 399
7460 455
7520 512
7584 572
7644 624
7708 668
7768 704
7832 768
7892 768
7956 768
8016 768
8080 768
8140 768
8204 705
8264 671
8328 624
8396 574
8460 518
8520 480
8584 412
8644 384
8708 316
8768 263
8832 240
8892 199
8956 192
9016 192
9080 192
9144 192
9204 193
9268 224
9328 255
9396 312
9460 352
9520 399
9584 449
9644 508
9708 560
9768 608
9832 639
9896 671
9956 704
10020 768
10080 768
10144 768
10204 768
10268 711
10328 704
10396 647
10460 624
10520 572
10584 518
10648 480
10708 415
10772 384
10832 327
10896 287
10956 255
11020 224
11080 224
11144 195
11204 193
11268 199
11328 224
11392 248
11460 271
11524 316
11584 384
11648 399
11708 448
11772 496
11832 540
11896 575
11956 624
12020 647
12080 704
12144 704
12204 705
12268 707
12332 704
12392 704
12460 668
12524 638
12584 608
12648 568
12708 515
12772 480
12832 448
12896 384
12956 352
13020 316
13084 280
13144 255
13208 240
13268 224
13332 224
13392 240
13460 248
13524 255
13584 287
13648 319
13708 384
13772 399
13836 448
13896 480
13960 521
14020 568
14084 608
14144 632
14208 647
14268 671
14332 704
14392 704
14456 704
14524 668
14584 639
14648 624
14712 591
14772 560
14836 515
14896 480
14960 448
15020 399
15084 384
15144 327
15208 304
15268 280
15332 255
15392 254
15456 252
15524 254
15588 255
15648 284
15712 312
15772 327
15836 384
15896 399
15960 448
