16 1023
76 248
140 152
200 71
264 24
328 0
388 7
456 63
520 143
580 252
644 384
704 496
768 608
828 768
892 816
952 896
1016 896
1080 896
1140 864
1204 780
1264 704
1328 575
1388 455
1456 323
1520 224
1580 127
1644 71
1704 48
1768 48
1832 96
1892 143
1956 240
2016 335
2080 448
2140 568
2204 668
2264 768
2328 824
2388 864
2452 864
2516 830
2580 768
2640 704
2704 591
2768 480
2828 384
2892 271
2952 192
3016 126
3076 96
3140 78
3200 112
3264 147
3324 224
3388 316
3448 414
3516 527
3580 632
3644 707
3704 771
3768 816
3828 828
3892 803
3952 768
4016 704
4076 608
4140 512
4200 415
4264 319
4324 240
4388 192
4448 127
4520 120
4580 127
4644 163
4704 224
4768 312
4828 396
4892 496
4952 583
5016 668
5076 768
5140 769
5200 792
5264 783
5328 768
5388 704
5452 624
5512 536
5580 448
5644 352
5704 263
5768 224
5828 159
5892 142
5952 143
6016 192
6080 224
6140 291
6204 384
6264 480
6328 543
6388 632
6452 704
6512 768
6580 768
6644 768
6704 768
6768 704
6832 632
6892 543
6956 480
7016 384
7080 312
7140 248
7204 195
7264 192
7328 192
7388 192
7452 240
7512 287
7576 384
7644 448
7708 519
7768 608
7832 655
7892 704
7956 768
8016 768
8080 768
8140 704
8204 636
8264 568
8328 496
8388 415
8452 352
8516 284
8576 240
8644 199
8708 192
8768 224
8832 248
8892 287
8956 352
9016 415
9080 496
9140 568
9204 624
9268 671
9328 704
9392 711
9452 704
9516 704
9576 638
9644 574
9708 508
9768 448
9832 384
9892 316
9956 255
10020 240
10080 224
10144 224
10204 252
10268 287
10328 352
10392 399
10452 480
10516 527
10576 588
10640 639
10708 671
10768 704
10832 704
10896 668
10956 636
11020 575
11080 519
11144 460
11204 398
11268 352
11328 287
11392 255
11452 248
11516 248
11576 255
11640 287
11708 335
11772 387
11832 448
11896 511
11956 572
12020 624
12080 639
12144 668
12204 671
12268 655
12328 632
12392 588
12452 540
12516 480
12580 448
12640 384
12708 319
12772 287
12832 255
12896 255
12956 270
13020 295
13080 332
13144 384
13204 448
13268 496
13332 542
13392 583
13456 624
13516 639
13580 647
13640 639
13704 624
13772 583
13832 542
13896 496
13956 448
14020 385
14084 352
14144 316
14208 287
14268 280
14332 286
14392 304
14456 327
14516 384
14580 415
14640 480
14704 512
14772 568
14836 608
14896 624
14960 636
15020 632
15084 624
15144 583
15208 543
15268 508
15332 455
15392 414
15456 384
15516 335
15580 316
15640 304
15704 304
15768 318
15836 352
15896 384
15960 414
15032 632
15100 608
15160 575
15224 542
15284 504
15348 448
15408 399
15472 384
15532 327
15596 312
15660 291
15720 295
15784 316
15844 352
15908 384
15968 415
16032 455
16100 510
16160 543
16224 575
16284 608
16348 624
16412 624
16472 608
16536 575
16596 543
16660 510
16720 480
16784 419
16844 384
16908 352
16968 323
17032 316
17092 316
17160 319
17224 352
17288 384
17348 414
17412 449
17472 496
17536 527
17596 568
17660 582
17720 608
17784 608
17844 591
17908 575
17968 543
18032 512
18096 480
18164 448
18224 398
18288 384
18348 352
18412 327
18472 319
18536 327
18596 352
18660 384
18720 399
18784 448
18848 480
18908 511
18972 542
19032 568
19096 575
19156 583
19224 575
19288 572
19348 543
19412 513
19472 480
19536 448
19600 415
19660 384
19724 384
19784 352
19848 352
19908 352
19972 384
20032 384
20096 399
20156 448
20224 480
20288 504
20352 527
20412 560
20476 572
20536 575
20600 575
20660 568
20724 543
20784 518
20848 496
20908 455
20972 448
21032 398
21096 384
21156 384
21228 352
21288 352
21352 384
21412 384
21476 399
21536 448
21600 455
21660 496
21724 513
21784 540
21848 560
21908 568
21972 568
22032 560
22096 543
22160 519
22220 496
22288 480
22352 448
22412 408
22476 384
22536 384
22600 384
22660 384
22724 384
22784 384
22848 399
22912 448
22972 449
23036 480
23096 508
23160 527
23220 543
23288 560
23352 560
23412 551
23476 540
23536 519
23600 504
23664 480
23724 448
23788 415
23848 391
23912 384
23972 384
24036 384
24096 384
24160 384
24220 391
24288 415
24352 448
24416 480
24476 504
24540 519
24600 536
24664 543
24724 547
24788 543
24848 540
24912 519
24972 504
25036 480
25096 448
25160 448
25220 408
25284 385
25352 384
25416 384
25476 384
25540 384
25600 396
25664 415
25724 448
25788 480
25848 496
25912 510
25972 524
26036 540
26100 542
26160 543
26224 536
26284 519
26352 508
26416 480
26476 455
26540 448
26600 415
26664 399
26724 384
26788 384
26852 384
26912 384
26976 391
27036 414
27100 448
27160 449
27224 480
27284 496
27348 512
27416 524
27476 527
27540 531
27604 527
27664 518
27728 508
27788 496
27852 480
27912 448
27976 448
28036 412
28100 398
28160 387
28224 384
28284 387
28348 398
28416 414
28480 448
28540 448
28604 480
28664 496
28728 508
28788 515
28852 526
28912 527
28976 526
29036 519
29100 510
29160 496
29224 480
29284 451
29348 448
29416 419
29480 403
29540 391
29604 391
29664 391
29728 399
29788 412
29852 448
29912 448
29976 455
30036 480
30100 504
30164 508
30224 512
30288 519
30348 519
30412 512
30480 508
30540 496
30604 480
30664 455
30728 448
30788 448
30852 415
30916 408
30976 399
30032 480
30092 496
30156 508
30216 512
30280 515
30340 515
30412 512
30472 510
30536 496
30596 480
30660 480
30720 448
30784 448
30844 415
30908 412
30968 399
31032 399
31092 408
31156 414
31220 448
31280 448
31344 449
31412 480
31472 496
31536 504
31596 508
31660 511
31720 511
31784 510
31844 508
31908 496
31972 480
32032 480
32096 448
32156 448
32220 448
32280 415
32344 408
32404 408
32472 412
32536 415
32596 448
32660 448
32724 449
32784 480
32848 480
32908 496
32972 508
33032 510
33096 510
33156 510
33220 508
33280 496
33344 480
33404 480
33472 449
33536 448
33600 448
33660 415
33724 415
33784 414
33848 414
33908 415
33972 448
34032 448
34096 448
34156 480
34220 480
34280 496
34344 504
34408 508
34476 508
34536 508
34600 504
34660 496
34724 480
34784 480
34848 451
34908 448
34972 448
35032 419
35096 415
35156 415
35220 415
35284 415
35344 448
35408 448
35468 448
35536 480
35600 480
35660 496
35724 496
35784 504
35848 508
35908 508
35972 504
36036 496
36096 480
36160 480
36220 455
36284 448
36344 448
36408 448
36468 415
36536 415
36600 415
36660 415
36724 448
36788 448
36848 448
36912 455
36972 480
37036 480
37096 496
37160 504
37220 504
37284 504
37344 504
37408 496
37468 480
37532 480
37596 480
37660 448
37720 448
37784 448
37848 448
37908 415
37972 415
38032 419
38096 448
38156 448
38220 448
38280 451
38344 480
38404 480
38468 480
38528 496
38596 504
38660 504
38724 504
38784 496
38848 496
38908 480
38972 480
39032 455
39096 448
39156 448
39220 448
39280 448
39344 448
39404 448
39468 448
39532 448
39600 448
39660 448
39724 460
39784 480
39848 480
39908 496
39972 496
40032 496
40096 496
40156 496
40220 496
40284 480
40344 480
40408 455
40468 448
40532 448
40592 448
40660 448
40724 448
40784 448
40848 448
40908 448
40972 448
41036 448
41096 455
41160 480
41220 480
41284 480
41344 496
41408 496
41468 496
41532 496
41592 496
41660 480
41724 480
41788 480
41848 455
41912 448
41972 448
42036 448
42096 448
42160 448
42220 448
42284 448
42344 448
42408 448
42468 451
42532 480
42592 480
42656 480
42724 480
42788 496
42848 496
42912 496
42972 480
43036 480
43096 480
43160 480
43220 455
43284 449
43344 448
43408 448
43468 448
43532 448
43596 448
43656 448
43724 448
43788 448
43848 449
43912 455
43972 480
44036 480
44096 480
44160 480
44220 480
44284 480
44348 480
44408 480
44472 480
44532 480
44596 480
44656 455
44724 448
44788 448
44848 448
44912 448
44972 448
45036 448
45100 448
45160 448
45224 449
45284 455
45348 480
45408 480
45472 480
45532 480
45596 480
45656 480
45720 480
45788 480
45852 480
45912 480
45976 480
45024 448
45088 448
45152 448
45212 448
45276 455
45336 480
45400 480
45460 480
45524 480
45584 480
45648 480
45716 480
45776 480
45840 480
45904 480
45964 480
46028 451
46088 448
46152 448
46212 448
46276 448
46336 448
46400 448
46460 448
46524 448
46584 448
46648 455
46716 480
46780 480
46840 480
46904 480
46964 480
47028 496
47088 496
47152 480
47212 480
47276 480
47336 480
47400 455
47460 449
47524 448
47584 448
47648 448
47712 448
47780 448
47840 448
47904 448
47964 448
48028 449
48088 455
48152 480
48212 480
48276 480
48336 480
48400 480
48464 480
48524 480
48588 480
48648 480
48712 480
48780 455
48840 451
48904 448
48964 448
49028 448
49088 448
49152 448
49216 448
49276 448
49340 448
49400 448
49464 455
49524 480
49588 480
49648 480
49712 480
49772 480
49840 480
49904 480
49968 480
50028 480
50092 480
50152 480
50216 455
50276 449
50340 448
50400 448
50464 448
50524 448
50588 448
50648 448
50712 448
50772 448
50844 451
50904 455
50968 480
51028 480
51092 480
51152 480
51216 480
51276 480
51340 480
51400 480
51464 480
51524 480
51588 455
51652 451
51712 448
51776 448
51844 448
51904 448
51968 448
52028 448
52092 448
52152 448
52216 451
52276 455
52340 480
52404 480
52464 480
52528 480
52588 480
52652 480
52712 480
52776 480
52836 480
52904 480
52968 480
53028 455
53092 451
53156 448
53216 448
53280 448
53340 448
53404 448
53464 448
53528 448
53588 449
53652 451
53712 455
53776 480
53836 480
53904 480
53968 480
54032 480
54092 480
54156 480
54216 480
54280 480
54340 480
54404 455
54464 451
54528 449
54588 448
54652 448
54712 448
54776 448
54836 448
54908 448
54968 451
55032 455
55092 459
55156 480
55216 480
55280 480
55340 480
55404 480
55464 480
55528 480
55588 480
55652 480
55716 480
55776 455
55840 454
55900 451
55968 448
56032 448
56092 448
56156 448
56216 449
56280 451
56340 451
56404 455
56468 460
56528 480
56592 480
56652 480
56716 480
56776 480
56840 480
56900 480
56968 480
57032 480
57092 455
57156 455
57220 451
57280 449
57344 448
57404 448
57468 448
57528 449
57592 449
57652 451
57716 455
57776 455
57840 480
57900 480
57964 480
58028 480
58092 480
58156 480
58216 480
58280 480
58340 480
58404 457
58464 455
58528 451
58588 451
58652 449
58712 448
58776 448
58836 448
58900 449
58960 449
59032 451
59092 455
59156 455
59216 480
59280 480
59340 480
59404 480
59464 480
59528 480
59588 480
59652 480
59712 480
59776 480
59836 455
59900 455
59964 451
60032 449
60092 449
60156 448
60216 448
60280 448
60340 449
60404 451
60464 451
60528 455
60588 457
60652 480
60716 480
60776 480
60840 480
60900 480
60964 480
