20 1023
84 225
148 135
208 63
272 28
332 15
396 56
456 120
520 224
580 319
644 448
704 572
768 671
828 768
892 824
960 844
1024 830
1084 782
1148 704
1208 608
1272 508
1332 391
1396 287
1456 224
1520 143
1580 120
1644 112
1704 140
1768 195
1828 273
1892 384
1960 480
2024 575
2084 655
2148 768
2208 768
2272 769
2332 768
2396 711
2456 639
2520 572
2580 480
2644 387
2708 312
2768 248
2832 195
2892 192
2956 192
3024 224
3084 255
3148 327
3208 412
3272 496
3332 572
3396 636
3460 704
3520 707
3584 711
3644 704
3708 655
3768 608
3832 536
3892 480
3956 391
4024 319
4084 271
4148 248
4212 240
4272 240
4336 255
4396 312
4460 384
4520 448
4584 504
4644 560
4708 608
4768 639
4832 668
4892 668
4956 647
5024 624
5088 568
5148 510
5212 448
5272 387
5336 352
5396 304
5460 280
5520 271
5584 284
5644 312
5708 352
5768 391
5832 448
5896 504
5956 543
6020 583
6088 624
6148 632
6212 632
6272 608
6336 575
6396 540
6460 496
6520 448
6584 396
6648 384
6708 327
6772 316
6832 316
6896 319
6956 352
7020 384
7088 415
7148 455
7212 504
7272 540
7336 572
7400 583
7460 608
7524 591
7584 575
7648 547
7708 513
7772 480
7832 448
7896 399
7956 384
8020 384
8080 352
8148 352
8212 352
8276 384
8336 391
8400 448
8460 480
8524 504
8584 526
8648 547
8708 572
8772 574
8832 568
8896 547
8956 527
9020 508
9080 480
9152 448
9212 412
9276 384
9336 384
9400 384
9460 384
9524 384
9584 387
9648 414
9708 448
9772 480
9832 504
9896 515
9960 536
10020 543
10084 547
10152 543
10212 527
10276 511
10336 496
10400 480
10460 448
10524 415
10584 396
10648 384
10712 384
10772 384
10836 387
10896 403
10960 448
11020 448
11084 480
11144 496
11212 512
11276 524
11336 529
11400 527
11464 526
11524 512
11588 504
11648 480
11712 455
11772 448
11836 415
11896 401
11960 396
12020 391
12084 396
12144 408
12212 415
12276 448
12340 455
12400 480
12464 496
12524 508
12588 513
12648 519
12712 519
12772 512
12836 508
12896 496
12960 480
13020 451
13084 448
13148 419
13216 414
13276 403
13340 399
13400 408
13464 415
13524 448
13588 448
13648 455
13712 480
13772 496
13836 504
13900 510
13960 511
14024 510
14084 508
14148 504
14208 480
14276 480
14340 449
14400 448
14464 448
14524 415
14588 415
14652 414
14712 415
14776 448
14836 448
14900 448
14960 455
15024 480
15084 496
15148 496
15208 504
15276 504
15340 504
15404 496
15464 496
15528 480
15588 480
15652 449
15712 448
15776 448
15836 448
15900 448
15960 448
28 384
96 248
160 135
220 63
284 28
344 28
408 63
468 127
532 240
592 352
656 480
716 590
780 704
840 775
904 830
964 839
1028 830
1096 769
1160 704
1220 591
1284 480
1344 384
1408 271
1468 192
1532 127
1592 112
1656 120
1716 143
1780 224
1844 287
1904 384
1968 496
2028 575
2092 664
2160 768
2220 768
2284 771
2344 768
2408 704
2468 638
2532 551
2596 480
2656 384
2720 295
2780 240
2844 192
2904 192
2968 192
3028 224
3092 263
3160 352
3220 448
3284 508
3348 575
3408 639
3472 704
3532 711
3596 711
3656 704
3720 647
3780 591
3844 519
3904 448
3968 384
4028 319
4092 270
4160 240
4224 240
4284 248
4348 271
4408 319
4472 384
4532 448
4596 510
4656 572
4720 624
4780 639
4844 668
4904 664
4968 639
5032 608
5092 560
5156 504
5224 448
5284 384
5348 327
5408 291
5472 271
5532 271
5596 286
5656 316
5720 384
5784 399
5844 451
5908 510
5968 560
6032 608
6092 624
6156 632
6224 632
6284 608
6348 574
6408 527
6472 480
6536 448
6596 385
6660 352
6720 319
6784 312
6844 312
6908 319
6968 352
7032 384
7092 415
7156 480
7216 511
7284 543
7348 575
7412 608
7472 608
7536 591
7596 575
7660 543
7720 511
7784 480
7844 448
7908 391
7968 384
8032 352
8092 335
8156 352
8216 352
8288 384
8348 399
8412 448
8472 480
8536 508
8596 536
8660 560
8720 572
8784 574
8844 568
8908 543
8968 521
9032 504
9096 480
9156 448
9220 401
9288 384
9348 384
9412 384
9472 384
9536 384
9596 391
9660 415
9720 448
9784 480
9848 504
9908 519
9972 542
10032 543
10096 547
10156 543
10220 527
10280 510
10348 480
10412 455
10472 448
10536 412
10600 391
10660 384
10724 384
10784 384
10848 391
10908 412
10972 448
11032 448
11096 480
11156 504
11220 512
11280 519
11348 527
11412 527
11476 521
11536 511
11600 496
11660 480
11724 451
11784 448
11848 415
11908 408
11972 398
12032 391
12096 399
12156 412
12220 419
12284 448
12352 455
12412 480
12476 496
12536 510
12600 512
12660 515
12724 515
12784 511
12848 504
12908 496
12972 480
13036 451
13096 448
13160 419
13220 415
13284 412
13344 408
13412 414
13476 415
13536 448
13600 448
13660 457
13724 480
13788 496
13848 504
13912 508
13972 510
14036 510
14096 504
14160 496
14220 480
14284 480
14344 448
14412 448
14476 448
14540 415
14600 415
14664 415
14724 415
14788 448
14848 448
14912 449
14972 480
15036 480
15096 496
15160 504
15220 504
15284 504
15344 504
15408 504
15472 496
15536 480
15600 480
15660 449
15724 448
15784 448
15848 448
15908 419
15972 419
40 384
104 240
164 127
232 60
296 28
356 31
420 71
480 156
544 255
604 384
668 504
732 608
792 707
856 783
916 831
980 839
1040 824
1104 768
1164 704
1228 575
1296 455
1356 384
1420 255
1484 192
1544 127
1608 112
1668 124
1732 159
1792 240
1856 316
1916 408
1980 508
2040 608
2104 671
2164 768
2228 768
2296 768
2360 768
2420 704
2484 624
2544 536
2608 448
2668 384
2732 287
2792 240
2856 192
2916 192
2980 192
3040 240
3104 284
3164 384
3228 448
3296 515
3360 588
3420 639
3484 704
3544 707
3608 704
3668 704
3732 639
3792 575
3856 511
3916 448
3980 384
4044 316
4104 255
4168 248
4228 240
4292 252
4360 284
4420 327
4484 387
4544 449
4608 515
4668 575
4732 624
4796 639
4856 664
4920 655
4980 638
5044 608
5104 543
5168 496
5228 448
5292 384
5360 327
5420 294
5484 280
5548 275
5608 287
5672 319
5732 384
5796 412
5856 480
5920 512
5980 568
6044 608
6104 624
6168 632
6228 624
6292 608
6352 568
6424 518
6484 480
6548 448
6608 384
6672 352
6732 319
6796 316
6856 316
6920 323
6980 384
7044 385
7104 448
7168 480
7232 512
7292 543
7356 575
7424 591
7484 608
7548 583
7608 572
7672 540
7732 504
7796 480
7856 448
7920 387
7984 384
8044 352
8108 335
8168 352
8232 384
8292 384
8356 401
8424 448
8484 480
8548 511
8608 540
8672 560
8736 572
8796 574
8860 568
8920 543
8984 515
9044 496
9108 455
9168 448
9232 399
9292 384
9356 384
9416 384
9484 384
9548 384
9612 391
9672 415
9736 448
9796 480
9860 508
9920 524
9984 543
10044 547
10108 543
10168 543
10232 527
10292 508
10356 480
10416 454
10488 448
10548 408
10612 387
10672 384
10736 384
10796 384
10860 391
10920 412
10984 448
11044 451
11108 480
11168 504
11232 513
11296 526
11356 529
11420 527
11488 519
11548 510
11612 496
11672 480
11736 448
11796 448
11860 415
11920 399
11984 391
12048 391
12108 399
12172 412
12232 448
12296 448
12356 480
12420 480
12480 504
12548 511
12612 513
12672 515
12736 513
12800 510
12860 504
12924 480
12984 480
13048 448
13108 448
13172 415
13232 414
13296 408
13356 412
13420 415
13480 419
13548 448
13612 448
13676 480
13736 480
13800 496
13860 504
13924 508
13984 508
14048 508
14108 504
14172 496
14232 480
14296 480
14356 448
14420 448
14484 448
14544 415
14608 415
14672 415
14732 448
14796 448
14860 448
14920 451
14984 480
15044 480
15108 496
15168 496
15232 504
15292 504
15356 504
15416 496
15480 480
15540 480
15608 455
15672 448
15736 448
15796 448
15860 448
15920 448
15984 448
52 352
112 224
176 124
236 56
300 24
360 31
428 96
492 159
556 268
616 387
680 512
740 632
804 768
864 799
928 831
988 839
1052 816
1112 768
1176 671
1236 572
1300 455
1364 352
1432 248
1492 192
1556 126
1616 112
1680 124
1740 159
1804 240
1864 319
1928 415
1988 518
2052 624
2116 704
2176 768
2240 769
2300 769
2364 768
2424 704
2488 624
2552 527
2612 448
2676 384
2740 280
2800 224
2864 192
2924 192
2988 192
3048 224
3112 286
3172 384
3236 448
3296 513
3360 591
3420 647
3488 704
3552 711
3616 707
3676 704
3740 639
3800 575
3864 508
3924 448
3988 384
4048 312
4112 255
4172 240
4236 240
4296 248
4360 280
4420 319
4492 391
4552 455
4616 519
4676 575
4740 632
4800 654
4864 668
4924 655
4988 636
5048 608
5112 543
5172 496
5236 448
5300 384
5360 319
5424 291
5484 271
5552 271
5616 287
5676 319
5740 384
5800 415
5864 480
5924 515
5988 568
6048 608
6112 624
6176 632
6236 624
6300 608
6360 568
6424 519
6484 480
6552 384
6616 384
6676 352
6740 319
6800 316
6864 316
6928 327
6988 384
7052 387
7112 448
7176 480
7236 512
7300 543
7360 575
7424 590
7484 608
7548 582
7616 568
7680 536
7740 504
7804 460
7864 419
7928 387
7988 384
8052 352
8112 352
8176 352
8236 384
8300 384
8360 408
8424 448
8484 480
8548 510
8616 540
8680 560
8740 572
8804 572
8864 560
8928 542
8988 513
9052 496
9112 455
9176 448
9236 399
9300 384
9364 384
9424 384
9488 384
9548 384
9616 399
9680 448
9740 449
9804 480
9864 508
9928 527
9988 543
10052 547
10116 543
10176 542
10240 519
10300 508
10364 480
10424 449
10488 448
10548 403
10612 387
10680 384
10740 384
10804 384
10868 391
10928 414
10992 448
11052 451
11116 480
11176 504
11240 513
11300 527
11364 529
11424 527
11488 519
11548 511
11612 496
11680 480
11744 448
11804 448
11868 415
11928 399
11992 391
12052 391
12116 398
12176 408
12240 419
12300 448
12364 455
12424 480
12488 496
12548 510
12612 513
12680 515
12744 515
12804 511
12868 504
12928 496
12992 480
13052 448
13116 448
13176 415
13240 414
13300 408
13364 408
13428 414
13488 415
13552 448
13612 448
13676 480
13744 480
13804 496
13868 504
13928 508
13992 510
14052 508
14116 504
14180 496
14240 480
14304 480
14364 448
14428 448
14488 448
14552 415
14612 415
14676 415
14744 419
14804 448
14868 448
14932 451
14992 480
15056 480
15116 496
15180 504
15240 504
15304 504
15364 504
15428 496
15488 480
15552 480
15612 455
15676 448
15736 448
15808 448
15868 448
15932 448
15992 448
