24 1023
88 248
148 156
212 76
272 24
336 0
396 0
460 7
520 63
584 135
644 240
708 352
768 459
832 575
896 704
964 775
1024 847
1088 896
1148 903
1212 896
1272 864
1336 783
1396 704
1460 608
1520 504
1584 385
1648 287
1708 192
1772 124
1832 67
1896 48
1964 48
2024 71
2088 127
2148 199
2212 287
2272 387
2336 496
2400 590
2460 704
2524 768
2584 816
2648 839
2708 864
2772 831
2832 796
2896 768
2956 655
3024 560
3088 480
3152 384
3212 284
3276 224
3336 143
3400 112
3460 96
3524 96
3584 127
3648 192
3708 248
3772 319
3832 414
3896 508
3956 588
4028 671
4088 768
4152 775
4212 799
4276 799
4336 783
4400 768
4460 704
4524 624
4584 536
4648 448
4708 384
4772 287
4832 240
4896 192
4960 143
5020 135
5084 143
5148 192
5212 224
5272 287
5336 384
5396 448
5460 513
5520 590
5584 655
5644 705
5708 768
5768 768
5832 768
5892 768
5956 704
6016 647
6088 575
6148 510
6212 448
6272 384
6336 295
6396 248
6460 224
6520 192
6584 192
6644 192
6708 224
6768 255
6832 319
6892 384
6956 449
7020 519
7088 590
7148 639
7212 704
7272 711
7336 768
7396 768
7460 704
7520 664
7584 624
7644 560
7708 496
7772 448
7832 384
7896 312
7956 255
8020 240
8080 224
8148 224
8212 240
8272 255
8336 304
8396 352
8460 412
8524 480
8584 527
8648 583
8708 636
8772 668
8832 704
8896 704
8956 704
9020 664
9080 632
9148 575
9212 526
9276 480
9336 414
9400 384
9460 318
9524 280
9584 254
9648 248
9708 248
9772 255
9832 287
9896 327
9956 384
10020 448
10080 480
10144 540
10212 579
10276 624
10336 639
10400 664
10460 668
10524 655
10584 636
10648 608
10708 560
10772 511
10832 455
10896 412
10960 384
11020 319
11084 295
11144 273
11212 263
11276 271
11336 287
11400 319
11460 384
11524 396
11584 448
11648 496
11712 536
11772 575
11836 608
11896 632
11960 639
12020 639
12084 632
12144 608
12212 574
12276 527
12336 496
12400 448
12464 399
12524 384
12588 327
12648 312
12712 287
12772 287
12836 295
12896 318
12960 352
13020 384
13084 415
13144 451
13208 504
13276 542
13340 574
13400 608
13464 624
13524 624
13588 624
13648 608
13712 575
13772 551
13836 513
13896 480
13960 448
14020 399
14084 384
14144 352
14208 319
14276 312
14340 312
14400 319
14464 335
14524 384
14588 391
14648 448
14712 480
14772 508
14836 536
14896 568
14960 583
15024 608
15084 608
15148 608
15208 582
15276 568
15340 529
15400 504
15464 480
15524 448
15588 398
15648 384
15712 352
15776 332
15836 319
15900 323
15960 352
32 384
92 263
164 156
224 71
288 15
348 0
412 0
472 24
536 79
596 159
660 255
720 384
784 496
844 608
908 704
972 783
1032 864
1096 896
1164 899
1224 896
1288 831
1348 768
1412 704
1472 575
1536 480
1596 384
1660 255
1724 192
1784 120
1848 63
1908 48
1972 56
2032 96
2096 140
2156 224
2224 316
2288 414
2348 512
2412 608
2476 704
2536 768
2600 824
2660 839
2724 844
2784 828
2848 775
2908 736
2972 638
3032 543
3096 449
3156 384
3224 255
3288 192
3352 135
3412 112
3476 96
3536 112
3600 142
3660 193
3724 255
3784 352
3848 448
3908 519
3972 608
4032 671
4096 768
4156 775
4220 798
4284 798
4348 768
4412 768
4472 670
4536 608
4596 515
4660 448
4720 384
4784 284
4844 224
4908 192
4968 145
5032 142
5092 158
5156 192
5216 240
5288 312
5348 384
5412 455
5472 536
5536 608
5596 668
5660 711
5720 768
5784 768
5844 768
5908 768
5968 704
6032 636
6096 568
6156 496
6220 415
6288 352
6348 286
6412 240
6472 195
6536 192
6596 192
6660 195
6720 240
6784 280
6848 352
6908 399
6972 480
7032 540
7096 608
7156 647
7220 704
7280 711
7348 768
7412 711
7472 704
7536 639
7600 608
7660 536
7724 480
7784 408
7848 352
7908 294
7972 255
8032 240
8096 224
8156 224
8220 240
8280 255
8348 318
8412 384
8476 448
8536 496
8600 543
8660 608
8724 639
8784 671
8848 704
8908 704
8972 675
9032 652
9096 624
9156 572
9220 513
9280 455
9344 396
9412 352
9476 312
9536 270
9600 252
9660 248
9724 252
9784 263
9848 304
9908 352
9972 385
10032 448
10096 496
10160 543
10220 588
10284 632
10344 647
10412 664
10476 664
10536 639
10600 632
10660 583
10724 543
10784 504
10848 448
10912 396
10972 384
11036 318
11096 287
11160 271
11220 263
11284 271
11344 291
11412 326
11476 384
11536 412
11600 455
11664 508
11724 543
11788 582
11848 624
11912 636
11972 639
12036 638
12096 624
12160 608
12220 568
12284 521
12344 480
12408 448
12476 391
12540 384
12600 319
12664 312
12724 287
12788 291
12848 312
12912 319
12972 384
13036 384
13096 448
13160 480
13220 510
13284 543
13348 575
13408 608
13476 624
13540 624
13600 624
13664 608
13724 574
13788 543
13848 508
13912 480
13972 448
14036 391
14100 384
14160 352
14224 319
14284 316
14348 318
14408 319
14476 352
14540 384
14600 399
14664 448
14724 480
14788 511
14852 543
14912 572
14976 583
15036 608
15100 608
15160 591
15224 575
15284 551
15348 521
15408 496
15472 455
15540 419
15600 387
15664 384
15728 352
15788 332
15852 327
15912 332
15976 352
40 384
104 254
164 152
228 67
288 15
356 0
420 0
480 31
544 96
608 192
668 275
732 387
792 508
856 624
916 711
980 799
1040 864
1104 896
1164 897
1228 896
1288 831
1352 768
1420 668
1484 568
1544 454
1608 352
1668 254
1732 192
1792 112
1856 63
1916 48
1980 60
2040 96
2104 152
2164 240
2228 318
2288 415
2352 513
2420 624
2484 704
2544 769
2608 824
2668 844
2732 839
2792 824
2856 769
2916 704
2980 632
3040 536
3104 448
3168 352
3228 255
3292 192
3352 135
3416 112
3480 96
3544 112
3608 143
3668 199
3732 271
3792 384
3856 448
3916 527
3980 624
4040 704
4104 768
4164 780
4228 799
4288 798
4352 768
4412 768
4484 655
4544 583
4608 508
4668 415
4732 352
4792 270
4856 224
4916 192
4980 143
5040 143
5104 159
5164 192
5228 252
5292 316
5352 384
5416 457
5484 543
5544 624
5608 671
5668 736
5732 768
5792 768
5856 768
5916 768
5980 671
6044 624
6104 560
6168 496
6228 414
6292 352
6352 284
6416 240
6476 199
6544 192
6608 192
6668 199
6732 240
6796 287
6856 352
6920 414
6980 480
7044 543
7104 608
7168 654
7228 704
7292 711
7352 736
7416 707
7476 704
7544 639
7608 583
7672 527
7732 480
7796 399
7856 352
7920 287
7980 254
8044 240
8104 224
8168 224
8228 248
8292 271
8352 319
8416 384
8480 448
8540 504
8608 551
8672 608
8732 639
8796 671
8856 704
8920 704
8980 671
9044 639
9104 608
9168 560
9232 508
9292 448
9356 391
9416 352
9480 304
9540 263
9608 252
9672 248
9732 254
9796 271
9856 312
9920 352
9984 396
10044 448
10108 508
10168 551
10232 608
10292 632
10356 647
10416 664
10480 655
10540 639
10608 624
10672 575
10736 531
10796 496
10860 448
10920 385
10984 352
11044 316
11108 287
11168 271
11232 270
11292 280
11356 304
11416 332
11480 384
11540 415
11604 480
11672 511
11736 551
11796 585
11860 624
11920 636
11984 639
12044 636
12108 624
12168 591
12232 560
12292 513
12356 480
12416 448
12480 385
12540 384
12604 319
12672 304
12736 287
12796 287
12860 312
12920 326
12984 384
13044 391
13108 448
13168 480
13232 512
13292 547
13356 575
13420 608
13480 624
13544 624
13604 624
13672 608
13736 572
13796 540
13860 504
13920 459
13984 384
14044 385
14108 384
14172 332
14232 319
14296 316
14356 318
14420 319
14480 352
14544 384
14604 408
14668 448
14736 480
14796 515
14860 543
14924 574
14984 583
15048 608
15108 608
15172 583
15232 574
15296 543
15356 515
15420 496
15480 449
15544 415
15604 387
15668 384
15736 352
15800 332
15860 327
15924 352
15984 352
52 352
112 240
176 135
236 63
300 7
364 0
424 0
488 35
548 112
616 195
680 304
740 415
804 527
864 638
928 768
988 816
1052 896
1116 896
1176 896
1240 896
1300 824
1364 768
1424 652
1488 550
1548 448
1616 327
1680 240
1740 156
1804 96
1868 63
1928 56
1992 63
2052 112
2116 192
2176 252
2240 352
2300 448
2364 542
2424 636
2488 736
2548 775
2612 828
2680 846
2744 839
2804 807
2868 768
2928 704
2992 608
3052 511
3116 415
3176 319
3240 252
3300 192
3364 127
3424 112
3488 96
3552 120
3612 158
3680 224
3744 295
3804 384
3868 480
3928 560
3992 636
4052 704
4116 768
4176 783
4240 799
4304 792
4364 768
4428 707
4488 639
4552 574
4612 496
4676 398
4744 319
4804 255
4868 198
4928 159
4992 143
5056 143
5116 192
5180 224
5240 255
5304 327
5364 399
5428 480
5488 560
5552 632
5612 704
5676 768
5744 768
5804 768
5868 768
5932 711
5992 668
6056 608
6116 540
6180 480
6240 391
6304 319
6364 263
6428 224
6488 192
6552 192
6612 192
6676 224
6744 252
6808 304
6868 384
6932 448
6992 504
7056 568
7116 624
7180 668
7240 704
7304 736
7364 736
7428 704
7488 671
7552 636
7616 575
7676 513
7740 449
7808 384
7868 319
7932 280
7992 248
8056 224
8116 224
8180 224
8240 252
8304 286
8368 327
8428 384
8492 448
8552 508
8616 568
8676 608
8740 639
8808 671
8868 704
8932 704
8992 668
9056 638
9120 608
9180 543
9244 496
9304 448
9368 384
9428 334
9492 291
9552 255
9616 252
9676 252
9740 255
9808 284
9872 318
9932 384
9996 412
10056 480
10120 512
10180 568
10244 608
10304 636
10368 652
10428 657
10492 655
10552 639
10616 608
10676 574
10740 527
10804 480
10872 448
10932 384
10996 352
11056 312
11120 286
11180 271
11244 271
11304 287
11368 316
11428 352
11492 384
11556 448
11616 480
11680 513
11740 560
11804 591
11872 624
11932 636
11996 638
12056 632
12120 608
12180 575
12244 543
12308 508
12368 455
12432 415
12492 384
12556 352
12616 319
12680 304
12740 291
12804 295
12864 316
12932 335
12996 384
13060 399
13120 448
13184 496
13244 521
13308 560
13368 583
13432 608
13492 624
13556 624
13616 608
13680 583
13740 568
13804 524
13864 496
13936 448
13996 412
14060 384
14120 352
14184 327
14244 318
14308 316
14368 319
14432 334
14492 384
14556 384
14616 415
14680 451
14740 496
14804 519
14868 551
14936 575
14996 590
15060 608
15120 608
15184 575
15244 568
15308 540
15368 510
15432 480
15492 448
15556 412
15620 384
15680 384
15744 352
15804 327
15868 327
15928 352
15996 384
