16 414
76 286
140 192
200 96
264 17
324 0
388 3
448 56
512 127
572 240
636 352
696 480
760 608
820 711
884 803
952 896
1016 903
1076 896
1140 864
1200 783
1264 704
1324 575
1388 451
1448 334
1512 224
1572 127
1636 67
1696 31
1760 31
1824 63
1884 127
1948 224
2016 327
2076 448
2140 568
2200 671
2264 768
2324 828
2388 864
2448 896
2512 831
2576 782
2636 704
2700 608
2760 496
2824 384
2884 273
2948 192
3016 120
3076 78
3140 67
3200 96
3264 143
3328 224
3388 316
3452 415
3512 519
3576 632
3636 707
3700 775
3760 824
3824 831
3884 824
3948 771
4016 704
4080 608
4140 511
4204 412
4264 316
4328 224
4388 159
4452 120
4512 112
4576 120
4636 152
4700 224
4760 287
4824 384
4884 496
4948 575
5012 664
5080 768
5140 782
5204 799
5264 796
5328 768
5388 704
5452 632
5512 542
5576 448
5636 384
5700 271
5764 199
5824 158
5888 127
5948 135
6012 159
6080 224
6140 287
6204 384
6264 480
6328 547
6388 636
6452 704
6516 768
6576 769
6640 769
6700 768
6764 704
6824 639
6888 568
6948 480
7012 387
7072 304
7140 240
7204 192
7268 159
7328 159
7392 192
7452 224
7516 275
7576 352
7640 448
7700 512
7764 591
7824 655
7888 707
7948 768
8012 768
8072 768
8144 704
8204 639
8268 574
8328 504
8392 415
8452 352
8516 271
8576 224
8640 192
8700 192
8764 192
8824 224
8888 271
8948 334
9012 408
9076 480
9144 568
9204 632
9268 675
9328 707
9392 768
9452 736
9516 704
9576 639
9640 583
9700 515
9764 448
9828 384
9888 316
9952 255
10012 224
10076 224
10136 224
10204 240
10268 271
10328 327
10392 391
10452 480
10516 529
10580 608
10640 639
10704 704
10764 704
10828 704
10888 675
10952 639
11012 608
11076 536
11136 480
11204 391
11268 352
11332 287
11392 254
11456 240
11516 240
11580 252
11640 284
11704 323
11764 384
11828 448
11888 510
11952 568
12012 624
12076 647
12136 671
12208 671
12268 664
12332 636
12392 591
12456 540
12516 480
12580 419
12640 384
12704 318
12764 280
12828 255
12888 254
12952 255
13016 286
13076 319
13140 384
13200 448
13268 496
13332 543
13392 588
13456 632
13516 647
13580 655
13640 647
13704 632
13768 608
13828 547
13892 504
13952 448
14016 387
14076 352
14140 312
14200 284
14268 270
14332 271
14392 291
14456 326
14520 384
14580 415
14644 480
14704 519
14768 572
14828 608
14892 632
14952 639
15016 639
15076 624
15140 608
15200 560
15264 510
15328 455
15392 408
15452 384
15516 323
15580 304
15640 287
15704 287
15764 304
15828 323
15888 384
15952 408
