16 415
76 287
140 192
200 96
264 24
332 0
392 7
464 63
524 143
588 254
648 384
712 504
776 632
836 768
900 824
960 896
1024 897
1084 896
1148 864
1208 775
1272 704
1340 560
1400 448
1472 304
1532 195
1596 120
1660 62
1720 35
1784 56
1844 96
1908 159
1968 254
2032 384
2092 480
2156 588
2216 704
2280 771
2340 831
2408 864
2472 864
2544 824
2604 768
2668 655
2728 560
2792 448
2852 335
2916 240
2976 159
3040 112
3100 71
3164 71
3224 112
3288 192
3348 252
3420 384
3480 455
3552 575
3612 671
3676 768
3736 799
3800 831
3860 830
3924 798
3984 768
4048 655
4108 572
4172 480
4232 384
4296 271
4356 192
4428 127
4488 112
4552 112
4620 135
4684 192
4744 263
4808 384
4868 451
4932 547
4992 639
5056 711
5116 768
5180 799
5240 799
5304 775
5368 768
5436 654
5496 572
5560 480
5628 384
5692 287
5752 224
5816 159
5876 131
5940 127
6000 156
6064 199
6124 255
6188 352
6252 448
6312 519
6376 608
6436 675
6504 768
6568 768
6628 771
6700 768
6760 704
6824 639
6884 572
6948 480
7008 396
7072 318
7136 252
7196 195
7260 163
7320 159
7384 192
7444 224
7512 271
7576 352
7636 448
7708 515
7768 608
7832 655
7892 707
7956 768
8020 768
8080 768
8144 704
8204 639
8268 575
8328 504
8392 415
8452 352
8520 271
8584 224
8644 192
8708 192
8776 199
8840 240
8904 287
8964 352
9028 419
9088 504
9152 572
9212 632
9276 671
9336 705
9400 736
9460 707
9528 671
9592 636
9656 572
9716 504
9788 415
9848 384
9912 291
9972 252
10036 224
10096 224
10160 224
10220 252
10284 287
10344 352
10408 412
10468 480
10532 543
10600 608
10664 654
10724 704
10788 704
10856 704
10920 664
10980 624
11044 572
11104 508
11168 448
11228 384
11292 319
11352 275
11416 252
11476 240
11540 240
11608 255
11672 304
11732 352
11796 408
11864 480
11928 540
11988 590
12052 636
12112 659
12176 671
12236 670
12300 639
12360 624
12424 572
12488 511
12548 449
12616 385
12680 352
12740 295
12804 263
12864 255
12936 255
12996 275
13060 316
13120 384
13184 412
13244 480
13308 519
13372 574
13432 624
13496 639
13556 654
13620 647
13688 638
13748 608
13812 568
13872 511
13944 449
14004 399
14068 384
14128 316
14192 287
14256 271
14316 271
14380 287
14440 319
14504 384
14564 401
14628 451
14696 511
14756 560
14820 608
14880 624
14944 638
15012 636
15076 624
15140 590
15200 551
15264 510
15324 455
15388 412
15448 384
15512 327
15572 312
15636 287
15704 287
15764 312
15828 327
15892 384
15952 408
16024 460
16084 508
