20 1023
84 224
148 127
208 63
272 28
332 15
396 56
456 120
520 224
588 326
648 448
712 574
772 671
836 768
900 816
960 831
1024 824
1084 769
1148 704
1208 608
1272 510
1332 401
1396 312
1456 224
1520 192
1580 135
1648 135
1712 163
1776 224
1836 291
1900 384
1960 480
2024 560
2084 638
2148 704
2208 768
2272 768
2332 768
2396 704
2456 636
2520 568
2584 496
2652 399
2712 327
2776 271
2836 240
2900 224
2960 224
3024 248
3084 287
3148 352
3208 412
3272 480
3336 543
3396 608
3460 639
3520 668
3584 671
3644 655
3712 632
3776 575
3836 519
3900 480
3960 408
4024 384
4088 316
4148 287
4212 271
4272 284
4336 304
4396 335
4460 384
4520 448
4584 480
4644 527
4712 574
4776 608
4840 624
4900 624
4964 608
5024 575
5088 543
5148 504
5212 451
5272 414
5336 384
5396 352
5460 327
5520 319
5584 327
5644 352
5716 384
5776 414
5840 448
5900 496
5964 519
6024 547
6088 574
6148 575
6212 575
6272 568
6336 543
6396 513
6460 496
6520 449
6584 415
6648 390
6708 384
6776 384
6840 384
6900 384
6964 384
7024 399
7088 448
7148 455
7212 496
7272 511
7336 527
7400 543
7460 547
7524 543
7584 536
7648 519
7708 504
7776 480
7840 448
7900 419
7964 399
8024 387
8088 384
8152 384
8212 385
8276 399
8336 415
8400 448
8460 460
8524 480
8584 504
8648 513
8708 524
8776 527
8840 524
8904 515
8964 508
9028 496
9088 480
9152 448
9212 448
9276 415
9336 408
9400 399
9460 399
9524 408
9584 415
9648 448
9708 448
9772 480
9840 480
9904 504
9964 508
10028 511
10088 512
10152 511
10212 508
10276 496
10336 480
10400 480
10460 448
10524 448
10588 448
10648 415
10712 414
10772 415
10840 415
10904 448
10964 448
11028 449
11088 480
11152 480
11212 496
11276 504
11340 504
11400 504
11464 504
11524 496
11588 480
11648 480
11712 480
11772 448
11836 448
11904 448
11964 448
12028 448
12092 448
12152 448
12216 448
12276 448
12340 454
12400 480
12464 480
12524 480
12588 496
12648 496
12712 496
12772 496
12836 480
12904 480
12968 480
13028 455
13092 448
13152 448
13216 448
13276 448
13340 448
13400 448
13464 448
13524 448
13588 448
13648 455
13712 480
13772 480
13836 480
13904 480
13968 480
14028 480
14092 480
14152 480
14216 480
14276 480
14340 455
14400 449
14464 448
14524 448
14588 448
14648 448
14712 448
14776 448
14836 449
14900 455
14968 480
15028 480
15092 480
15152 480
15216 480
15276 480
15340 480
15400 480
15464 480
15528 480
15588 455
15652 451
15712 448
15776 448
15836 448
15900 448
15968 448
28 384
92 255
156 145
216 67
280 30
340 24
404 60
464 124
528 224
588 319
652 448
720 575
780 675
844 768
908 807
968 830
1032 816
1092 768
1156 704
1216 608
1280 504
1340 396
1404 304
1464 224
1528 192
1588 135
1652 135
1712 163
1780 224
1844 304
1908 384
1968 480
2032 568
2092 639
2156 704
2216 768
2280 768
2340 768
2404 704
2464 636
2528 560
2588 480
2652 399
2712 327
2784 263
2844 240
2908 224
2968 224
3032 252
3092 287
3156 352
3216 415
3280 496
3340 547
3404 608
3464 639
3528 670
3588 671
3652 655
3716 632
3784 575
3844 515
3908 455
3968 399
4032 352
4092 312
4156 286
4216 271
4280 284
4340 304
4404 352
4468 384
4528 448
4592 496
4652 536
4716 575
4776 608
4844 624
4908 624
4968 608
5032 575
5092 542
5156 504
5220 449
5280 412
5344 384
5404 352
5468 319
5528 319
5592 319
5652 352
5716 384
5776 408
5844 448
5908 496
5972 519
6032 550
6096 574
6156 575
6220 575
6280 572
6344 543
6404 513
6468 496
6528 448
6592 415
6652 387
6716 384
6776 384
6840 384
6908 384
6972 384
7032 399
7096 448
7156 451
7220 496
7280 511
7344 531
7404 543
7468 543
7528 543
7592 536
7656 515
7716 504
7780 480
7840 448
7908 419
7972 399
8032 387
8096 384
8156 384
8220 387
8280 399
8344 415
8408 448
8468 480
8532 480
8592 504
8656 512
8716 521
8780 527
8840 519
8908 512
8972 504
9032 496
9096 480
9160 448
9220 448
9284 415
9344 408
9408 399
9468 399
9532 412
9592 415
9656 448
9716 448
9780 480
9840 480
9904 496
9972 508
10036 511
10096 511
10160 508
10220 504
10284 496
10344 480
10408 457
10468 448
10532 448
10592 448
10656 415
10716 415
10780 415
10840 419
10904 448
10972 448
11036 451
11096 480
11160 480
11220 496
11284 504
11344 504
11408 504
11468 504
11532 496
11592 480
11656 480
11720 457
11780 448
11844 448
11904 448
11972 448
12036 448
12096 448
12160 448
12220 448
12284 448
12344 455
12408 480
12472 480
12532 480
12596 496
12656 496
12720 496
12780 496
12844 480
12904 480
12968 480
13036 455
13096 448
13160 448
13224 448
13284 448
13348 448
13408 448
13472 448
13532 448
13596 448
13656 455
13720 480
13780 480
13844 480
13904 480
13968 496
14036 480
14100 480
14160 480
14224 480
14284 480
14348 455
14408 448
14472 448
14532 448
14596 448
14656 448
14720 448
14780 448
14844 448
14908 451
14968 455
15032 480
15100 480
15160 480
15224 480
15284 480
15348 480
15408 480
15472 480
15532 480
15596 480
15660 455
15720 449
15784 448
15844 448
15908 448
15968 448
40 384
104 248
164 135
228 63
288 28
352 28
416 63
476 127
540 240
600 352
664 480
724 575
788 704
856 768
916 816
980 828
1040 803
1104 768
1168 704
1228 590
1292 496
1352 384
1416 287
1476 224
1540 163
1600 135
1664 143
1724 192
1788 240
1848 316
1920 398
1980 496
2044 575
2104 639
2168 704
2228 768
2292 768
2352 736
2416 675
2476 624
2540 543
2600 480
2664 391
2724 319
2788 270
2852 240
2920 224
2980 224
3044 255
3104 304
3168 384
3228 448
3292 496
3352 560
3416 608
3476 639
3540 670
3604 670
3664 647
3728 624
3788 574
3852 513
3920 448
3980 391
4044 352
4104 312
4168 284
4228 271
4292 286
4356 312
4416 352
4480 387
4540 448
4604 496
4664 542
4728 575
4788 608
4852 624
4912 624
4980 608
5044 574
5108 531
5168 496
5232 448
5292 399
5356 384
5416 352
5480 319
5540 319
5604 327
5664 352
5728 384
5788 415
5852 451
5912 496
5984 527
6044 560
6108 575
6168 575
6232 575
6292 568
6356 542
6416 511
6480 480
6540 448
6604 412
6664 384
6728 384
6788 384
6852 384
6916 384
6984 384
7044 401
7108 448
7168 480
7232 496
7292 513
7356 536
7416 543
7480 547
7540 543
7604 536
7668 515
7728 496
7792 480
7852 448
7916 415
7976 399
8044 384
8108 384
8168 384
8232 387
8292 399
8356 415
8420 448
8480 480
8544 496
8604 508
8668 515
8728 526
8792 527
8852 524
8916 513
8976 508
9044 480
9108 480
9172 448
9232 448
9296 415
9356 399
9420 399
9480 399
9544 408
9604 415
9668 448
9728 448
9792 480
9852 480
9916 496
9976 508
10040 510
10108 510
10172 508
10232 504
10296 496
10356 480
10420 455
10480 448
10544 448
10604 448
10668 415
10728 415
10792 415
10856 448
10916 448
10980 448
11040 451
11108 480
11172 480
11232 496
11296 496
11356 504
11420 504
11480 496
11544 496
11608 480
11668 480
11732 455
11792 448
11856 448
11916 448
11980 448
12040 448
12108 448
12172 448
12232 448
12296 448
12360 455
12420 480
12484 480
12544 480
12608 496
12668 496
12732 496
12792 496
12856 480
12916 480
12980 480
13040 455
13104 448
13172 448
13236 448
13296 448
13360 448
13420 448
13484 448
13544 448
13608 449
13668 455
13732 480
13792 480
13856 480
13916 480
13980 480
14040 480
14104 480
14172 480
14236 480
14296 480
14360 455
14420 448
14484 448
14544 448
14608 448
14668 448
14732 448
14792 448
14856 448
14920 451
14980 460
15044 480
15104 480
15172 480
15236 480
15296 480
15360 480
15420 480
15484 480
15544 480
15608 455
15672 454
15732 448
15796 448
15856 448
15920 448
15980 448
52 332
112 224
176 120
236 56
300 24
360 31
424 79
488 158
548 255
612 384
672 496
736 608
796 704
860 771
920 824
988 828
1052 799
1112 768
1176 664
1240 572
1300 480
1364 384
1424 271
1488 199
1548 158
1612 135
1672 143
1736 192
1796 248
1860 319
1920 414
1988 511
2052 608
2116 664
2176 711
2240 768
2300 768
2364 711
2424 670
2488 608
2548 529
2612 451
2672 384
2736 316
2796 255
2860 224
2924 224
2984 224
3052 255
3116 316
3176 384
3240 448
3300 510
3364 572
3424 624
3488 654
3548 671
3612 670
3676 639
3736 624
3800 568
3860 508
3924 448
3984 387
4052 352
4116 304
4176 284
4240 271
4300 287
4364 318
4428 384
4488 399
4552 448
4612 508
4676 543
4736 583
4800 608
4860 624
4924 624
4984 608
5052 568
5116 527
5180 480
5240 448
5304 396
5364 384
5428 335
5488 319
5552 319
5612 332
5676 384
5736 384
5800 419
5860 459
5924 504
5984 527
6048 560
6116 575
6180 575
6240 575
6304 560
6364 536
6428 508
6488 480
6552 448
6612 403
6676 384
6736 384
6800 384
6860 384
6924 384
6988 384
7048 408
7116 448
7180 480
7240 504
7304 519
7364 540
7428 543
7488 547
7552 543
7612 527
7676 512
7740 496
7800 480
7864 448
7924 415
7988 396
8048 384
8112 384
8180 384
8240 391
8304 408
8364 448
8428 448
8492 480
8552 496
8616 510
8676 519
8740 527
8800 527
8864 519
8924 511
8988 504
9048 480
9112 455
9180 448
9244 415
9304 412
9368 399
9428 399
9492 399
9552 412
9616 419
9676 448
9740 449
9800 480
9864 496
9924 504
9988 508
10048 511
10112 511
10180 508
10244 504
10304 496
10368 480
10428 451
10492 448
10552 448
10616 415
10676 415
10740 415
10800 415
10864 419
10928 448
10988 448
11052 454
11112 480
11176 480
11244 496
11304 504
11368 504
11428 504
11492 496
11552 496
11616 480
11680 480
11740 455
11804 448
11864 448
11928 448
11988 448
12052 448
12112 448
12176 448
12244 448
12304 448
12368 455
12432 480
12492 480
12556 480
12616 496
12680 496
12740 496
12804 496
12864 480
12928 480
12988 480
13052 455
13112 448
13176 448
13244 448
13308 448
13368 448
13432 448
13492 448
13556 448
13616 451
13680 455
13740 480
13804 480
13864 480
13928 480
13988 480
14052 480
14112 480
14176 480
14240 480
14308 480
14368 455
14432 449
14492 448
14556 448
14616 448
14680 448
14740 448
14804 448
14864 448
14928 451
14992 448
15052 480
15116 480
15176 480
15240 480
15308 480
15368 480
15432 480
15492 480
15556 480
15616 455
15680 454
15744 449
15804 448
15868 448
15928 448
15992 448
