24 1023
92 224
152 127
216 56
276 3
340 0
404 12
464 63
528 156
588 255
652 384
712 512
776 636
836 768
900 831
960 896
1024 908
1092 896
1156 846
1216 768
1280 670
1340 547
1404 448
1464 312
1528 199
1588 120
1652 60
1712 31
1776 33
1836 71
1900 143
1960 240
2024 352
2088 480
2156 591
2216 704
2280 782
2340 839
2404 896
2464 896
2528 831
2588 771
2652 704
2712 583
2776 480
2840 384
2900 255
2964 192
3024 112
3088 67
3156 63
3216 96
3280 152
3340 240
3404 327
3464 448
3528 543
3588 639
3652 768
3716 798
3776 831
3840 839
3900 828
3964 769
4024 704
4088 608
4156 504
4216 387
4280 287
4340 224
4404 143
4468 112
4528 96
4592 112
4652 156
4716 224
4776 312
4840 399
4900 508
4964 608
5024 704
5088 768
5148 796
5216 816
5280 799
5344 768
5404 704
5468 624
5528 524
5592 448
5652 335
5716 255
5776 192
5840 143
5900 126
5964 127
6024 159
6088 224
6148 287
6220 385
6280 480
6344 574
6404 647
6468 736
6528 768
6592 782
6652 775
6716 768
6776 704
6840 636
6900 543
6964 455
7028 384
7088 287
7152 224
7220 192
7280 152
7344 152
7404 192
7468 224
7528 287
7592 384
7652 448
7716 536
7780 624
7840 675
7904 768
7964 768
8028 768
8088 768
8152 704
8212 639
8280 568
8344 480
8404 396
8468 319
8532 255
8592 224
8656 192
8716 192
8780 192
8840 224
8904 280
8964 352
9028 419
9088 504
9152 575
9212 639
9280 704
9344 768
9408 768
9468 768
9532 704
9592 639
9656 575
9716 508
9780 448
9840 384
9904 287
9964 248
10028 224
10088 192
10152 199
10216 224
10276 270
10340 327
10404 399
10464 480
10528 543
10592 608
10652 659
10716 704
10776 711
10840 710
10900 704
10964 647
11024 608
11088 527
11148 457
11212 387
11272 327
11340 271
11404 240
11468 224
11528 224
11592 240
11652 271
11716 319
11776 384
11840 448
11900 515
11964 575
12024 636
12088 671
12148 704
12212 704
12276 704
12344 639
12404 608
12468 542
12528 480
12592 412
12652 384
12716 304
12776 255
12840 240
12900 240
12964 248
13028 271
13088 318
13152 384
13212 448
13276 496
13336 547
13404 608
13468 639
13528 670
13592 671
13652 670
13716 639
13780 608
13840 551
13904 504
13964 448
14028 384
14088 319
14152 287
14212 255
14276 252
14336 255
14404 280
14468 318
14532 384
14592 415
14656 480
14716 527
14780 575
14840 624
14904 639
14964 655
15028 655
15088 639
15152 608
15212 572
15276 512
15336 455
15400 399
15468 352
15532 316
15592 284
15656 263
15716 263
15780 286
15840 316
15904 352
15964 399
32 384
92 254
156 142
216 60
280 3
348 0
412 14
472 71
536 159
596 270
660 391
720 519
784 639
844 768
908 831
968 896
1032 910
1092 896
1156 864
1220 768
1280 670
1344 540
1412 415
1472 295
1536 192
1596 112
1660 56
1720 30
1784 35
1844 96
1908 152
1972 252
2032 384
2096 480
2156 588
2220 704
2280 782
2344 839
2412 896
2472 896
2536 831
2596 768
2660 671
2724 572
2784 455
2848 352
2908 248
2972 159
3032 112
3096 63
3156 63
3220 96
3280 156
3344 240
3412 352
3472 448
3536 560
3600 655
3660 768
3724 799
3784 831
3848 839
3908 824
3972 768
4032 704
4096 608
4156 496
4220 387
4280 287
4344 224
4404 143
4476 112
4536 96
4600 120
4660 159
4724 240
4784 318
4848 414
4908 512
4972 608
5032 704
5096 768
5156 798
5220 816
5284 799
5344 768
5408 704
5476 608
5536 513
5600 415
5660 327
5724 252
5784 192
5848 140
5908 126
5972 127
6036 192
6096 224
6160 304
6220 384
6284 480
6344 572
6408 639
6476 768
6536 768
6600 783
6660 775
6724 768
6788 704
6848 632
6912 543
6972 451
7036 384
7096 287
7160 224
7220 192
7284 152
7344 152
7408 192
7468 224
7536 287
7600 384
7664 454
7724 542
7788 624
7848 704
7912 768
7972 768
8036 768
8096 768
8160 704
8220 638
8284 568
8344 480
8408 399
8472 319
8540 254
8600 224
8664 192
8724 192
8788 192
8848 240
8912 286
8972 384
9036 448
9096 510
9160 579
9224 639
9284 704
9348 768
9408 768
9472 768
9532 704
9596 639
9660 575
9724 508
9784 448
9848 384
9908 287
9972 240
10032 224
10096 192
10156 195
10220 240
10280 271
10344 327
10404 399
10468 480
10528 543
10600 624
10660 670
10724 704
10784 736
10848 710
10908 704
10972 639
11032 588
11096 519
11156 449
11220 384
11280 319
11344 270
11408 240
11468 224
11532 224
11600 240
11660 271
11724 323
11784 387
11848 455
11908 519
11972 583
12032 638
12096 671
12160 704
12220 704
12284 704
12344 639
12408 608
12468 542
12532 480
12592 414
12660 352
12724 294
12784 255
12848 240
12912 240
12972 252
13036 271
13096 319
13160 384
13220 448
13284 504
13344 551
13408 608
13468 639
13532 671
13592 671
13660 668
13724 639
13788 608
13848 547
13912 496
13972 448
14036 384
14096 319
14160 287
14220 255
14284 252
14344 255
14408 280
14468 316
14532 384
14592 415
14656 480
14724 536
14788 579
14848 632
14912 647
14972 659
15036 655
15096 639
15160 608
15220 568
15284 511
15344 451
15408 399
15472 352
15532 316
15596 284
15656 255
15724 263
15788 286
15848 318
15912 384
15972 401
40 384
104 240
164 127
228 56
288 0
352 0
412 15
476 71
536 159
600 271
664 408
728 542
792 655
852 768
916 844
976 896
1040 910
1100 896
1164 839
1224 768
1288 655
1348 540
1412 414
1472 291
1536 192
1596 112
1668 48
1728 28
1792 39
1852 96
1916 159
1976 255
2040 384
2100 496
2164 608
2224 704
2288 785
2348 846
2412 896
2476 896
2536 830
2600 768
2668 668
2728 560
2792 448
2852 334
2916 240
2976 156
3040 96
3100 63
3164 63
3228 112
3288 159
3352 248
3412 352
3476 448
3536 560
3600 654
3660 768
3728 799
3792 831
3852 831
3916 816
3980 768
4040 704
4104 583
4164 496
4228 384
4288 284
4352 199
4412 135
4476 112
4536 96
4600 120
4660 159
4728 248
4792 319
4856 448
4916 521
4980 624
5040 704
5104 768
5164 799
5228 816
5288 798
5352 768
5412 704
5476 608
5536 513
5600 415
5664 319
5724 248
5792 192
5856 135
5916 126
5980 134
6040 192
6104 240
6164 312
6228 391
6288 496
6352 575
6416 655
6476 768
6540 768
6600 783
6664 775
6724 768
6792 704
6856 624
6916 529
6980 448
7040 384
7104 280
7168 224
7228 192
7292 152
7352 156
7416 192
7476 240
7540 291
7600 384
7664 455
7724 542
7792 632
7856 704
7920 768
7980 768
8044 768
8104 768
8168 704
8228 632
8292 560
8352 480
8416 391
8476 319
8540 255
8600 224
8664 192
8724 192
8788 192
8856 240
8920 287
8980 384
9044 448
9104 513
9168 590
9228 652
9292 704
9352 768
9416 768
9476 768
9540 704
9600 638
9664 574
9728 504
9788 448
9856 352
9920 286
9980 240
10044 224
10104 193
10168 224
10228 240
10292 286
10352 352
10416 415
10480 496
10540 560
10604 624
10664 668
10728 704
10788 711
10856 704
10920 704
10980 638
11044 575
11104 512
11168 448
11232 384
11292 316
11356 255
11416 240
11480 224
11540 224
11604 248
11664 280
11728 327
11788 391
11852 459
11920 531
11984 608
12044 639
12108 675
12168 704
12232 704
12292 671
12356 639
12416 591
12480 536
12540 480
12604 401
12664 352
12728 291
12788 255
12852 240
12920 240
12984 252
13044 280
13108 319
13168 384
13232 448
13292 508
13356 568
13416 624
13480 647
13540 671
13604 675
13668 668
13728 639
13792 608
13852 543
13916 496
13984 448
14044 384
14108 319
14168 280
14232 255
14292 252
14356 255
14420 284
14480 319
14544 384
14604 419
14668 480
14728 536
14792 583
14852 632
14916 639
14984 659
15044 655
15108 636
15172 608
15232 560
15296 504
15356 448
15420 391
15480 352
15544 312
15604 280
15668 263
15728 270
15792 287
15852 319
15916 384
15984 414
52 335
112 224
176 120
236 35
300 0
360 0
424 24
484 96
548 192
608 291
672 415
732 543
796 670
860 769
928 864
988 897
1052 911
1112 896
1176 830
1236 768
1300 636
1360 512
1424 387
1484 271
1548 192
1612 96
1672 48
1736 28
1796 48
1860 96
1928 192
1988 280
2052 391
2112 511
2176 632
2236 768
2300 799
2364 864
2424 896
2488 864
2548 824
2612 768
2672 655
2736 543
2796 448
2860 319
2920 224
2988 135
3052 96
3116 62
3176 63
3240 112
3300 192
3364 255
3424 384
3488 480
3548 575
3612 671
3672 768
3736 824
3796 835
3860 835
3920 807
3992 768
4052 664
4116 572
4176 480
4240 384
4300 255
4364 192
4424 127
4488 96
4548 96
4612 124
4672 192
4736 248
4800 335
4860 448
4924 531
4984 632
5048 707
5112 768
5176 799
5236 816
5300 792
5360 768
5424 671
5484 591
5548 504
5608 399
5672 316
5732 240
5796 192
5856 127
5920 124
5980 127
6052 192
6112 248
6176 319
6236 412
6300 508
6360 591
6424 670
6484 768
6548 768
6608 783
6672 771
6732 768
6796 704
6860 608
6920 526
6984 448
7052 352
7112 263
7176 224
7236 163
7300 152
7360 159
7424 192
7484 240
7548 312
7612 384
7672 480
7736 560
7796 636
7860 704
7920 768
7984 768
8044 768
8112 768
8176 704
8236 624
8300 543
8364 455
8424 384
8488 312
8548 248
8612 195
8672 192
8736 192
8796 192
8860 240
8920 291
8984 384
9044 448
9112 527
9176 608
9240 664
9300 705
9364 768
9424 768
9488 736
9548 704
9612 632
9672 568
9736 496
9796 414
9860 352
9920 280
9984 240
10044 199
10108 192
10176 224
10240 248
10300 287
10364 384
10424 448
10488 504
10548 572
10612 632
10672 671
10736 704
10796 736
10860 705
10924 704
10984 636
11048 575
11108 510
11176 448
11240 384
11300 312
11364 255
11424 224
11488 224
11548 224
11612 248
11676 287
11736 352
11800 408
11860 480
11924 540
11984 608
12048 639
12108 704
12176 704
12240 704
12300 671
12364 636
12428 575
12488 519
12552 455
12612 391
12676 335
12736 287
12800 255
12860 240
12924 240
12984 254
13048 287
13108 327
13172 385
13240 454
13304 515
13364 575
13428 624
13488 655
13552 671
13612 671
13676 664
13736 636
13800 590
13860 540
13924 480
13984 415
14048 384
14112 318
14172 280
14240 255
14304 254
14364 255
14428 287
14488 327
14552 384
14612 448
14676 496
14736 543
14800 608
14864 636
14924 652
14988 655
15048 654
15112 636
15172 608
15240 543
15304 496
15364 448
15428 384
15488 352
15552 304
15616 280
15676 263
15740 271
15800 287
15864 319
15924 384
15988 415
