20 1023
84 240
144 135
208 62
272 7
340 0
400 7
464 63
524 152
588 255
648 384
712 511
772 636
836 768
896 831
960 896
1024 910
1084 899
1148 864
1208 775
1272 704
1340 551
1400 448
1464 312
1524 199
1588 120
1648 60
1712 28
1772 31
1836 71
1900 140
1960 240
2024 352
2084 480
2148 575
2208 704
2272 775
2340 844
2400 896
2464 896
2524 835
2588 775
2652 704
2712 583
2776 480
2836 384
2900 255
2960 192
3024 112
3084 63
3148 63
3208 96
3272 140
3332 224
3400 326
3464 448
3528 543
3588 639
3652 768
3712 799
3776 831
3836 839
3900 828
3960 771
4024 704
4084 608
4148 510
4208 399
4272 304
4336 224
4404 143
4464 112
4528 96
4588 112
4652 152
4712 224
4776 304
4836 399
4900 504
4960 608
5024 704
5088 768
5148 798
5212 816
5272 803
5336 768
5396 707
5460 632
5524 540
5584 448
5648 352
5712 255
5772 192
5836 143
5896 126
5960 127
6020 158
6084 224
6144 284
6208 384
6268 455
6332 543
6392 636
6460 707
6524 768
6588 782
6648 780
6712 768
6772 705
6836 639
6896 568
6960 480
7020 384
7084 312
7144 240
7208 192
7268 156
7332 147
7392 192
7464 224
7524 273
7588 384
7648 448
7712 519
7772 608
7836 670
7896 736
7960 768
8020 768
8084 768
8144 704
8208 647
8272 575
8332 504
8396 415
8456 352
8524 255
8588 224
8648 192
8712 192
8772 192
8836 224
8896 268
8960 335
9024 412
9084 496
9148 572
9208 636
9272 704
9332 768
9396 768
9456 768
9524 704
9588 639
9648 583
9712 512
9776 448
9836 384
9900 304
9960 252
10024 224
10084 192
10148 195
10208 224
10272 255
10332 319
10396 387
10456 480
10520 542
10588 608
10652 655
10712 704
10776 711
10836 707
10900 704
10960 639
11024 608
11084 531
11148 480
11208 391
11272 327
11332 280
11396 248
11460 224
11520 224
11588 240
11652 271
11712 319
11776 384
11836 448
11900 512
11960 575
12024 632
12084 668
12148 704
12212 704
12272 640
12336 639
12396 608
12460 543
12520 496
12588 415
12652 384
12712 312
12776 255
12836 248
12900 240
12964 252
13024 271
13088 316
13148 384
13212 448
13272 496
13336 543
13396 608
13460 639
13520 668
13584 671
13652 668
13712 639
13776 608
13840 560
13900 504
13964 448
14024 384
14088 327
14148 287
14212 255
14272 254
14336 255
14396 271
14460 316
14520 384
14584 412
14652 480
14716 527
14776 575
14840 624
14900 639
14964 655
15024 655
15088 639
15148 608
15212 568
15272 512
15336 455
15396 401
15460 384
15524 316
15584 286
15652 255
15716 511
15776 284
15840 312
15900 352
15964 398
28 384
92 252
152 135
216 60
276 1
340 0
404 7
464 63
532 159
596 271
656 396
720 526
780 647
844 768
904 839
968 896
1028 911
1092 896
1156 864
1216 768
1280 668
1340 543
1404 419
1464 304
1528 192
1596 112
1656 48
1720 24
1780 31
1844 78
1908 152
1968 252
2032 384
2092 480
2156 608
2216 704
2280 792
2340 864
2404 896
2464 896
2528 839
2596 768
2660 671
2720 572
2784 451
2844 352
2908 240
2968 152
3032 96
3092 62
3156 62
3216 96
3280 145
3340 240
3404 327
3464 448
3528 547
3592 664
3660 768
3720 807
3784 839
3844 864
3908 824
3968 768
4032 704
4092 608
4156 496
4216 384
4280 287
4344 199
4404 135
4468 96
4528 96
4592 112
4660 158
4720 240
4784 319
4844 415
4908 518
4968 624
5032 704
5096 768
5156 803
5220 824
5280 799
5344 768
5404 704
5468 624
5528 519
5592 448
5660 319
5720 248
5784 192
5848 127
5908 120
5972 127
6032 159
6096 224
6156 304
6220 385
6280 480
6344 575
6404 655
6468 768
6528 768
6592 783
6652 783
6720 768
6784 704
6844 632
6908 543
6972 449
7032 384
7096 284
7156 224
7220 192
7280 143
7344 143
7404 192
7468 224
7528 284
7592 384
7652 448
7720 543
7784 624
7848 704
7908 768
7972 768
8032 768
8096 768
8156 704
8220 639
8280 572
8344 496
8404 399
8468 319
8528 255
8592 224
8652 192
8724 163
8784 192
8848 224
8908 275
8972 352
9032 448
9096 508
9156 575
9220 639
9280 704
9344 768
9404 768
9468 768
9532 704
9592 639
9656 583
9716 512
9784 448
9848 384
9908 287
9972 240
10032 199
10096 192
10156 195
10220 224
10284 270
10344 327
10408 399
10468 480
10532 543
10592 624
10656 664
10716 704
10784 736
10848 711
10908 704
10972 639
11036 590
11096 521
11160 449
11220 384
11284 319
11344 263
11408 240
11468 224
11532 224
11592 240
11656 268
11716 319
11780 387
11848 455
11912 521
11972 583
12036 639
12096 671
12160 704
12220 704
12284 704
12344 639
12408 608
12468 540
12532 480
12592 412
12656 352
12716 295
12780 255
12848 240
12912 240
12972 248
13036 273
13096 319
13160 384
13220 448
13284 504
13344 560
13408 608
13468 639
13532 671
13596 704
13656 670
13720 639
13780 608
13848 543
13912 496
13972 448
14036 384
14096 319
14160 286
14220 255
14284 252
14348 255
14408 280
14472 318
14532 384
14596 415
14656 480
14720 527
14780 575
14844 624
14912 647
14972 655
15036 655
15100 638
15160 608
15224 560
15284 508
15348 448
15408 391
15472 352
15532 312
15596 280
15656 255
15720 263
15780 286
15844 316
15912 384
15976 408
40 384
104 240
164 127
228 56
288 0
352 0
412 15
476 71
536 159
600 271
664 399
724 527
792 664
856 768
916 844
980 896
1040 910
1104 896
1164 831
1228 768
1288 647
1352 527
1416 408
1476 287
1540 192
1600 112
1664 56
1724 30
1792 48
1856 96
1916 163
1980 255
2040 384
2104 504
2168 608
2228 707
2292 796
2352 847
2416 896
2476 896
2540 830
2600 768
2664 671
2724 568
2788 449
2856 327
2920 240
2980 145
3044 96
3104 63
3168 67
3228 112
3292 159
3352 252
3416 352
3476 451
3540 568
3600 659
3664 768
3724 799
3788 831
3856 831
3920 816
3980 768
4044 671
4104 575
4168 480
4228 384
4292 280
4352 193
4416 135
4476 112
4540 96
4604 120
4664 159
4728 240
4788 319
4852 448
4920 527
4980 632
5044 704
5104 768
5168 799
5228 816
5292 798
5356 768
5416 704
5480 608
5540 511
5604 414
5664 319
5728 248
5788 192
5852 134
5920 124
5980 127
6044 192
6108 240
6168 316
6232 399
6292 504
6356 583
6416 664
6480 768
6540 768
6604 783
6664 775
6728 768
6788 704
6852 624
6920 526
6984 448
7044 352
7108 271
7168 224
7232 192
7292 147
7356 156
7416 192
7480 240
7540 304
7604 384
7664 480
7728 543
7788 632
7852 704
7916 768
7984 768
8044 768
8108 768
8168 704
8232 632
8292 547
8356 480
8416 385
8480 316
8540 252
8604 199
8668 192
8728 192
8792 192
8852 240
8916 287
8984 384
9044 448
9108 519
9168 608
9232 655
9292 704
9356 768
9420 768
9480 768
9544 704
9604 638
9668 572
9728 496
9792 415
9852 352
9916 286
9984 240
10044 199
10108 192
10172 199
10232 240
10296 286
10356 352
10420 415
10480 496
10544 568
10604 632
10668 671
10728 704
10792 736
10852 711
10916 704
10976 639
11048 575
11108 511
11172 448
11232 384
11296 316
11356 255
11420 240
11480 224
11544 224
11604 248
11668 280
11728 327
11792 391
11856 480
11916 527
11980 588
12048 639
12108 704
12172 704
12232 704
12296 671
12356 639
12420 590
12480 527
12544 480
12608 399
12668 352
12732 287
12792 255
12856 240
12916 240
12980 252
13040 280
13108 323
13172 384
13232 448
13296 510
13360 572
13420 624
13484 647
13544 671
13608 704
13668 668
13732 639
13792 608
13856 543
13916 496
13980 448
14040 384
14108 318
14172 280
14236 255
14296 252
14360 255
14420 286
14484 319
14544 384
14608 448
14668 496
14732 540
14792 583
14856 632
14916 647
14980 655
15040 654
15112 636
15172 608
15236 543
15296 504
15360 448
15420 387
15484 352
15544 312
15608 280
15668 263
15732 270
15792 287
15856 319
15916 384
15980 412
52 334
112 224
176 112
236 31
300 0
360 0
424 24
484 96
548 192
608 291
672 419
732 547
796 671
860 771
920 864
984 897
1052 911
1112 896
1176 830
1236 768
1300 636
1360 511
1424 384
1484 263
1548 163
1612 96
1672 39
1736 28
1796 48
1860 96
1920 192
1984 268
2052 391
2112 512
2176 632
2236 768
2300 803
2364 864
2424 896
2488 768
2548 824
2612 768
2672 655
2736 543
2796 448
2860 319
2920 224
2984 135
3052 96
3112 60
3176 63
3240 112
3300 192
3364 255
3424 384
3488 480
3548 575
3612 671
3672 768
3736 816
3796 839
3860 839
3920 807
3984 768
4044 671
4116 572
4176 480
4240 384
4300 255
4364 192
4424 127
4488 96
4548 96
4612 124
4672 192
4736 248
4796 327
4860 448
4924 529
4984 632
5048 704
5116 769
5176 803
5240 816
5300 792
5364 768
5424 675
5488 591
5548 504
5612 399
5676 316
5736 240
5800 192
5860 127
5924 124
5984 127
6048 192
6108 248
6176 319
6240 414
6300 508
6364 608
6428 671
6488 768
6552 769
6612 783
6676 774
6736 768
6800 704
6860 608
6924 524
6984 448
7048 352
7108 271
7176 224
7240 159
7304 143
7364 158
7428 192
7488 248
7552 312
7612 385
7676 480
7736 560
7800 636
7860 704
7924 768
7984 768
8048 768
8112 768
8180 704
8240 624
8304 542
8364 455
8428 384
8488 304
8552 248
8612 195
8676 192
8736 192
8800 193
8864 240
8924 291
8988 384
9048 448
9112 519
9172 608
9240 664
9304 704
9364 768
9428 768
9488 736
9552 704
9616 632
9676 560
9740 496
9800 412
9864 352
9924 275
9988 240
10048 199
10112 193
10172 224
10240 248
10304 291
10368 384
10428 448
10492 504
10552 572
10616 636
10676 671
10740 704
10800 711
10864 704
10924 675
10988 636
11048 575
11112 510
11172 448
11244 384
11304 312
11368 255
11428 240
11492 224
11552 224
11616 252
11676 287
11740 352
11800 408
11864 480
11924 540
11988 608
12048 639
12112 675
12176 704
12236 704
12304 670
12368 632
12428 575
12492 515
12552 451
12616 387
12676 327
12740 286
12800 254
12864 240
12928 240
12988 255
13052 287
13112 334
13176 387
13236 449
13304 519
13368 575
13428 632
13492 655
13552 675
13616 704
13680 664
13740 636
13804 588
13864 536
13928 480
13988 415
14052 384
14112 316
14176 271
14236 254
14300 252
14364 255
14428 287
14488 323
14552 384
14616 448
14676 496
14740 543
14800 608
14864 636
14924 655
14988 664
15048 655
15112 636
15172 608
15236 547
15296 504
15364 448
15428 384
15492 332
15552 295
15616 271
15676 255
15740 263
15800 287
15864 319
15924 384
15988 415
