16 1023
80 254
140 159
204 96
264 31
328 7
388 15
452 63
512 135
580 252
644 384
704 496
768 608
832 711
892 799
956 864
1016 896
1080 896
1140 839
1204 769
1264 704
1328 574
1388 455
1452 352
1512 240
1580 143
1644 96
1708 60
1768 62
1832 96
1892 158
1956 248
2016 352
2080 448
2140 568
2204 655
2264 768
2328 799
2388 831
2452 839
2516 824
2576 768
2640 704
2704 583
2764 496
2828 384
2892 284
2952 195
3016 135
3076 112
3140 96
3200 120
3264 159
3324 240
3388 319
3448 415
3512 513
3572 624
3640 704
3704 768
3768 798
3828 803
3892 785
3952 768
4016 704
4076 608
4140 510
4200 414
4264 319
4324 248
4388 192
4448 143
4512 127
4576 135
4644 192
4704 248
4768 319
4828 408
4892 504
4952 579
5016 655
5076 736
5140 768
5200 771
5264 768
5328 768
5388 704
5452 608
5512 527
5576 448
5636 384
5704 273
5768 224
5828 192
5892 159
5952 192
6016 195
6080 252
6140 316
6204 384
6264 480
6328 543
6388 624
6452 704
6512 992
6576 768
6636 768
6704 711
6768 668
6832 608
6892 536
6956 455
7016 384
7080 316
7140 255
7204 224
7264 192
7328 192
7388 224
7452 254
7512 312
7576 384
7636 448
7700 527
7768 608
7832 647
7892 704
7956 711
8016 736
8080 704
8140 664
8204 608
8264 543
8328 480
8388 412
8452 352
8512 287
8576 252
8640 224
8700 224
8768 240
8832 255
8892 316
8956 384
9016 448
9080 504
9140 568
9204 624
9264 657
9328 704
9392 704
9452 704
9516 655
9576 624
9640 560
9700 504
9768 448
9832 384
9892 316
9956 270
10016 252
10080 240
10144 248
10204 270
10268 316
10328 384
10392 415
10452 480
10516 542
10576 591
10640 636
10700 659
10764 671
10832 670
10896 639
10956 608
11020 568
11080 508
11144 448
11204 387
11268 352
11328 295
11392 268
11452 255
11516 255
11576 275
11640 312
11700 384
11764 399
11832 480
11896 519
11956 574
12020 608
12080 639
12144 652
12204 652
12268 638
12328 608
12392 572
12452 513
12516 480
12580 414
12640 384
12704 319
12764 287
12832 271
12896 271
12956 287
13020 318
13080 384
13144 399
13204 448
13268 504
13332 543
13392 583
13456 624
13516 636
13580 638
13640 632
13704 608
13764 572
13828 524
13896 480
13956 448
14020 384
14084 352
14144 318
14208 304
14268 287
14332 304
14392 319
14456 384
14516 391
14580 448
14640 480
14704 524
14764 568
14828 591
14896 608
14960 624
15020 608
15084 588
15144 568
15208 524
15268 496
15332 448
15392 399
15456 384
15516 335
15580 319
15640 316
15704 318
15764 327
15828 384
15892 387
15960 448
