20 1023
84 240
144 143
208 71
268 30
332 24
392 56
456 120
520 224
588 327
648 448
712 575
772 675
836 768
896 828
960 839
1020 830
1084 783
1144 711
1208 624
1272 511
1332 399
1396 295
1456 224
1520 145
1588 120
1648 120
1712 142
1772 199
1836 280
1896 384
1960 480
2024 572
2084 647
2148 736
2208 768
2272 771
2332 768
2396 736
2456 655
2520 575
2580 496
2648 387
2712 316
2776 248
2836 198
2900 192
2960 192
3024 224
3084 255
3148 319
3208 399
3272 480
3332 560
3396 632
3456 671
3520 704
3580 711
3652 704
3712 655
3776 608
3836 536
3900 480
3960 391
4024 327
4084 280
4148 248
4208 240
4272 240
4332 255
4396 312
4456 384
4520 448
4584 496
4652 560
4712 608
4776 639
4836 664
4900 664
4960 639
5024 624
5084 572
5148 511
5208 451
5272 391
5336 352
5396 312
5460 286
5520 271
5584 286
5644 312
5712 352
5776 391
5836 448
5900 504
5960 543
6024 579
6088 608
6148 632
6212 624
6272 608
6336 575
6396 540
6460 496
6520 448
6584 399
6644 384
6712 327
6776 316
6840 316
6900 319
6964 352
7024 384
7088 415
7148 455
7212 504
7272 540
7336 572
7396 583
7460 608
7520 591
7584 575
7644 547
7708 515
7772 480
7836 448
7900 399
7960 384
8024 352
8084 352
8148 352
8208 352
8272 384
8332 391
8396 448
8456 480
8520 504
8580 526
8644 547
8704 568
8776 574
8836 568
8900 547
8960 527
9024 504
9084 480
9148 448
9208 412
9272 384
9332 384
9396 384
9456 384
9520 384
9584 384
9644 412
9708 448
9776 480
9836 496
9900 515
9960 536
10024 543
10084 543
10148 543
10208 527
10272 512
10336 496
10396 480
10460 448
10520 415
10584 399
10644 384
10708 384
10768 384
10836 391
10900 408
10960 448
11024 448
11088 480
11148 496
11212 510
11272 519
11336 527
11396 527
11460 524
11520 512
11584 504
11644 480
11708 455
11768 448
11836 419
11900 408
11964 399
12024 396
12088 399
12148 408
12212 415
12272 448
12336 449
12396 480
12460 496
12520 504
12584 511
12644 513
12708 513
12772 512
12832 508
12900 496
12964 480
13024 455
13088 448
13148 448
13212 415
13272 414
13336 412
13396 414
13460 415
13524 448
13584 448
13648 455
13708 480
13772 496
13832 504
13900 508
13964 510
14024 508
14088 508
14148 496
14212 480
14276 480
14336 455
14400 448
14460 448
14524 448
14584 415
14648 415
14708 415
14772 448
14832 448
14900 448
14964 455
15028 480
15088 480
15152 496
15212 504
15276 504
15336 504
15400 496
15460 496
15524 480
15584 480
15648 449
15708 448
15772 448
15832 448
15896 448
15964 448
28 384
92 252
152 143
216 63
276 30
340 28
400 62
464 127
528 224
588 352
652 480
720 608
780 704
844 775
904 830
968 839
1028 828
1092 771
1152 704
1216 608
1280 496
1340 384
1404 280
1464 195
1528 135
1588 112
1652 120
1712 143
1780 224
1844 291
1904 387
1968 496
2032 583
2092 668
2156 768
2216 768
2280 769
2340 768
2404 704
2464 639
2528 568
2588 480
2652 384
2712 312
2780 240
2844 192
2908 192
2968 192
3032 224
3092 271
3156 352
3216 415
3280 504
3340 574
3404 638
3464 704
3528 705
3588 707
3652 704
3716 647
3784 585
3844 519
3908 448
3968 384
4032 319
4092 271
4156 248
4216 240
4280 248
4340 271
4404 318
4468 384
4528 448
4592 504
4652 568
4716 608
4776 639
4844 659
4908 655
4968 639
5032 608
5092 560
5156 504
5220 448
5280 385
5344 352
5404 312
5468 286
5528 275
5592 287
5652 316
5716 384
5776 398
5844 451
5908 508
5972 547
6032 588
6096 624
6156 632
6220 624
6280 608
6344 572
6404 527
6468 496
6528 448
6592 391
6652 384
6716 327
6776 318
6840 316
6904 319
6968 352
7032 384
7092 415
7156 455
7216 504
7280 540
7340 572
7404 583
7464 591
7528 583
7588 574
7652 543
7712 512
7776 480
7836 448
7908 399
7968 384
8032 352
8092 352
8156 352
8216 256
8280 384
8340 399
8404 448
8464 480
8528 504
8588 527
8652 547
8716 568
8776 572
8840 568
8908 543
8968 519
9032 504
9092 480
9156 448
9216 403
9280 384
9340 384
9404 384
9468 384
9528 384
9592 385
9652 414
9716 448
9776 480
9840 496
9900 515
9968 536
10032 543
10092 543
10156 543
10220 527
10280 511
10344 496
10404 480
10468 448
10528 415
10592 396
10652 384
10716 384
10776 384
10840 387
10900 401
10968 448
11032 448
11096 480
11156 496
11220 510
11280 519
11344 527
11404 527
11468 527
11528 512
11592 504
11652 480
11716 455
11776 448
11840 419
11900 408
11964 398
12032 391
12096 398
12156 408
12220 415
12280 448
12344 451
12404 480
12468 496
12528 504
12592 511
12652 513
12716 513
12780 511
12840 504
12904 496
12964 480
13032 451
13096 448
13156 448
13220 415
13280 412
13344 408
13404 414
13468 415
13532 448
13592 448
13656 455
13716 480
13780 496
13840 504
13904 508
13964 510
14032 508
14096 504
14156 496
14220 480
14284 480
14344 449
14408 448
14468 448
14532 419
14592 415
14656 415
14716 419
14780 448
14840 448
14904 448
14964 480
15028 480
15096 496
15160 496
15220 504
15284 504
15344 504
15408 496
15468 480
15532 480
15592 480
15656 448
15716 448
15780 448
15840 448
15904 448
15968 448
40 384
100 240
164 127
224 63
288 30
348 31
412 67
472 143
536 248
596 384
660 480
720 608
784 704
844 775
916 831
976 839
1040 824
1100 768
1164 704
1224 583
1288 480
1348 384
1412 263
1472 192
1536 127
1596 112
1660 120
1724 156
1784 224
1848 304
1916 399
1976 508
2040 608
2100 671
2164 768
2224 768
2288 768
2348 768
2412 704
2476 636
2536 547
2600 480
2660 384
2724 295
2784 240
2848 193
2908 192
2976 192
3040 224
3100 284
3164 352
3228 448
3288 510
3352 575
3412 639
3476 704
3536 705
3600 705
3660 704
3724 639
3784 583
3848 519
3908 448
3976 384
4040 318
4104 263
4164 248
4228 240
4288 248
4352 271
4412 319
4476 384
4536 448
4600 510
4660 572
4724 624
4784 639
4848 655
4908 655
4980 638
5040 608
5104 547
5164 496
5228 448
5288 384
5352 334
5412 304
5476 284
5536 280
5600 287
5660 319
5724 384
5788 399
5848 455
5912 510
5972 551
6040 608
6104 624
6164 632
6228 624
6288 608
6352 572
6412 524
6476 480
6540 448
6600 387
6664 384
6724 319
6788 316
6848 316
6912 319
6972 352
7040 384
7104 448
7164 480
7228 510
7292 543
7352 574
7416 588
7476 608
7540 583
7600 572
7664 543
7724 510
7788 480
7848 448
7912 396
7972 384
8040 352
8104 352
8168 352
8228 384
8292 384
8352 408
8416 448
8476 480
8540 508
8600 531
8664 560
8724 572
8788 572
8848 568
8912 543
8976 519
9036 496
9104 455
9168 448
9228 399
9292 384
9352 384
9416 384
9476 384
9540 384
9600 391
9664 415
9728 448
9788 480
9852 504
9912 519
9976 540
10036 543
10104 543
10168 540
10228 519
10292 508
10352 480
10416 451
10480 448
10540 412
10604 391
10664 384
10728 384
10788 384
10852 391
10912 412
10976 448
11036 449
11100 480
11168 504
11232 512
11292 521
11356 536
11416 527
11480 519
11540 511
11604 496
11664 480
11728 451
11788 448
11852 415
11912 403
11976 398
12036 391
12100 399
12168 412
12232 419
12292 448
12356 455
12416 480
12480 496
12540 508
12604 511
12664 512
12728 512
12788 510
12852 504
12912 480
12976 480
13040 449
13100 448
13168 448
13232 415
13292 412
13356 412
13416 415
13480 448
13540 448
13604 448
13664 480
13728 480
13792 496
13852 504
13916 508
13976 508
14040 508
14100 504
14164 496
14232 480
14292 480
14356 448
14416 448
14480 448
14544 419
14604 415
14668 415
14728 448
14792 448
14852 448
14916 449
14976 480
15040 480
15100 496
15164 496
15232 504
15296 504
15356 496
15420 496
15480 480
15544 480
15604 455
15668 448
15728 448
15792 448
15852 448
15916 448
15976 448
56 319
120 224
180 112
244 48
304 24
368 31
428 96
492 163
556 270
616 387
680 512
740 632
804 768
864 799
928 831
988 839
1056 816
1120 768
1180 655
1244 560
1308 448
1368 352
1432 248
1492 192
1556 126
1616 112
1680 124
1740 192
1804 240
1864 319
1928 419
1988 519
2056 624
2120 704
2184 768
2244 769
2308 768
2368 768
2432 704
2492 608
2556 524
2616 448
2680 352
2740 271
2804 224
2864 192
2928 192
2992 192
3052 240
3120 295
3184 384
3244 448
3308 527
3368 608
3432 655
3492 704
3556 711
3616 705
3680 704
3744 636
3804 574
3868 504
3928 448
3992 384
4052 304
4120 255
4184 240
4244 240
4308 254
4368 287
4432 352
4492 396
4556 480
4620 524
4680 575
4744 632
4804 652
4868 664
4928 655
4992 636
5052 591
5116 542
5180 480
5244 419
5308 384
5368 319
5432 291
5492 280
5556 280
5616 291
5680 323
5740 384
5804 415
5864 480
5928 519
5988 568
6052 608
6112 624
6184 632
6244 624
6308 590
6368 560
6432 512
6492 480
6556 415
6616 384
6680 352
6740 319
6804 316
6864 316
6928 327
6988 384
7052 391
7116 448
7184 480
7244 518
7308 551
7368 575
7432 591
7492 608
7556 575
7616 568
7680 527
7740 504
7804 455
7868 415
7928 385
7992 384
8052 352
8116 352
8176 352
8244 384
8308 384
8368 415
8432 448
8492 480
8556 512
8620 542
8680 560
8744 572
8804 572
8868 560
8928 540
8992 512
9052 496
9116 451
9176 448
9244 391
9308 384
9372 384
9432 384
9496 384
9556 384
9620 399
9680 448
9744 451
9804 480
9868 508
9928 524
9992 542
10052 543
10116 543
10176 536
10240 518
10308 504
10372 480
10432 448
10496 448
10556 408
10620 387
10680 384
10744 384
10804 384
10868 396
10928 415
10992 448
11056 455
11116 480
11180 504
11240 513
11308 526
11372 527
11432 527
11496 519
11556 510
11620 496
11680 480
11744 448
11808 448
11868 415
11932 399
11992 391
12056 391
12116 399
12180 412
12240 448
12308 448
12372 480
12432 480
12496 504
12560 510
12620 512
12684 515
12744 512
12808 511
12868 504
12932 480
12992 480
13056 448
13116 448
13180 415
13240 414
13304 408
13372 408
13436 414
13496 419
13560 448
13620 448
13684 480
13744 480
13808 496
13868 504
13932 508
13992 508
14056 508
14116 504
14180 496
14240 480
14304 459
14372 448
14436 448
14496 448
14560 415
14620 415
14684 415
14744 448
14808 448
14868 448
14932 451
14992 480
15056 480
15120 496
15180 496
15244 504
15304 504
15372 496
15436 496
15496 480
15560 480
15620 451
15684 448
15744 448
15808 448
15872 448
15932 448
15996 448
