24 1023
84 252
148 159
208 96
272 35
332 7
396 3
456 31
520 96
580 159
644 255
704 384
768 480
832 583
892 704
956 768
1024 835
1084 896
1148 896
1208 896
1272 831
1332 768
1396 675
1456 575
1520 480
1584 384
1644 271
1708 192
1768 126
1832 79
1892 62
1956 63
2024 112
2084 158
2148 240
2208 319
2272 415
2336 513
2396 608
2460 704
2520 768
2584 807
2644 831
2708 831
2768 816
2832 768
2892 704
2956 632
3024 527
3084 448
3148 352
3212 255
3272 192
3336 143
3396 120
3460 112
3520 124
3584 158
3644 224
3708 284
3768 384
3832 448
3892 536
3956 624
4016 704
4088 768
4148 775
4212 792
4272 783
4336 768
4396 705
4460 639
4520 574
4584 496
4644 414
4708 332
4768 255
4832 224
4896 192
4956 152
5020 152
5088 192
5148 224
5212 263
5272 332
5336 408
5396 496
5460 560
5520 632
5584 704
5648 768
5708 768
5772 768
5832 768
5896 704
5956 655
6020 608
6080 527
6148 454
6212 384
6272 319
6336 255
6400 224
6460 193
6524 192
6584 192
6648 224
6708 255
6772 312
6832 384
6896 448
6956 508
7020 568
7080 624
7148 670
7212 704
7276 711
7336 707
7400 704
7460 655
7524 624
7584 560
7648 504
7708 448
7772 384
7832 319
7896 271
7956 248
8020 224
8084 224
8152 240
8212 255
8276 304
8336 352
8400 408
8460 480
8524 519
8584 575
8648 632
8708 655
8772 675
8836 704
8896 675
8960 655
9020 632
9084 575
9144 527
9212 480
9276 415
9336 384
9400 319
9460 284
9524 255
9588 252
9648 254
9712 263
9772 295
9836 334
9896 384
9960 448
10020 480
10084 529
10144 575
10212 624
10276 639
10336 655
10400 655
10464 639
10524 624
10588 583
10648 543
10712 504
10772 448
10836 399
10896 384
10960 319
11020 291
11084 280
11144 271
11212 284
11276 304
11340 327
11400 384
11464 412
11524 455
11588 504
11648 543
11712 575
11772 608
11836 632
11896 638
11960 636
12020 624
12084 608
12144 568
12208 519
12276 480
12340 448
12400 387
12464 384
12524 319
12588 312
12648 291
12712 291
12772 312
12836 319
12896 384
12960 384
13024 448
13084 480
13148 510
13208 543
13276 575
13340 608
13400 624
13464 624
13524 608
13588 591
13648 572
13712 540
13776 504
13836 480
13900 448
13960 387
14024 384
14084 335
14148 319
14208 316
14272 318
14336 327
14400 352
14464 384
14524 412
14588 448
14648 480
14712 512
14772 543
14836 572
14896 583
14960 608
15020 608
15084 583
15144 572
15208 543
15268 515
15340 480
15400 448
15464 415
15524 384
15588 384
15648 352
15712 332
15772 327
15836 352
15896 352
15960 384
28 384
92 263
152 192
224 96
284 30
348 1
408 3
472 39
532 112
596 192
656 284
720 387
780 508
844 624
904 705
968 792
1028 864
1092 896
1156 896
1224 864
1284 816
1348 768
1408 654
1472 560
1532 448
1596 352
1656 254
1720 192
1780 112
1844 71
1908 62
1968 71
2032 112
2092 192
2156 252
2216 335
2284 448
2348 543
2408 636
2472 711
2532 775
2596 824
2660 831
2720 831
2784 799
2844 768
2908 704
2968 608
3032 512
3092 415
3156 327
3216 254
3284 192
3348 127
3412 120
3472 112
3536 127
3596 192
3660 240
3720 312
3784 387
3844 480
3908 568
3968 639
4032 704
4092 768
4156 782
4216 792
4280 775
4348 768
4412 704
4472 632
4536 543
4596 480
4660 384
4720 316
4784 252
4844 193
4908 159
4968 152
5032 159
5096 192
5156 224
5220 286
5280 384
5348 448
5412 512
5472 583
5536 639
5596 704
5660 768
5720 768
5784 768
5848 768
5908 704
5972 639
6032 575
6096 510
6156 448
6220 384
6280 312
6348 252
6412 224
6472 192
6536 192
6600 199
6660 240
6724 271
6784 327
6848 391
6908 480
6972 527
7032 590
7096 639
7156 704
7220 705
7280 736
7344 707
7412 704
7476 639
7536 608
7600 536
7660 480
7724 412
7784 352
7848 304
7908 255
7972 240
8032 224
8096 224
8156 248
8220 268
8280 316
8344 384
8412 448
8476 496
8536 543
8600 608
8660 639
8724 670
8784 704
8848 704
8908 671
8972 639
9032 608
9096 568
9160 510
9220 448
9284 391
9344 352
9412 304
9476 263
9536 252
9600 248
9660 254
9724 271
9784 312
9848 352
9912 399
9972 449
10036 508
10096 551
10160 608
10220 632
10284 647
10344 655
10408 655
10476 639
10536 608
10600 574
10664 526
10724 480
10788 448
10848 384
10912 352
10972 312
11036 287
11096 271
11160 271
11220 287
11284 312
11344 352
11408 384
11476 448
11540 480
11600 519
11664 568
11724 608
11788 624
11848 636
11912 638
11972 632
12036 608
12096 575
12160 543
12220 508
12284 455
12348 415
12408 384
12472 352
12540 318
12600 304
12664 287
12724 304
12788 318
12848 352
12912 384
12972 408
13036 448
13100 496
13160 526
13224 568
13284 583
13348 608
13408 624
13472 624
13540 608
13600 575
13664 547
13724 515
13788 480
13852 448
13912 401
13976 384
14036 352
14100 319
14160 318
14224 318
14284 319
14348 352
14408 384
14472 391
14540 448
14600 480
14664 508
14728 536
14788 568
14852 575
14912 608
14976 608
15036 590
15100 575
15160 560
15224 527
15284 504
15348 480
15408 448
15472 391
15532 384
15604 352
15664 332
15728 327
15788 327
15852 352
15912 384
15976 384
40 384
100 254
164 156
224 71
288 24
348 0
412 1
480 48
544 112
604 192
668 287
728 403
792 515
852 632
916 768
976 799
1040 864
1100 896
1164 896
1224 896
1288 816
1352 768
1412 647
1480 542
1544 448
1604 327
1668 240
1728 159
1792 112
1852 63
1916 60
1976 71
2040 120
2104 192
2164 255
2228 352
2288 448
2352 543
2412 639
2480 768
2544 783
2604 828
2668 831
2728 831
2792 798
2856 768
2916 671
2980 588
3040 504
3104 399
3164 318
3228 248
3288 192
3352 127
3412 112
3476 112
3544 127
3604 192
3668 248
3732 318
3792 399
3856 496
3916 574
3980 639
4040 711
4104 768
4164 783
4228 796
4288 775
4352 768
4412 704
4476 632
4544 542
4608 455
4668 384
4732 312
4792 248
4856 192
4916 159
4980 152
5040 159
5104 192
5164 240
5228 287
5288 384
5352 448
5416 511
5476 583
5540 652
5608 704
5668 768
5732 768
5792 768
5856 768
5916 704
5980 638
6040 574
6104 508
6168 448
6228 384
6292 304
6352 254
6416 224
6476 192
6540 192
6608 224
6668 240
6732 284
6792 352
6856 399
6920 480
6980 527
7044 608
7104 639
7168 704
7228 704
7292 711
7352 704
7416 704
7476 639
7540 608
7608 529
7672 480
7732 412
7796 384
7856 304
7920 255
7980 240
8044 224
8104 240
8168 252
8228 280
8292 319
8352 384
8416 448
8476 496
8540 542
8604 590
8672 638
8732 664
8796 671
8856 671
8920 668
8980 639
9044 608
9104 560
9168 508
9228 448
9292 391
9356 352
9416 312
9480 280
9540 255
9604 255
9672 255
9732 286
9796 318
9856 384
9920 403
9980 451
10044 508
10108 551
10168 591
10232 632
10292 639
10356 647
10416 639
10480 636
10540 608
10604 572
10672 519
10732 480
10796 448
10860 384
10920 352
10984 316
11044 287
11108 284
11168 284
11232 287
11292 318
11356 352
11416 384
11480 448
11540 480
11604 513
11664 560
11736 588
11796 624
11860 632
11920 632
11984 624
12044 608
12108 572
12168 536
12232 504
12292 451
12356 415
12416 384
12480 352
12540 319
12604 312
12668 304
12736 312
12796 319
12860 352
12920 384
12984 414
13044 448
13108 496
13168 524
13232 560
13292 575
13356 608
13420 608
13480 608
13544 608
13604 575
13668 543
13728 512
13796 480
13860 448
13920 408
13984 384
14044 384
14108 332
14172 319
14232 319
14296 327
14356 352
14420 384
14480 396
14544 448
14604 480
14668 504
14728 526
14796 560
14860 574
14924 583
14984 583
15048 575
15108 572
15172 547
15232 521
15296 504
15356 480
15420 448
15480 399
15544 384
15604 384
15668 352
15728 352
15800 352
15860 384
15924 384
15984 390
48 352
112 240
172 135
236 63
296 15
360 0
420 3
484 48
548 112
608 193
676 312
740 415
800 536
864 639
924 768
988 816
1048 864
1112 896
1172 896
1236 864
1300 806
1360 768
1424 639
1484 540
1548 448
1608 323
1672 240
1740 145
1800 96
1864 62
1924 60
1988 71
2052 124
2112 192
2176 255
2236 384
2300 455
2360 560
2424 639
2484 768
2548 783
2608 828
2672 839
2740 831
2804 796
2864 768
2928 668
2988 575
3052 496
3112 391
3176 312
3236 240
3300 192
3360 126
3424 112
3484 112
3548 127
3608 192
3672 248
3736 319
3804 412
3864 504
3928 575
3988 655
4052 736
4112 768
4176 792
4236 796
4300 775
4360 768
4424 704
4488 624
4548 540
4612 455
4672 384
4736 304
4804 240
4864 192
4928 159
4988 143
5052 159
5112 192
5176 240
5240 294
5300 384
5364 448
5424 515
5488 590
5548 652
5612 704
5672 768
5736 768
5804 768
5864 768
5928 704
5992 636
6052 572
6116 504
6176 419
6240 384
6300 287
6364 248
6424 224
6488 192
6548 192
6612 199
6672 240
6736 280
6796 352
6868 408
6928 480
6992 543
7052 608
7116 652
7176 704
7240 711
7300 736
7364 705
7424 704
7488 639
7548 591
7612 536
7672 480
7736 408
7800 352
7868 287
7928 255
7992 240
8052 224
8116 224
8176 248
8240 280
8300 319
8364 384
8424 448
8488 504
8552 547
8612 608
8676 639
8736 671
8800 704
8868 704
8928 671
8992 639
9052 608
9116 551
9176 504
9240 448
9304 387
9364 352
9428 304
9488 263
9552 254
9612 252
9676 255
9736 275
9800 316
9860 384
9928 408
9992 480
10056 512
10116 568
10180 608
10240 636
10304 652
10364 664
10428 655
10488 639
10552 624
10612 575
10676 527
10736 480
10800 448
10860 384
10932 352
10992 312
11056 284
11116 270
11180 271
11240 286
11304 312
11364 352
11428 384
11488 448
11552 480
11612 519
11676 568
11740 608
11800 624
11864 638
11924 639
11988 632
12052 608
12116 575
12176 543
12240 508
12300 480
12364 415
12424 384
12488 352
12548 318
12612 304
12672 287
12736 295
12796 316
12860 334
12920 384
12992 408
13052 448
13116 496
13176 527
13240 568
13300 583
13364 608
13424 624
13488 624
13548 608
13612 583
13672 560
13736 519
13800 496
13860 448
13924 412
13992 384
14052 352
14116 319
14176 316
14240 316
14300 319
14364 335
14424 384
14488 387
14552 448
14612 455
14676 504
14736 527
14800 560
14860 575
14924 591
14984 608
15052 591
15116 575
15176 560
15240 527
15304 508
15364 480
15428 448
15488 399
15552 384
15612 384
15676 352
15736 327
15800 327
15860 352
15924 384
15984 384
