20 1023
84 240
144 142
208 71
268 30
332 24
396 56
456 120
520 224
580 319
644 448
704 568
772 675
836 768
896 824
960 839
1020 830
1084 782
1148 705
1208 624
1272 508
1332 391
1396 295
1456 224
1520 152
1580 124
1644 120
1704 143
1768 199
1836 287
1896 384
1960 480
2024 574
2084 655
2148 736
2208 768
2272 768
2332 768
2396 711
2456 639
2520 572
2580 480
2644 391
2704 316
2768 252
2836 195
2900 192
2960 192
3024 224
3084 263
3148 332
3208 412
3272 496
3332 572
3396 636
3456 675
3520 704
3580 707
3644 704
3708 655
3768 608
3832 527
3900 455
3960 387
4024 326
4084 280
4148 252
4208 240
4272 248
4332 270
4396 316
4460 384
4520 448
4584 496
4644 551
4708 608
4768 639
4832 655
4900 655
4960 639
5024 608
5084 568
5148 508
5212 448
5272 391
5336 352
5396 312
5460 287
5520 280
5584 287
5644 316
5708 352
5768 391
5832 448
5900 508
5964 543
6024 583
6088 608
6148 624
6212 624
6272 608
6336 574
6396 529
6460 496
6520 448
6584 398
6644 384
6708 332
6768 319
6832 318
6896 319
6960 352
7024 384
7088 415
7148 480
7212 508
7272 540
7336 572
7396 583
7460 591
7520 583
7584 572
7644 543
7708 511
7768 480
7832 448
7892 399
7964 384
8024 352
8088 352
8148 352
8212 384
8272 384
8336 399
8396 448
8460 480
8520 504
8584 527
8644 547
8708 568
8772 568
8832 568
8896 543
8964 515
9024 496
9088 460
9148 448
9212 401
9272 384
9336 384
9396 384
9460 384
9524 384
9584 396
9648 415
9708 448
9772 480
9832 504
9896 519
9956 536
10024 543
10088 543
10148 540
10212 519
10276 508
10336 480
10400 451
10460 448
10524 414
10584 391
10648 384
10708 384
10772 384
10832 391
10896 414
10956 448
11024 451
11088 480
11152 504
11212 512
11276 519
11336 527
11400 526
11460 515
11524 510
11584 496
11648 480
11708 449
11772 448
11832 415
11896 408
11960 398
12020 398
12088 399
12152 414
12212 448
12276 448
12336 455
12400 480
12460 496
12524 508
12584 1023
12648 513
12712 512
12772 510
12836 504
12896 496
12960 480
13020 449
13088 448
13152 448
13212 414
13276 412
13336 412
13400 414
13464 419
13524 448
13588 448
13648 455
13712 480
13772 496
13836 496
13896 504
13960 508
14020 504
14088 496
14152 496
14216 480
14276 480
14340 448
14400 448
14464 448
14524 448
14588 419
14648 419
14712 448
14772 448
14836 448
14896 449
14960 480
15020 480
15084 480
15152 496
15216 496
15276 496
15340 496
15400 496
15464 480
15524 480
15588 455
15648 448
15712 448
15772 448
15836 448
15896 448
15960 448
32 384
92 254
156 143
216 63
280 30
340 24
404 60
468 127
528 224
592 335
652 455
716 575
776 704
840 768
900 828
968 839
1032 828
1092 769
1156 704
1216 608
1280 496
1344 384
1404 284
1468 199
1528 143
1592 120
1652 120
1716 152
1776 224
1840 287
1900 384
1968 496
2032 583
2096 668
2156 768
2220 768
2280 768
2344 768
2404 704
2468 639
2528 560
2592 480
2652 384
2716 304
2776 248
2840 199
2900 192
2972 192
3032 224
3096 280
3156 352
3220 448
3280 508
3344 575
3404 639
3468 704
3528 705
3592 705
3652 704
3716 639
3776 591
3840 524
3904 451
3964 384
4032 319
4096 271
4156 248
4220 240
4280 252
4344 275
4404 319
4468 384
4528 448
4592 508
4656 568
4716 624
4780 639
4840 659
4904 655
4964 639
5032 608
5096 547
5156 504
5220 448
5280 384
5344 335
5408 304
5468 284
5532 280
5592 287
5656 319
5716 384
5780 408
5840 455
5904 510
5964 560
6032 608
6096 624
6160 632
6220 624
6284 608
6344 572
6408 527
6468 480
6532 448
6592 387
6656 384
6716 327
6780 316
6840 316
6904 319
6964 352
7028 384
7096 448
7160 480
7220 510
7284 543
7344 574
7408 583
7468 591
7532 583
7592 572
7656 542
7716 510
7780 480
7844 448
7904 398
7968 384
8028 352
8096 352
8160 352
8220 384
8284 384
8344 403
8408 448
8468 480
8532 508
8596 527
8656 551
8720 568
8780 572
8844 560
8904 543
8968 518
9028 496
9092 455
9160 448
9220 399
9284 384
9348 384
9408 384
9472 384
9532 384
9596 398
9656 419
9720 448
9780 480
9844 504
9904 519
9968 540
10028 543
10092 543
10160 536
10224 519
10284 504
10348 480
10408 449
10472 448
10532 408
10596 391
10656 384
10720 384
10780 384
10844 398
10904 415
10968 448
11028 455
11092 480
11160 504
11224 512
11284 524
11348 527
11408 526
11472 515
11532 508
11596 496
11656 480
11720 448
11780 448
11844 415
11908 403
11968 399
12032 399
12092 399
12156 415
12224 448
12284 448
12348 480
12408 480
12472 496
12532 510
12596 512
12660 512
12720 511
12784 508
12844 496
12908 480
12968 480
13032 448
13092 448
13156 419
13224 415
13284 412
13348 412
13412 415
13472 448
13536 448
13596 449
13660 480
13720 480
13784 496
13844 504
13908 508
13968 508
14032 504
14092 496
14156 496
14224 480
14288 455
14348 448
14412 448
14472 448
14536 419
14596 415
14660 415
14720 448
14784 448
14844 448
14908 451
14968 480
15032 480
15096 496
15156 496
15220 504
15288 504
15348 496
15412 496
15472 480
15536 480
15596 455
15660 448
15720 448
15784 448
15848 448
15908 448
15972 448
44 352
108 224
168 124
232 56
292 15
356 30
416 71
480 147
544 254
604 384
668 496
728 608
792 710
852 783
916 831
976 839
1040 816
1108 768
1168 671
1232 572
1296 455
1356 352
1420 255
1480 192
1544 127
1604 112
1668 124
1728 159
1792 240
1852 316
1916 412
1976 511
2040 608
2108 704
2172 768
2232 768
2296 768
2356 768
2420 704
2480 624
2544 536
2604 448
2668 384
2728 286
2792 240
2852 192
2916 192
2976 192
3040 240
3108 291
3172 384
3232 448
3296 521
3356 608
3420 647
3480 704
3544 707
3604 704
3668 675
3728 636
3792 575
3856 510
3916 448
3980 384
4040 316
4104 263
4172 248
4232 240
4296 254
4356 287
4420 352
4480 391
4544 455
4608 519
4668 575
4732 624
4792 647
4856 659
4916 654
4980 636
5040 608
5104 543
5172 480
5232 448
5296 384
5360 323
5420 295
5484 284
5544 284
5608 304
5668 327
5732 384
5792 415
5856 480
5916 519
5980 568
6040 608
6104 624
6172 632
6236 624
6296 590
6360 560
6420 512
6484 480
6544 419
6608 384
6668 352
6732 319
6792 318
6856 319
6916 332
6980 384
7044 391
7104 448
7168 480
7236 519
7296 551
7360 575
7420 588
7484 588
7544 575
7608 560
7668 527
7732 504
7792 455
7856 415
7920 385
7980 384
8044 352
8104 352
8168 352
8236 384
8296 385
8360 415
8420 448
8484 496
8544 512
8608 542
8672 560
8732 572
8796 572
8856 560
8920 540
8980 512
9044 496
9104 449
9168 419
9228 391
9296 384
9360 384
9424 384
9484 384
9548 384
9608 399
9672 448
9732 455
9796 496
9856 510
9920 527
9980 542
10044 543
10104 543
10168 536
10228 519
10300 504
10360 480
10424 448
10484 448
10548 399
10608 387
10672 384
10732 384
10796 384
10856 399
10920 415
10980 448
11044 455
11104 480
11168 508
11232 515
11300 526
11360 527
11424 526
11484 515
11548 508
11608 496
11672 480
11732 448
11796 448
11856 414
11920 399
11984 396
12044 398
12108 399
12168 415
12232 448
12292 448
12360 480
12424 480
12484 504
12548 510
12608 512
12672 512
12736 511
12796 504
12860 496
12920 480
12984 455
13044 448
13108 448
13168 415
13232 414
13292 412
13360 414
13424 415
13488 448
13548 448
13612 451
13672 480
13736 480
13796 496
13860 504
13920 508
13984 508
14044 504
14108 496
14168 480
14232 480
14292 455
14364 448
14424 448
14488 448
14548 419
14612 415
14672 448
14736 448
14796 448
14860 448
14920 455
14984 480
15044 480
15108 496
15172 496
15232 504
15296 496
15356 496
15424 480
15488 480
15548 480
15612 451
15672 448
15736 448
15796 448
15860 448
15924 448
15984 448
48 352
112 224
180 120
244 56
304 17
368 31
428 79
492 159
552 255
616 384
676 508
740 624
800 736
864 792
928 831
988 835
1052 807
1112 768
1176 670
1244 560
1304 448
1368 352
1428 248
1492 192
1552 126
1616 112
1680 126
1740 192
1804 240
1864 319
1928 419
1988 519
2052 624
2112 704
2176 768
2244 768
2304 768
2368 768
2432 704
2492 608
2556 519
2616 448
2680 352
2740 271
2804 224
2864 192
2928 192
2988 193
3052 240
3112 291
3176 384
3236 451
3308 536
3368 608
3432 655
3492 704
3556 707
3616 704
3680 671
3740 632
3804 572
3864 504
3928 448
3988 384
4052 304
4112 255
4176 240
4240 240
4308 255
4368 287
4432 352
4492 399
4556 480
4616 527
4680 583
4740 632
4804 652
4864 664
4928 654
4992 632
5052 583
5116 536
5176 480
5240 419
5308 384
5368 319
5432 291
5492 280
5556 284
5616 304
5680 332
5744 384
5804 448
5868 480
5928 524
5992 572
6052 608
6116 624
6176 632
6240 624
6300 590
6368 551
6432 511
6496 480
6556 415
6620 384
6680 352
6744 319
6804 318
6868 319
6928 334
6992 384
7052 398
7116 448
7176 480
7240 515
7300 551
7372 575
7432 588
7496 590
7556 575
7620 560
7680 527
7744 496
7804 451
7868 415
7928 385
7992 384
8052 352
8116 352
8180 352
8240 384
8304 384
8372 415
8432 451
8496 496
8556 513
8620 543
8680 560
8744 572
8804 568
8868 560
8932 536
8992 511
9056 480
9116 448
9180 419
9240 396
9304 384
9364 384
9432 384
9496 384
9556 385
9620 408
9684 448
9744 457
9808 496
9868 511
9932 527
9992 542
10056 543
10116 543
10180 527
10240 512
10304 496
10364 480
10432 448
10496 415
10560 399
10620 387
10684 384
10744 384
10808 391
10868 401
10932 419
10992 448
11056 480
11116 496
11180 508
11240 519
11304 527
11364 527
11428 526
11496 513
11560 504
11620 480
11684 480
11744 448
11808 448
11868 412
11932 399
11992 391
12056 396
12116 399
12180 415
12244 448
12304 448
12368 480
12428 496
12496 504
12560 511
12620 513
12684 515
12744 512
12808 508
12868 496
12932 480
12996 455
13056 448
13120 448
13180 415
13244 412
13304 408
13368 412
13428 415
13496 448
13560 448
13620 451
13684 480
13744 480
13808 496
13872 508
13932 508
13996 508
14056 504
14120 496
14180 480
14244 480
14304 455
14368 448
14428 448
14492 448
14560 415
14624 415
14684 419
14748 448
14808 448
14872 448
14932 455
14996 480
15056 480
15120 496
15180 496
15244 504
15304 504
15368 496
15428 480
15492 480
15560 480
15624 449
15684 448
15748 448
15808 448
15872 448
15932 448
15996 448
