24 1023
88 240
148 152
212 76
272 31
336 7
396 28
460 71
520 156
584 254
644 384
708 496
768 608
832 736
900 816
964 864
1024 896
1088 896
1148 831
1212 768
1272 671
1336 568
1396 448
1460 327
1520 224
1584 135
1644 96
1708 56
1768 56
1832 96
1900 158
1964 248
2024 352
2088 457
2148 574
2212 671
2272 768
2336 824
2396 864
2460 864
2520 824
2584 768
2644 704
2708 583
2772 480
2832 384
2896 271
2964 192
3024 126
3088 96
3148 96
3212 112
3272 159
3336 240
3396 319
3460 448
3524 526
3584 632
3648 705
3708 769
3772 816
3832 828
3896 799
3964 768
4024 704
4088 608
4148 510
4212 408
4276 316
4336 240
4400 192
4460 127
4524 120
4584 126
4648 159
4708 224
4772 304
4832 391
4896 496
4956 588
5028 671
5088 768
5152 771
5212 796
5276 783
5336 768
5400 704
5460 624
5524 536
5584 448
5648 384
5708 271
5772 224
5832 159
5896 135
5960 143
6028 192
6088 224
6152 291
6212 384
6276 480
6336 547
6400 632
6460 704
6524 768
6584 768
6648 768
6712 768
6772 704
6836 636
6896 560
6960 480
7028 384
7088 312
7152 248
7212 193
7276 192
7336 163
7400 192
7464 240
7524 287
7588 384
7648 448
7712 515
7772 591
7836 655
7896 704
7960 768
8020 768
8088 768
8152 704
8216 636
8276 568
8340 496
8400 412
8464 352
8524 271
8588 224
8648 192
8712 192
8772 193
8836 240
8896 280
8960 352
9020 414
9092 504
9152 572
9216 636
9276 704
9340 707
9400 768
9464 711
9524 704
9588 639
9648 575
9712 511
9772 448
9836 384
9896 312
9960 255
10024 224
10092 224
10152 224
10216 240
10276 280
10340 335
10400 399
10464 480
10524 540
10588 608
10648 639
10712 704
10776 704
10836 704
10900 704
10960 639
11024 591
11084 527
11152 455
11216 390
11276 327
11340 284
11400 252
11464 240
11528 240
11588 248
11652 275
11712 319
11776 384
11836 448
11900 510
11960 572
12024 624
12084 655
12152 704
12216 704
12280 671
12340 639
12404 608
12464 543
12528 480
12588 415
12652 384
12712 316
12776 271
12836 254
12900 248
12960 254
13024 280
13084 319
13148 384
13212 448
13276 496
13340 543
13400 608
13464 636
13524 655
13588 670
13648 664
13712 639
13772 608
13836 560
13896 508
13960 448
14020 387
14084 352
14144 304
14216 270
14276 255
14340 255
14400 284
14464 318
14524 384
14588 414
14648 480
14712 519
14772 572
14836 608
14896 639
14960 647
15024 647
15084 638
15148 608
15216 568
15276 512
15340 460
15400 412
15464 384
15524 319
15588 287
15648 280
15712 275
15776 287
15836 318
15900 384
15960 399
15032 639
15092 632
15160 608
15224 560
15284 508
15348 449
15408 399
15472 384
15536 318
15596 287
15660 271
15720 271
15784 287
15844 319
15908 384
15968 399
16032 449
16092 508
16156 560
16224 608
16288 624
16348 638
16412 639
16472 632
16536 608
16596 568
16660 519
16720 480
16784 419
16844 384
16908 352
16968 312
17032 287
17092 287
17156 295
17224 319
17288 384
17348 391
17412 448
17472 496
17536 536
17596 574
17660 608
17720 624
17784 632
17844 624
17908 608
17972 572
18032 527
18096 496
18156 448
18224 391
18288 384
18348 319
18412 312
18472 304
18536 312
18596 319
18660 352
18724 384
18784 448
18848 480
18908 512
18972 547
19032 575
19096 608
19156 624
19220 608
19288 608
19348 572
19412 536
19476 504
19536 451
19600 415
19660 384
19724 352
19784 319
19848 318
19908 318
19972 327
20032 352
20096 384
20156 415
20220 451
20288 504
20352 536
20412 568
20476 583
20536 608
20600 608
20660 588
20724 574
20784 543
20848 510
20908 480
20972 448
21032 391
21096 384
21156 352
21220 327
21288 319
21352 332
21412 352
21476 384
21536 412
21600 448
21660 480
21724 515
21784 543
21848 574
21908 583
21972 590
22036 583
22096 574
22160 543
22220 513
22284 496
22352 448
22412 412
22476 384
22536 384
22600 352
22660 335
22724 352
22788 384
22848 384
22912 399
22972 448
23036 480
23096 508
23160 527
23220 560
23284 574
23352 575
23412 575
23476 572
23540 543
23600 515
23664 496
23724 451
23788 419
23848 391
23912 384
23972 384
24036 352
24096 352
24160 384
24220 384
24284 396
24344 448
24416 455
24476 496
24540 515
24600 542
24664 560
24724 572
24788 572
24848 568
24912 543
24972 519
25036 504
25096 480
25160 448
25224 412
25284 384
25348 384
25416 384
25476 384
25540 384
25600 384
25664 398
25724 448
25788 449
25848 480
25912 508
25976 527
26036 543
26100 560
26160 560
26224 551
26284 542
26348 519
26416 504
26476 480
26540 448
26600 415
26664 391
26728 384
26788 384
26852 384
26912 384
26976 384
27036 396
27100 415
27160 448
27224 480
27284 496
27348 513
27408 536
27476 543
27540 543
27604 543
27664 540
27728 519
27788 504
27852 480
27912 449
27976 448
28036 408
28100 387
28160 384
28224 384
28284 384
28348 384
28408 391
28480 415
28540 448
28604 480
28664 496
28728 510
28788 524
28852 540
28912 543
28976 543
29036 536
29100 519
29160 508
29224 496
29288 460
29348 448
29412 415
29480 391
29540 384
29604 384
29664 384
29728 384
29788 391
29852 412
29912 448
29976 449
30040 480
30100 504
30164 513
30224 527
30288 536
30348 540
30412 536
30472 519
30540 510
30604 496
30664 480
30728 448
30792 419
30852 408
30916 391
30976 384
30032 480
30092 496
30156 512
30216 526
30280 536
30340 540
30404 536
30472 524
30536 511
30596 496
30660 480
30720 449
30784 448
30844 414
30908 398
30968 387
31032 384
31092 384
31156 391
31220 408
31280 448
31344 448
31404 480
31472 496
31536 508
31596 515
31660 526
31720 527
31784 527
31844 519
31908 511
31972 504
32032 480
32096 455
32156 448
32220 415
32280 408
32344 396
32404 391
32468 391
32536 399
32596 412
32660 448
32724 448
32784 480
32848 480
32908 504
32972 511
33032 519
33096 526
33156 524
33220 518
33280 511
33344 504
33404 480
33468 455
33536 448
33600 419
33660 412
33724 399
33784 391
33848 391
33908 399
33972 412
34032 419
34096 448
34156 455
34220 480
34280 496
34344 508
34408 512
34468 519
34536 519
34600 513
34660 510
34724 504
34784 480
34848 480
34908 448
34972 448
35032 415
35096 408
35160 399
35220 398
35284 399
35344 412
35408 415
35468 448
35532 448
35600 480
35660 496
35724 504
35784 510
35848 513
35912 515
35972 513
36036 510
36096 504
36160 496
36220 480
36284 451
36344 448
36408 448
36468 415
36532 408
36600 399
36660 399
36724 412
36788 415
36848 448
36912 448
36972 455
37036 480
37096 496
37160 504
37220 510
37284 511
37344 512
37408 510
37468 504
37532 496
37592 480
37664 455
37724 448
37788 448
37848 415
37912 414
37972 408
38036 408
38096 412
38160 415
38220 448
38284 448
38344 451
38408 480
38472 496
38532 504
38596 508
38664 511
38724 511
38788 510
38848 504
38912 496
38972 480
39036 480
39096 448
39160 448
39224 448
39284 415
39348 414
39408 412
39472 414
39532 415
39596 448
39664 448
39724 449
39788 480
39848 480
39912 496
39976 504
40036 508
40100 510
40160 508
40224 504
40284 496
40348 480
40408 480
40472 451
40532 448
40596 448
40656 419
40724 415
40788 415
40852 415
40912 415
40976 448
41036 448
41100 448
41160 460
41224 480
41284 481
41348 496
41408 504
41472 504
41532 508
41596 504
41660 496
41728 480
41788 480
41852 480
41912 448
41976 448
42036 448
42100 419
42160 415
42224 415
42284 419
42348 448
42408 448
42472 448
42536 451
42596 480
42660 480
42728 496
42788 496
42852 496
42912 504
42976 496
43036 496
43100 480
43160 480
43224 480
43288 449
43348 448
43412 448
43472 448
43536 448
43596 448
43660 448
43720 448
43788 448
43852 448
43912 451
43976 480
44040 480
44100 480
44164 496
44224 496
44288 496
44348 496
44412 496
44472 480
44536 480
44596 480
44660 455
44720 448
44788 448
44852 448
44916 448
44976 448
45040 448
45100 448
45164 448
45224 448
45288 451
45348 480
45412 480
45472 480
45536 480
45596 496
45660 496
45720 496
45784 496
45848 480
45912 480
45972 480
45028 448
45088 448
45152 448
45216 448
45276 448
45340 455
45400 480
45464 480
45524 496
45588 496
45648 496
45712 496
45780 496
45840 496
45904 480
45968 480
46028 480
46092 451
46152 448
46216 448
46276 448
46340 448
46400 448
46464 448
46524 448
46588 448
46648 448
46712 451
46780 480
46844 480
46904 480
46968 496
47028 496
47092 496
47152 496
47216 496
47276 480
47340 480
47400 480
47464 451
47524 448
47588 448
47648 448
47712 448
47776 448
47844 448
47904 448
47968 448
48028 448
48092 451
48152 480
48216 480
48276 480
48340 480
48400 496
48464 496
48528 496
48588 480
48652 480
48712 480
48776 480
48844 455
48904 448
48968 448
49028 448
49092 448
49152 448
49216 448
49280 448
49340 448
49404 448
49464 451
49528 455
49588 480
49652 480
49712 480
49776 480
49844 480
49904 480
49968 480
50032 480
50092 480
50156 480
50216 455
50280 448
50340 448
50404 448
50464 448
50528 448
50588 448
50652 448
50712 448
50776 448
50836 451
50904 463
50968 480
51032 480
51092 480
51156 480
51216 480
51280 480
51340 480
51404 480
51464 480
51528 480
51588 455
51652 449
51712 448
51776 448
51836 448
51908 448
51968 448
52032 448
52092 448
52156 448
52216 451
52280 455
52340 480
52404 480
52464 480
52528 480
52588 480
52652 480
52712 480
52776 480
52840 480
52908 480
52968 455
53032 451
53092 448
53156 448
53216 448
53280 448
53340 448
53404 448
53464 448
53528 448
53592 448
53652 455
53716 480
53776 480
53840 480
53900 480
53968 480
54032 480
54092 480
54156 480
54216 480
54280 480
54344 480
54404 455
54468 449
54528 448
54592 448
54652 448
54716 448
54776 448
54840 448
54900 448
54968 448
55032 451
55096 457
55156 480
55220 480
55280 480
55344 480
55404 480
55468 480
55528 480
55592 480
55652 480
55716 480
55776 455
55840 451
55900 448
55964 448
56032 448
56096 448
56156 448
56220 448
56280 448
56344 448
56404 451
56468 455
56528 480
56592 480
56652 480
56716 480
56780 480
56840 480
56904 480
56964 480
57032 480
57096 480
57156 480
57220 455
57280 449
57344 448
57404 448
57468 448
57532 448
57592 448
57656 448
57716 448
57780 449
57840 455
57904 480
57964 480
58032 480
58096 480
58156 480
58220 480
58284 480
58344 480
58408 480
58468 480
58532 480
58592 455
58656 455
58716 448
58780 448
58840 448
58904 448
58964 448
59028 448
59096 448
59160 448
59220 451
59284 455
59344 480
59408 480
59468 480
59532 480
59592 480
59656 480
59716 480
59780 480
59840 480
59904 480
59964 480
60028 455
60096 451
60160 448
60220 448
60284 448
60344 448
60408 448
60468 448
60532 448
60592 449
60656 455
60716 455
60780 480
60844 480
60904 480
60968 480
