16 1023
76 252
140 152
204 63
268 15
332 0
392 3
456 60
516 127
580 240
640 384
704 496
764 608
828 736
888 816
952 896
1012 897
1076 896
1136 864
1208 775
1268 704
1332 572
1392 448
1456 327
1516 224
1580 127
1640 67
1704 35
1764 39
1828 71
1888 135
1952 224
2016 327
2076 448
2140 560
2208 671
2268 768
2332 828
2392 864
2456 864
2516 831
2580 775
2640 704
2704 608
2768 496
2828 384
2892 271
2952 192
3016 126
3076 96
3140 71
3200 96
3268 152
3332 224
3392 318
3456 415
3516 519
3580 632
3644 705
3704 769
3768 816
3828 828
3892 807
3952 768
4016 704
4076 624
4140 515
4200 415
4268 316
4332 240
4396 163
4456 126
4520 112
4580 126
4644 159
4704 224
4768 304
4828 391
4892 496
4952 575
5016 664
5076 768
5140 769
5200 796
5264 783
5332 768
5396 704
5456 624
5520 529
5580 448
5644 384
5704 271
5768 224
5828 159
5892 142
5952 143
6016 192
6076 224
6140 287
6204 384
6264 455
6332 547
6396 632
6456 704
6520 768
6580 768
6644 768
6704 768
6768 704
6828 632
6892 551
6956 480
7016 384
7080 316
7140 252
7204 195
7264 192
7332 192
7396 192
7456 240
7520 287
7580 384
7644 448
7708 515
7768 608
7832 655
7892 704
7956 768
8016 768
8080 768
8140 704
8204 638
8264 572
8328 504
8396 412
8460 352
8520 271
8584 240
8644 199
8708 192
8768 199
8832 240
8892 286
8956 352
9016 415
9080 496
9140 568
9204 632
9264 671
9328 704
9396 711
9460 704
9520 671
9584 636
9644 574
9708 508
9768 448
9832 384
9892 312
9956 255
10016 240
10080 224
10144 224
10204 248
10268 286
10328 352
10396 408
10460 480
10520 542
10584 608
10644 639
10708 675
10768 704
10832 704
10896 671
10956 636
11020 583
11080 524
11144 480
11204 396
11268 352
11328 287
11392 255
11460 240
11520 240
11584 255
11648 287
11708 332
11772 387
11832 448
11896 511
11956 572
12020 624
12080 647
12144 671
12204 671
12268 659
12328 636
12392 591
12460 531
12524 480
12584 415
12648 384
12708 316
12772 280
12832 255
12896 254
12956 255
13020 287
13080 319
13144 384
13204 448
13268 496
13328 543
13392 590
13456 632
13524 647
13584 655
13648 647
13708 632
13772 591
13832 543
13896 496
13956 448
14020 385
14080 352
14144 312
14208 280
14268 268
14332 271
14392 287
14456 319
14524 384
14584 415
14648 480
14708 519
14772 572
14832 608
14896 632
14960 639
15020 639
15084 624
15144 608
15208 560
15268 510
15332 455
15392 412
15456 384
15524 319
15584 304
15648 287
15712 287
15772 304
15836 319
15896 384
15960 403
