16 1023
116 3
220 112
320 510
424 864
524 831
628 451
732 96
832 71
936 403
1044 796
1144 839
1248 543
1348 192
1452 71
1552 319
1656 704
1756 835
1860 639
1964 286
2072 96
2172 255
2276 608
2376 807
2480 704
2580 384
2684 135
2784 199
2888 504
2988 768
3100 768
3200 448
3304 192
3404 192
3508 448
3608 704
3712 768
3812 536
3916 255
4016 192
4124 384
4228 632
4332 768
4432 583
4536 327
4636 192
4740 304
4840 547
4944 707
5044 639
5152 391
5256 224
5360 271
5460 496
5564 671
5664 655
5768 480
5868 270
5972 254
6072 419
6180 636
6284 668
6384 512
6488 318
6588 255
6692 384
6796 575
6896 655
7000 568
7100 384
7208 263
7312 352
7412 527
7516 639
7616 588
7720 415
7820 287
7924 319
8028 480
8128 608
8236 608
8340 480
8440 319
8544 312
8644 448
8748 575
8848 624
8952 510
9052 384
9156 312
9264 399
9368 543
9468 608
9572 536
9672 396
9776 319
9876 384
9980 508
10080 590
10184 560
10292 448
10396 352
10496 384
10600 480
10700 572
10804 572
10904 480
11008 384
11108 352
11212 448
11320 543
11424 572
11524 496
11628 385
11728 352
11832 414
11932 513
12036 572
12136 515
12240 415
12348 384
12448 395
12552 496
12656 560
12756 527
12860 448
12960 384
13064 384
13164 480
13268 540
13376 540
13476 480
13580 385
13684 384
13784 448
13888 515
13988 542
14092 496
14192 412
14296 384
14404 448
14504 504
14608 536
14708 504
14812 448
14916 384
15016 412
15120 480
15220 526
15324 512
15432 448
15532 391
15636 399
15736 480
15840 513
15940 515
16044 480
16148 412
16248 399
16352 448
16460 508
16560 515
16664 480
16764 419
16868 399
16968 448
17072 496
17172 513
17276 496
17380 448
17488 403
17588 448
17692 480
17792 510
17896 504
17996 449
18100 415
18200 415
18304 455
18404 504
18516 508
18616 480
18720 448
18820 415
18924 448
19024 496
19128 508
19228 480
19332 448
19432 415
19540 448
19644 480
19744 504
19848 496
19952 448
20052 415
20156 448
20256 480
20360 504
20460 496
20564 454
20668 448
20768 448
20872 455
20976 496
21076 496
21180 480
21280 448
21384 448
21484 448
21588 480
21692 496
21792 480
21896 448
22000 448
22100 572
22204 543
22304 513
22408 508
22508 504
22612 496
22716 496
22816 480
22920 480
23024 480
23124 480
23228 480
23328 480
23432 480
23532 480
23636 480
23740 480
23840 480
23944 480
24048 480
24148 480
24252 480
24352 480
24456 480
24556 480
24660 480
24764 480
24864 480
24968 480
25072 480
25172 480
25276 480
25376 480
25480 480
25580 480
25684 480
25788 480
25888 480
25992 480
26096 480
26196 480
