24 1023
88 207
148 112
212 31
272 0
336 0
396 31
460 120
528 240
592 384
652 496
716 632
776 768
840 803
900 864
964 864
1024 824
1088 768
1148 657
1212 547
1272 448
1336 319
1400 224
1460 152
1524 112
1592 96
1652 127
1716 192
1776 263
1840 384
1900 480
1964 572
2024 652
2088 768
2152 768
2212 769
2276 768
2336 704
2400 638
2460 551
2524 480
2592 384
2652 287
2716 224
2776 192
2840 192
2904 192
2964 240
3028 287
3088 384
3152 448
3212 526
3276 608
3336 652
3400 704
3460 704
3524 704
3592 655
3652 608
3716 543
3780 480
3840 399
3904 352
3964 287
4028 255
4088 248
4152 252
4212 271
4276 319
4336 384
4400 448
4460 504
4524 560
4584 608
4652 638
4716 639
4776 639
4840 624
4904 583
4964 540
5028 496
5088 448
5152 384
5212 335
5276 312
5336 287
5400 287
5460 316
5524 352
5584 384
5652 448
5716 480
5780 527
5840 568
5904 591
5964 608
6028 608
6088 588
6152 568
6212 527
6276 496
6336 448
6400 399
6460 384
6524 352
6588 327
6656 327
6716 352
6780 384
6840 391
6904 448
6964 480
7028 508
7088 536
7152 560
7212 572
7276 574
7340 568
7400 543
7464 515
7524 496
7588 451
7648 419
7716 391
7780 384
7840 384
7904 384
7964 384
8028 384
8092 401
8152 448
8216 480
8276 496
8340 512
8400 529
8464 543
8524 543
8588 543
8648 527
8716 510
8780 496
8844 455
8904 448
8968 412
9028 391
9092 384
9152 384
9216 384
9276 391
9340 412
9400 448
9464 451
9524 480
9588 504
9648 511
9712 519
9780 527
9844 524
9904 513
9968 504
10028 496
10092 480
10152 448
10216 448
10276 415
10340 399
10400 398
10464 399
10524 408
10588 415
10652 448
10712 448
10780 480
10844 496
10904 504
10968 510
11028 512
11092 512
11152 510
11216 504
11276 496
11340 480
11404 451
11464 448
11528 448
11588 415
11652 414
11712 414
11780 415
11844 448
11904 448
11968 448
12028 480
12092 480
12156 496
12216 496
12280 504
12340 504
12404 504
12464 496
12528 480
12588 480
12652 455
12712 448
12776 448
12844 448
12908 448
12968 419
13032 448
13092 448
13156 448
13216 448
13280 455
13340 480
13404 480
13464 496
13528 496
13588 496
13652 496
13712 480
13776 480
13844 480
13908 455
13968 448
14032 448
14092 448
14156 448
14216 448
14280 448
14340 448
14404 448
14464 448
14528 455
14592 480
14652 480
14716 480
14776 480
14844 480
14908 480
14968 480
15032 480
15092 480
15156 455
15216 449
15280 448
15344 448
15404 448
15468 448
15528 448
15592 448
15652 448
15716 448
15776 451
15840 455
15908 480
15968 480
15024 480
15088 480
15152 460
15212 451
15276 448
15336 448
15400 448
15460 448
15524 448
15584 448
15648 448
15716 448
15776 455
15840 480
15904 480
15964 480
16028 480
16088 480
16152 480
16212 480
16276 480
16336 480
16400 480
16460 455
16524 449
16584 448
16648 448
16708 448
16780 448
16840 448
16904 448
16964 449
17028 455
17088 480
17152 480
17212 480
17276 480
17336 480
17400 480
17464 480
17524 480
17588 480
17648 460
17712 455
17780 449
17840 448
17904 448
17964 448
18028 448
18088 448
18152 448
18216 451
18276 455
18340 455
18400 480
18464 480
18524 480
18588 480
18648 480
18712 480
18780 480
18840 480
18904 455
18968 455
19028 449
19092 448
19152 448
19216 448
19276 448
19340 448
19400 448
19464 449
19524 455
19588 455
19648 480
19712 480
19772 480
19840 480
19904 480
19964 480
20028 480
20092 480
20152 455
20216 455
20276 455
20340 449
20400 448
20464 448
20524 448
20588 448
20648 449
20712 451
20772 451
20840 455
20904 457
20968 480
21028 480
21092 480
21152 480
21216 480
21276 480
21340 480
21400 455
21464 455
21524 455
21588 455
21648 451
21712 451
21776 451
21844 451
21904 455
21968 455
22028 455
22092 455
22152 459
22216 480
22276 480
22340 480
22400 480
22464 480
22528 480
22588 455
22652 455
22712 455
22776 455
22836 455
22904 455
22968 455
23028 454
23092 451
23152 451
23216 455
23280 455
23340 455
23404 455
23464 455
23528 455
23588 455
23652 460
23712 459
23776 455
23836 455
23904 455
23968 455
24032 455
24092 455
24156 455
24216 455
24280 455
24340 455
24404 455
24464 455
24528 455
24588 455
24652 460
24712 480
24776 480
24836 480
24900 480
24968 480
25032 460
25092 460
25156 455
25216 455
25280 455
25340 455
25404 455
25464 455
25528 455
25588 455
25652 455
25712 455
25776 455
25840 455
25900 455
25968 455
26032 455
26092 455
26156 460
26216 460
26280 463
26340 460
26404 455
26464 455
26528 455
26592 455
26652 455
26716 455
26776 455
26840 455
26900 454
26968 451
27032 455
27092 455
27156 455
27216 455
27280 455
27344 457
27404 460
27468 480
27528 480
27592 480
27652 480
27716 480
27776 460
27840 457
27900 455
27964 455
28032 455
28096 455
28156 455
28220 455
28280 455
28344 455
28404 455
28468 455
28528 455
28592 455
28652 459
28716 480
28776 480
28840 480
28900 480
28964 480
29032 480
29096 480
29156 460
29220 455
29280 455
29344 455
29404 455
29468 455
29528 455
29592 455
29652 455
29716 455
29780 455
29840 455
29904 457
29964 480
30032 480
30096 480
30156 480
30220 480
30280 459
30344 460
30404 455
30468 455
30532 455
30592 455
30656 455
30716 455
30780 455
30840 455
30904 455
30964 455
30028 480
30088 480
30152 480
30212 460
30276 457
30336 457
30400 455
30464 455
30524 455
30588 455
30648 455
30712 455
30772 455
30836 455
30896 455
30964 455
31028 480
31088 455
31152 457
31216 457
31276 455
31340 455
31400 455
31464 455
31524 455
31588 455
31648 455
31712 455
31772 455
31836 455
31896 480
31964 455
32028 455
32092 455
32152 455
32216 455
32276 455
32340 455
32400 455
32464 455
32524 455
32588 455
32648 455
32712 455
32772 455
32836 455
32896 455
32960 455
33028 455
33092 455
33152 455
33216 455
33276 455
33340 455
33400 457
33464 460
33524 455
33588 455
33648 455
33712 455
33776 455
33836 455
33900 455
33960 455
34028 455
34092 455
34152 455
34216 455
34276 455
34340 455
34400 455
34464 460
34528 460
34588 480
34652 480
34712 480
34776 457
34836 460
34900 460
34960 455
35028 455
35092 455
35152 455
35216 455
35280 455
35340 455
35404 455
35464 455
35528 455
35588 455
35652 455
35712 457
35776 455
35836 457
35900 460
35960 459
36024 460
36092 455
36156 455
36216 455
36280 455
36340 480
36404 455
36464 455
36528 455
36588 455
36652 455
36712 455
36776 455
36836 455
36900 455
36964 455
37024 459
37092 455
37156 455
37216 455
37280 455
37340 454
37404 455
37464 455
37528 455
37588 455
37652 455
37716 455
37776 455
37840 455
37900 455
37964 455
38024 455
38088 455
38156 455
38216 455
38280 455
38340 455
38404 455
38468 455
38528 455
38592 455
38652 455
38716 455
38776 455
38840 455
38900 455
38964 455
39024 455
39088 455
39156 455
39216 457
39280 480
39344 457
39404 455
39468 455
39528 455
39592 455
39652 455
39716 455
39776 455
39840 455
39900 455
39964 455
40024 455
40088 455
40156 455
40220 455
40280 455
40344 455
40404 455
40468 455
40528 455
40592 455
40652 455
40716 455
40776 455
40840 455
40900 455
40964 455
41028 455
41088 455
41152 455
41220 455
41280 455
41344 455
41404 455
41468 455
41528 455
41592 455
41652 460
41716 455
41780 455
41840 455
41904 455
41964 455
42028 455
42088 455
42152 455
42220 455
42280 457
42344 455
42404 455
42468 460
42532 459
42592 457
42656 455
42716 455
42780 455
42840 455
42904 455
42964 455
43028 455
43088 455
43152 455
43220 455
43284 455
43344 455
43408 455
43468 455
43532 455
43592 455
43656 455
43716 455
43780 455
43840 460
43904 480
43964 455
44028 455
44088 455
44152 455
44216 480
44284 455
44344 455
44408 455
44468 455
44532 455
44592 451
44656 455
44716 455
44780 455
44840 455
44904 455
44968 455
45028 455
45092 455
45152 455
45216 455
45284 455
45344 455
45408 455
45468 455
45532 455
45592 455
45656 455
45720 455
45780 455
45844 455
45904 455
45968 455
45028 460
45088 480
45156 480
45220 480
45284 460
45344 455
45408 455
45468 455
45532 455
45592 455
45656 455
45716 455
45780 455
45840 455
45904 455
45964 455
46028 455
46088 455
46152 455
46220 455
46284 455
46344 455
46408 455
46468 455
46532 455
46592 455
46656 455
46716 455
46780 455
46840 455
46904 455
46964 455
47028 455
47092 455
47152 455
47220 455
47284 455
47344 480
47408 455
47468 455
47532 455
47592 455
47656 455
47716 455
47780 455
47844 455
47904 455
47968 480
48028 455
48092 457
48152 455
48220 455
48284 457
48344 455
48408 455
48468 455
48532 455
48596 455
48656 455
48720 455
48780 455
48844 455
48904 455
48968 455
49028 455
49092 455
49152 455
49216 455
49284 455
49348 480
49408 455
49472 455
49532 457
49596 455
49656 455
49720 455
49780 455
49844 455
49904 455
49968 455
50028 455
50092 455
50152 455
50216 455
50284 455
50348 449
50408 455
50472 455
50532 455
50596 455
50656 455
50720 455
50780 455
50844 455
50904 455
50968 455
51032 455
51092 455
51156 455
51216 455
51280 455
51348 455
51408 455
51472 455
51532 455
51596 455
51656 455
51720 455
51784 455
51844 455
51908 455
51968 455
52032 455
52092 455
52156 455
52216 455
52280 455
52348 455
52408 455
52472 455
52536 455
52596 455
52660 455
52720 455
52784 455
52844 455
52908 455
52968 455
53032 455
53092 455
53156 455
53216 460
53280 480
53348 480
53412 460
53472 480
53536 455
53596 455
53660 455
53720 455
53784 455
53844 455
53908 455
53968 455
54032 455
54092 455
54156 455
54216 455
54280 455
54344 455
54412 457
54472 455
54536 455
54596 455
54660 455
54720 455
54784 455
54844 455
54908 455
54968 455
55032 455
55096 455
55156 455
55220 455
55280 455
55344 455
55412 455
55472 455
55536 455
55596 455
55660 455
55720 460
55784 460
55848 480
55908 459
55972 455
56032 455
56096 455
56156 455
56220 455
56280 455
56344 455
56412 455
56472 455
56536 455
56600 455
56660 455
56724 455
56784 455
56848 455
56908 455
56972 455
57032 455
57096 455
57156 455
57220 455
57280 455
57344 455
57404 455
57476 455
57536 455
57600 455
57660 451
57724 455
57784 455
57848 455
57908 455
57972 455
58032 455
58096 455
58156 455
58220 455
58284 455
58344 455
58408 455
58476 455
58536 455
58600 455
58660 455
58724 455
58784 455
58848 455
58908 455
58972 455
59036 455
59096 460
59160 460
59220 460
59284 455
59344 455
59408 455
59468 455
59536 455
59600 455
59660 451
59724 455
59788 455
59848 455
59912 455
59972 455
60036 455
60096 457
60160 459
60220 457
60284 480
60344 480
60408 480
60468 480
60536 480
60600 457
60664 455
60724 455
60788 455
60848 455
60912 455
60972 455
60032 455
60092 455
60156 459
60216 457
60280 455
60348 455
60412 455
60472 455
60536 455
60596 455
60660 455
60720 455
60784 455
60844 455
60908 455
60968 455
61032 455
61092 455
61156 455
61220 455
61280 455
61344 455
61412 455
61472 448
61536 480
61596 460
61660 460
61720 460
61784 455
61844 455
61908 455
61972 455
62032 455
62096 455
62156 455
62220 455
62280 455
62344 455
62412 455
62472 455
62536 455
62596 455
62660 455
62724 455
62784 455
62848 455
62908 455
62972 455
63032 455
63096 455
63156 455
63220 455
63280 455
63344 455
63412 455
63476 455
63536 455
63600 455
63660 455
63724 455
63784 455
63848 455
63908 455
63972 455
64032 455
64096 455
64156 455
64220 455
64280 455
64344 455
64408 455
64476 455
64536 457
64600 455
64660 455
64724 455
64784 455
64848 455
64908 460
64972 455
65032 455
65096 455
65160 455
65220 455
65284 455
65344 455
65408 455
65476 455
65536 455
65600 455
65660 455
65724 455
65784 455
65848 455
65912 455
65972 455
66036 480
66096 480
66160 460
66220 480
66284 460
66344 460
66408 480
66476 455
66536 455
66600 455
66664 455
66724 455
66788 455
66848 455
66912 455
66972 455
67036 455
67096 455
67160 455
67220 455
67284 455
67344 455
67408 457
67468 455
67540 457
67600 455
67664 455
67724 455
67788 455
67848 455
67912 455
67972 455
68036 455
68096 455
68160 455
68220 455
68284 455
68344 457
68408 460
68472 455
68540 480
68600 455
68664 455
68724 455
68788 455
68848 455
68912 455
68972 455
69036 455
69096 455
69160 455
69224 455
69284 455
69348 455
69408 455
69472 455
69532 457
69600 455
69664 460
69724 455
69788 455
69848 455
69912 455
69972 455
70036 455
70100 455
70160 455
70224 455
70284 455
70348 455
70408 455
70472 455
70532 455
70600 455
70664 460
70724 457
70788 480
70852 480
70912 480
70976 457
71036 455
71100 480
71160 455
71224 455
71284 455
71348 455
71408 455
71472 455
71532 455
71600 455
71664 455
71728 455
71788 455
71852 455
71912 455
71976 455
72036 455
72100 455
72160 455
72224 455
72284 455
72348 455
72408 455
72472 455
72536 455
72596 455
72664 455
72728 455
72788 455
72852 455
72912 455
72976 455
73036 455
73100 460
73160 455
73224 455
73288 455
73348 455
73412 480
73472 455
73536 455
73596 455
73664 455
73728 455
73788 455
73852 455
73912 455
73976 455
74040 457
74100 455
74164 455
74224 455
74288 455
74348 455
74412 455
74472 455
74536 455
74596 455
74664 455
74728 455
74792 455
74852 455
74916 455
74976 455
75040 455
75100 455
75164 455
75224 455
75288 455
75348 457
75412 480
75472 455
75536 455
75596 455
75660 455
75728 455
75792 455
75852 455
75916 455
75976 455
75024 455
75088 455
75148 455
75212 455
75272 455
75336 455
75396 455
75460 457
75520 457
75592 455
75652 455
75716 455
75776 455
75840 455
75900 455
75964 455
76024 455
76088 455
76148 455
76212 455
76272 455
76336 455
76396 455
76460 457
76524 457
76592 460
76652 480
76716 460
76776 460
76840 455
76900 455
76964 455
77024 455
77088 455
77148 455
77212 455
77276 455
77336 455
77400 455
77460 455
77524 455
77592 455
77652 455
77716 455
77776 455
77840 455
77900 455
77964 455
78028 455
78088 455
78152 455
78212 455
78276 455
78336 455
78400 455
78460 455
78524 455
78584 455
78652 455
78716 455
78780 455
78840 455
78904 455
78964 455
79028 455
79088 455
79152 455
79212 455
79276 455
79336 455
79400 455
79460 455
79524 455
79584 455
79656 455
79716 455
79780 455
79840 460
79904 457
79964 457
80028 455
80088 455
80152 455
80212 455
80276 455
80336 455
80400 455
80464 455
80524 455
80588 455
80656 455
80716 455
80780 455
80840 455
80904 455
80964 455
81028 455
81088 455
81152 457
81216 460
81276 455
81340 455
81400 455
81464 455
81524 455
81588 455
81648 455
81716 455
81780 455
81840 455
81904 455
81968 455
82028 455
82092 455
82152 455
82216 455
82276 455
82340 455
82400 455
82464 455
82524 455
82588 455
82648 455
82716 455
82780 455
82844 455
82904 455
82968 455
83028 455
83092 455
83152 455
83216 455
83276 455
83340 455
83400 455
83464 455
83524 455
83588 455
83648 455
83712 455
83776 455
83840 455
83900 455
83964 455
84028 455
84088 455
84152 455
84212 455
84276 455
84336 455
84400 455
84460 455
84524 455
84584 455
84648 455
84708 455
84776 459
84840 455
84904 480
84964 480
85028 460
85088 463
85152 455
85212 455
85276 455
85336 455
85400 455
85460 455
85524 455
85584 455
85648 455
85708 455
85780 455
85840 455
85904 455
85964 455
86028 480
86088 457
86152 463
86212 455
86276 455
86336 455
86400 455
86460 455
86524 455
86588 455
86648 455
86712 455
86772 455
86840 455
86904 455
86964 455
87028 455
87088 455
87152 455
87212 455
87276 480
87340 460
87400 480
87464 480
87524 460
87588 460
87648 455
87712 457
87772 455
87840 455
87904 455
87964 455
88028 455
88092 455
88152 455
88216 455
88276 455
88340 455
88400 455
88464 455
88524 455
88588 455
88648 455
88712 455
88772 455
88836 455
88904 455
88968 455
89028 455
89092 455
89152 455
89216 455
89276 455
89340 455
89400 455
89464 455
89524 455
89588 455
89648 455
89712 455
89776 455
89836 455
89904 455
89968 455
90028 455
90092 455
90152 455
90216 455
90276 455
90340 455
90400 455
90464 455
90528 455
90588 455
90652 455
90712 455
90776 459
90836 457
90904 455
90968 455
90024 455
90088 455
90152 455
90212 455
90276 455
90336 455
90400 455
90460 455
90524 455
90584 460
90648 480
90716 480
90780 480
90840 480
90904 480
90964 455
91028 455
91088 455
91152 455
91212 455
91276 455
91336 455
91400 455
91460 455
91524 455
91584 455
91648 455
91716 455
91780 457
91840 460
91904 460
91964 460
92028 459
92088 455
92152 455
92212 455
92276 455
92336 455
92400 455
92464 455
92524 455
92588 455
92648 455
92712 455
92776 455
92840 455
92904 455
92964 455
93028 457
93088 480
93152 460
93212 480
93276 480
93336 480
93400 460
93460 480
93524 480
93584 455
93648 455
93708 455
93780 455
93840 480
93904 455
93964 455
94028 455
94088 455
94152 455
94212 455
94276 455
94336 455
94400 455
94460 455
94524 455
94588 455
94648 455
94712 455
94780 455
94840 455
94904 455
94964 455
95028 455
95088 455
95152 455
95212 455
95276 455
95340 455
95400 455
95464 455
95524 455
95588 455
95648 455
95712 455
95772 455
95840 455
95904 455
95964 455
96028 455
96092 455
96152 455
96216 455
96276 455
96340 455
96400 455
96464 455
96524 457
96588 455
96648 455
96712 457
96772 455
96840 455
96904 455
96968 455
97028 455
97092 455
97152 455
97216 455
97276 455
97340 455
97400 455
97464 455
97524 455
97588 455
97648 457
97712 480
97772 480
97836 480
97904 480
97968 460
98028 457
98092 455
98152 455
98216 455
98276 455
98340 455
98400 455
98464 455
98524 455
98588 455
98652 455
98712 455
98776 455
98836 455
98904 460
98968 457
99028 455
99092 460
99152 455
99216 457
99276 455
99340 455
99404 455
99464 455
99528 455
99588 455
99652 455
99712 455
99776 455
99836 455
99904 455
99968 457
100028 455
100092 480
100156 455
100216 455
100280 455
100340 455
100404 455
100464 455
100528 455
100588 455
100652 455
100712 455
100776 455
100836 455
100900 455
100968 455
101032 455
101092 455
101156 455
101216 455
101280 455
101340 455
101404 455
101464 455
101528 455
101588 455
101652 455
101712 455
101776 455
101840 455
101900 455
101968 455
102032 455
102092 455
102156 455
102216 455
102280 455
102340 455
102404 457
102464 480
102528 460
102592 460
102652 457
102716 460
102776 455
102840 455
102900 455
102968 455
103032 455
103092 455
103156 455
103216 455
103280 455
103344 455
103404 455
103468 455
103528 455
103592 455
103652 455
103716 455
103776 455
103840 455
103900 455
103964 455
104032 455
104092 455
104156 455
104220 455
104280 455
104344 455
104404 455
104468 455
104528 455
104592 455
104652 455
104716 455
104776 455
104840 455
104900 463
104964 455
105032 455
105096 455
105156 455
105220 455
105280 455
105344 455
105404 455
105468 455
105528 455
105592 455
105652 455
105716 455
105776 455
105840 455
105904 455
105964 455
105028 460
105088 455
105152 457
105212 455
105276 457
105340 455
105400 455
105464 455
105524 455
105588 455
105648 455
105712 455
105772 455
105836 455
105904 460
105964 455
106028 455
106092 455
106152 460
106216 460
106276 459
106340 455
106400 455
106464 455
106524 455
106588 455
106648 455
106712 455
106772 455
106836 454
106904 455
106968 455
107028 455
107092 455
107152 455
107216 455
107276 455
107340 459
107400 457
107464 460
107524 457
107588 455
107648 455
107712 455
107776 455
107836 455
107900 455
107968 455
108028 455
108092 455
108152 455
108216 455
108276 455
108340 455
108400 455
108464 455
108528 480
108588 480
108652 480
108712 480
108776 460
108836 460
108900 455
108968 455
109028 455
109092 455
109152 455
109216 455
109276 455
109340 455
109404 455
109464 455
109528 455
109588 455
109652 455
109712 455
109776 455
109836 455
109900 455
109960 455
110028 455
110092 455
110156 455
110216 455
110280 455
110340 455
110404 455
110464 455
110528 455
110588 455
110652 455
110712 455
110776 455
110836 455
110900 455
110960 455
111032 455
111092 455
111156 455
111216 455
111280 455
111340 455
111404 455
111464 455
111528 455
111588 455
111652 455
111712 455
111776 457
111836 457
111900 457
111964 463
112032 455
112092 455
112156 455
112216 455
112280 455
112340 455
112404 455
112464 455
112528 455
112588 455
112652 455
112716 455
112776 455
112840 455
112900 455
112964 455
113024 455
113092 455
113156 455
113216 455
113280 455
113340 455
113404 455
113468 455
113528 455
113592 455
113652 455
113716 455
113776 455
113840 455
113900 455
113964 455
114024 455
114092 455
114156 455
114220 455
114280 455
114344 455
114404 455
114468 455
114528 455
114592 455
114652 455
114716 455
114776 455
114840 455
114900 455
114964 455
115024 455
115096 455
115156 455
115220 455
115280 455
115344 455
115404 455
115468 455
115528 455
115592 455
115652 455
115716 455
115776 455
115840 455
115904 455
115964 455
116028 455
116088 455
116156 455
116220 455
116280 455
116344 455
116404 455
116468 455
116528 455
116592 455
116656 455
116716 460
116780 460
116840 480
116904 480
116964 448
117028 460
117088 455
117156 455
117220 455
117280 455
117344 455
117408 455
117468 455
117532 455
117592 455
117656 455
117716 455
117780 455
117840 455
117904 455
117964 455
118028 455
118088 455
118152 455
118216 455
118280 455
118340 455
118404 455
118468 455
118528 455
118592 455
118652 455
118716 455
118776 455
118840 455
118900 455
118964 455
119024 455
119088 455
119148 457
119216 460
119280 480
119344 480
119404 459
119468 448
119528 460
119592 455
119652 457
119716 455
119776 455
119840 455
119900 455
119964 455
120024 455
120088 455
120152 455
120220 455
120280 455
120344 455
120404 455
120468 455
120528 455
120592 455
120652 455
120716 455
120776 455
120840 455
120904 455
120964 455
