24 1023
88 206
148 112
212 28
280 0
340 0
404 31
464 124
528 240
588 384
652 508
712 636
776 768
836 824
900 864
964 864
1024 831
1088 768
1148 664
1212 543
1280 415
1340 304
1404 224
1464 134
1528 96
1588 96
1652 124
1716 192
1776 263
1840 384
1900 480
1964 575
2024 668
2088 768
2148 769
2212 775
2280 768
2340 704
2404 632
2468 542
2528 448
2592 384
2652 271
2716 224
2776 192
2840 192
2900 192
2964 240
3024 295
3088 384
3148 455
3212 540
3272 608
3344 671
3404 704
3468 707
3528 704
3592 655
3652 608
3716 540
3776 480
3840 387
3900 327
3964 280
4024 252
4088 240
4148 252
4212 271
4276 319
4344 384
4404 449
4468 512
4528 574
4592 624
4652 639
4716 655
4776 639
4840 632
4900 575
4964 527
5028 480
5088 415
5152 384
5212 319
5276 304
5344 287
5404 287
5468 316
5528 352
5592 391
5652 448
5716 496
5780 543
5840 575
5904 608
5964 624
6028 624
6088 608
6152 568
6212 524
6276 480
6336 448
6404 387
6468 384
6532 334
6592 319
6656 319
6716 352
6780 384
6840 399
6904 448
6964 480
7028 513
7088 543
7152 572
7212 575
7276 575
7336 572
7408 543
7468 512
7532 480
7592 448
7656 414
7716 384
7780 384
7840 384
7904 384
7964 384
8028 384
8088 408
8152 448
8216 480
8276 504
8340 521
8400 543
8464 560
8528 560
8592 543
8652 527
8716 511
8776 496
8840 455
8900 448
8964 408
9024 387
9088 384
9148 384
9212 384
9272 391
9336 412
9396 448
9468 459
9528 496
9592 508
9652 519
9716 527
9776 536
9840 527
9900 515
9964 508
10024 480
10088 480
10148 448
10212 419
10276 408
10336 396
10400 391
10468 391
10528 408
10592 415
10652 448
10716 455
10776 480
10840 496
10900 508
10964 512
11028 515
11088 512
11152 510
11212 504
11276 480
11336 480
11400 448
11460 448
11528 415
11592 412
11652 408
11716 412
11780 415
11840 448
11904 448
11964 451
12028 480
12088 496
12152 496
12212 508
12276 508
12336 508
12400 504
12460 496
12528 480
12592 480
12656 448
12716 448
12780 448
12840 415
12904 415
12964 415
13028 419
13088 448
13152 448
13212 451
13276 480
13336 480
13400 496
13460 496
13524 504
13592 504
13656 496
13716 496
13780 480
13840 480
13904 455
13964 448
14028 448
14088 448
14152 448
14212 448
14276 448
14340 448
14400 448
14464 451
14524 480
14592 480
14656 480
14716 496
14780 496
14840 496
14904 496
14964 480
15028 480
15092 480
15152 455
15216 448
15276 448
15340 448
15400 448
15464 448
15524 448
15592 448
15656 448
15716 451
15780 480
15844 480
15904 480
15968 480
32 384
92 240
156 120
216 31
280 0
340 0
404 35
472 127
532 252
596 384
660 512
720 639
784 768
844 824
908 864
968 864
1032 828
1092 768
1156 647
1216 540
1280 415
1340 304
1404 224
1472 127
1536 96
1596 96
1660 127
1720 192
1784 271
1844 384
1908 496
1968 583
2032 671
2092 768
2156 771
2216 775
2280 768
2344 704
2404 632
2472 527
2536 448
2596 352
2660 263
2720 224
2784 192
2844 192
2908 192
2968 240
3032 312
3096 384
3156 480
3220 543
3280 624
3344 671
3404 704
3468 711
3536 704
3596 655
3660 608
3720 527
3784 454
3848 384
3908 319
3972 271
4032 248
4096 240
4156 252
4220 280
4280 319
4344 384
4404 448
4468 513
4536 575
4596 624
4660 639
4724 655
4784 639
4848 624
4908 575
4972 527
5032 480
5096 414
5156 384
5220 319
5280 291
5344 286
5404 287
5468 316
5528 384
5600 398
5660 448
5724 504
5784 543
5848 575
5908 608
5972 624
6032 608
6096 590
6156 568
6220 519
6280 480
6344 448
6408 387
6468 384
6532 334
6600 319
6660 319
6724 352
6784 384
6848 408
6908 448
6972 480
7032 515
7096 543
7160 572
7220 575
7284 575
7344 572
7408 543
7468 512
7532 480
7600 448
7660 412
7724 384
7784 384
7848 384
7908 384
7972 384
8036 384
8096 412
8160 448
8220 480
8284 508
8344 526
8408 543
8468 560
8532 560
8592 543
8660 527
8724 508
8788 480
8848 451
8912 448
8972 399
9036 385
9096 384
9160 384
9220 384
9284 396
9344 415
9408 448
9468 480
9532 496
9592 510
9664 524
9724 536
9788 536
9848 527
9912 513
9972 504
10036 480
10096 455
10160 448
10220 415
10284 399
10344 391
10408 391
10472 391
10532 408
10596 419
10664 448
10724 480
10788 480
10848 504
10912 511
10972 515
11036 519
11096 513
11160 510
11224 504
11284 480
11348 480
11408 448
11472 448
11532 415
11596 412
11656 408
11724 412
11788 415
11848 448
11912 448
11976 451
12036 480
12100 496
12160 504
12224 508
12284 510
12348 508
12408 504
12472 496
12532 480
12596 480
12656 448
12724 448
12788 448
12852 415
12912 415
12976 415
13036 448
13100 448
13160 448
13224 451
13284 480
13348 480
13408 496
13472 496
13532 504
13596 504
13656 496
13720 496
13784 480
13848 480
13908 451
13972 448
14036 448
14096 448
14160 448
14220 448
14284 448
14344 448
14408 448
14468 449
14532 480
14592 480
14656 480
14716 496
14784 496
14848 496
14912 496
14972 480
15036 480
15096 480
15160 454
15220 448
15284 448
15344 448
15408 448
15468 448
15532 448
15592 448
15656 448
15716 451
15788 480
15848 480
15912 480
15972 480
40 352
100 224
164 96
224 15
288 0
348 0
412 56
472 135
536 255
600 385
668 540
728 657
792 768
852 831
916 864
976 864
1040 816
1100 768
1164 636
1224 513
1288 391
1352 287
1412 192
1476 127
1536 96
1600 96
1668 135
1728 224
1792 291
1852 396
1916 504
1976 608
2040 704
2104 768
2164 771
2228 775
2288 768
2352 704
2412 624
2476 521
2536 448
2600 352
2668 255
2728 224
2792 192
2856 192
2916 199
2980 252
3040 318
3104 391
3164 480
3228 560
3288 632
3352 671
3412 704
3476 705
3536 704
3600 639
3660 591
3732 512
3792 448
3856 384
3916 316
3980 255
4040 248
4104 240
4164 254
4228 287
4288 352
4352 398
4412 480
4476 526
4536 575
4600 632
4664 639
4732 655
4792 639
4856 624
4916 572
4980 512
5040 455
5104 399
5164 384
5228 316
5288 287
5352 286
5416 291
5476 319
5540 384
5600 399
5664 451
5724 510
5792 551
5856 583
5916 608
5980 624
6040 608
6104 583
6168 551
6228 511
6292 480
6352 419
6416 384
6476 352
6540 327
6600 319
6664 319
6724 352
6792 384
6856 412
6920 448
6980 496
7044 526
7104 560
7168 575
7228 575
7292 575
7352 568
7416 540
7476 510
7540 480
7600 448
7664 408
7724 384
7796 384
7856 384
7920 384
7980 384
8044 385
8104 415
8168 448
8228 480
8292 508
8352 527
8416 543
8476 560
8540 551
8604 543
8664 526
8728 508
8788 480
8856 448
8920 415
8980 399
9044 384
9104 384
9168 384
9228 384
9292 399
9356 415
9416 448
9480 480
9540 496
9604 511
9664 524
9728 536
9788 536
9856 527
9920 512
9980 504
10044 480
10108 451
10168 448
10232 415
10292 399
10356 391
10416 391
10480 399
10540 412
10604 448
10664 448
10728 480
10788 480
10856 504
10920 511
10984 515
11044 518
11108 515
11168 508
11232 496
11292 480
11356 455
11416 448
11480 448
11540 415
11604 412
11664 408
11728 414
11788 415
11852 448
11920 448
11984 480
12044 480
12108 496
12168 504
12232 508
12292 508
12356 508
12416 504
12480 496
12540 480
12604 455
12668 448
12728 448
12792 448
12852 415
12920 415
12984 419
13044 448
13108 448
13168 448
13232 455
13292 480
13356 480
13420 496
13480 504
13544 504
13604 504
13668 496
13728 496
13792 480
13852 480
13916 448
13980 448
14044 448
14104 448
14168 448
14232 448
14292 448
14356 448
14416 448
14480 451
14540 480
14604 480
14664 480
14728 496
14788 496
14852 496
14912 496
14980 480
15044 480
15108 480
15168 451
15232 448
15292 448
15356 448
15416 448
15480 448
15540 448
15604 448
15664 448
15728 451
15788 480
15852 480
15916 480
15984 480
48 319
112 192
172 96
236 7
296 0
360 0
420 62
484 158
544 271
608 408
668 543
732 668
792 768
864 831
924 864
988 864
1048 799
1112 768
1172 624
1236 504
1296 384
1360 271
1420 192
1484 126
1544 96
1608 112
1672 140
1732 224
1796 304
1864 414
1924 515
1988 624
2048 704
2112 768
2172 775
2236 769
2296 768
2360 704
2424 608
2484 510
2548 415
2608 327
2672 255
2732 199
2796 192
2864 192
2924 224
2988 255
3048 323
3112 408
3176 496
3236 572
3300 638
3360 704
3424 704
3484 705
3548 704
3608 639
3672 583
3732 512
3796 448
3856 384
3924 312
3988 255
4052 248
4112 240
4176 255
4236 287
4300 352
4360 403
4424 480
4484 536
4548 583
4608 632
4672 652
4732 655
4796 639
4860 624
4928 568
4988 510
5052 448
5112 391
5176 352
5236 316
5300 287
5360 284
5424 291
5484 319
5548 384
5612 408
5672 455
5736 510
5796 547
5860 583
5920 608
5984 624
6048 608
6108 575
6172 547
6236 511
6296 480
6360 415
6420 384
6484 352
6544 327
6608 319
6668 327
6732 352
6792 384
6856 412
6916 448
6984 496
7048 526
7112 560
7172 574
7236 575
7296 575
7360 568
7420 536
7484 508
7544 480
7608 448
7668 399
7732 384
7792 384
7856 384
7916 384
7988 384
8048 387
8112 415
8172 448
8236 480
8296 510
8360 527
8420 543
8484 551
8544 551
8608 542
8668 519
8732 504
8796 480
8856 448
8920 415
8980 399
9048 384
9112 384
9172 384
9236 384
9296 399
9360 419
9420 448
9484 480
9548 496
9608 512
9672 527
9732 536
9796 536
9856 527
9920 512
9980 504
10048 480
10112 449
10172 448
10236 415
10300 399
10360 391
10424 391
10484 399
10548 412
10608 448
10672 448
10732 480
10796 480
10856 504
10920 511
10980 515
11044 515
11112 512
11176 508
11236 496
11300 480
11360 455
11424 448
11484 448
11548 415
11608 408
11672 408
11732 412
11796 415
11856 448
11920 448
11984 480
12044 480
12112 496
12176 504
12236 508
12300 510
12360 508
12424 504
12484 496
12548 480
12608 457
12672 448
12736 448
12796 448
12860 415
12920 415
12984 415
13044 448
13112 448
13176 448
13236 463
13300 480
13360 496
13424 496
13488 504
13548 504
13612 504
13672 496
13736 480
13796 480
13860 480
13920 449
13984 448
14044 448
14108 448
14176 448
14236 448
14300 448
14364 448
14424 448
14488 455
14548 480
14612 480
14672 480
14736 496
14796 496
14860 496
14920 480
14984 480
15044 480
15108 480
15176 451
15240 448
15300 448
15364 448
15424 448
15488 448
15548 448
15612 448
15672 449
15736 455
15796 480
15860 480
15920 480
15984 480
