28 1023
92 255
152 192
216 124
276 63
340 24
400 0
464 0
524 7
588 35
648 96
712 135
776 224
836 275
900 352
960 415
1024 496
1092 547
1152 608
1216 639
1276 670
1340 704
1400 704
1464 704
1528 664
1588 638
1652 608
1712 568
1776 519
1836 480
1900 448
1960 399
2024 384
2092 335
2152 316
2216 304
2280 287
2340 287
2404 304
2464 316
2528 327
2588 384
2652 384
2712 399
2776 448
2836 449
2900 480
2960 504
3024 512
3084 526
3156 536
3216 540
3280 540
3340 531
3404 524
3464 512
3528 504
3588 496
3652 480
3712 455
3776 448
3836 448
3900 415
3960 412
4024 399
4088 398
4156 398
4216 399
4280 399
4340 412
4404 415
4464 448
4528 448
4588 448
4652 449
4712 460
4776 480
4840 480
4900 480
4964 496
5024 496
5088 496
5156 496
5216 496
5280 480
5340 480
5404 480
5464 480
5528 455
5592 449
5652 448
5716 448
5776 448
5840 448
5900 448
5964 448
6024 448
6088 448
6148 448
6216 448
6280 448
6344 448
6404 448
6468 448
6528 451
6592 455
6652 480
6716 480
6776 480
6840 480
6900 480
6964 480
7024 480
7088 480
7148 480
7220 480
7280 480
7344 480
7404 455
7468 455
7528 451
7592 451
7652 449
7716 448
7776 448
7840 448
7900 448
7964 448
8028 448
8088 448
8152 448
8220 448
8280 448
8344 449
8404 451
8468 451
8528 455
8592 455
8652 455
8716 455
8780 455
8840 455
8904 455
8964 455
9028 455
9088 455
9152 451
9212 451
9280 451
9344 451
9404 449
9468 449
9532 449
9592 449
9656 449
9716 449
9780 449
9840 449
9904 451
9964 451
10028 455
10088 455
10152 455
10212 455
10280 455
10344 455
10408 455
10468 455
10532 455
10592 455
10656 455
10716 455
10780 455
10840 455
10904 455
10964 455
11028 455
11088 455
11152 455
11212 455
11276 455
11340 455
11404 455
11468 455
11528 455
11592 455
11652 455
11716 455
11776 455
11840 455
11900 455
11964 455
12024 455
12088 455
12148 455
12212 455
12272 455
12344 455
12404 455
12468 455
12528 455
12592 455
12652 455
12716 455
12776 455
12840 455
12900 455
12964 455
13024 455
13088 455
13152 455
13212 455
13276 455
13344 455
13404 455
13468 480
13528 480
13592 455
13652 455
13716 457
13776 455
13840 455
13904 455
13964 455
14028 455
14088 455
14152 451
14212 451
14276 451
14336 451
14404 451
14468 451
14528 451
14592 451
14656 451
14716 451
14780 454
14840 454
14904 455
14964 455
15028 455
15088 455
15152 455
15212 455
15276 455
15336 455
15404 455
15468 455
15532 455
15592 455
15656 455
15716 455
15780 455
15840 455
15904 455
15964 455
15028 455
15088 455
15152 455
15212 455
15276 455
15336 455
15400 455
15460 455
15524 455
15584 455
15648 455
15708 455
15772 455
15836 455
15896 455
15960 460
16020 460
16088 480
16152 480
16212 459
16276 480
16336 480
16400 460
16460 455
16524 457
16588 460
16648 457
16712 455
16772 455
16836 455
16896 455
16960 455
17020 455
17088 455
17152 455
17212 480
17276 455
17340 455
17400 455
17464 455
17524 455
17588 455
17648 455
17712 460
17772 460
17836 455
17896 460
17960 480
18020 480
18088 480
18152 460
18216 480
18276 455
18340 455
18400 455
18464 455
18524 455
18588 455
18648 454
18712 451
18772 451
18836 451
18896 451
18960 451
19020 451
19084 451
19152 451
19216 455
19276 454
19340 455
19400 455
19464 455
19524 455
19588 455
19648 455
19712 455
19772 455
19836 455
19900 455
19960 455
20024 455
20084 455
20152 455
20216 480
20276 455
20340 455
20400 455
20464 455
20524 455
20588 455
20652 455
20712 455
20776 455
20836 455
20900 455
20960 455
21024 455
21084 455
21148 455
21216 455
21276 454
21340 455
21404 454
21464 451
21528 451
21588 451
21652 451
21712 451
21776 451
21836 451
21900 451
21960 451
22024 451
22084 451
22148 455
22216 455
22280 455
22340 455
22404 455
22464 455
22528 455
22588 455
22652 457
22712 457
22776 460
22836 457
22900 455
22960 459
23024 457
23088 459
23148 455
23216 480
23280 460
23340 460
23404 460
23464 455
23528 455
23588 460
23652 460
23712 455
23776 457
23840 480
23900 455
23964 457
24024 455
24088 455
24148 455
24212 455
24280 455
24340 455
24404 455
24464 455
24528 455
24592 455
24652 455
24716 455
24776 455
24840 455
24900 455
24964 455
25024 455
25088 455
25148 455
25212 455
25280 455
25340 455
25404 455
25468 455
25528 460
25592 455
25652 455
25716 455
25776 455
25840 455
25900 451
25964 451
26024 451
26088 451
26148 451
26212 451
26280 451
26344 451
26404 451
26468 451
26528 451
26592 451
26652 454
26716 454
26776 455
26840 455
26900 455
26964 455
27024 455
27088 455
27152 455
27212 455
27276 455
27344 455
27404 455
27468 455
27528 455
27592 455
27652 451
27716 451
27776 451
27840 451
27904 451
27964 451
28028 451
28088 451
28152 451
28212 451
28276 451
28344 455
28404 455
28468 455
28528 455
28592 455
28656 460
28716 460
28780 480
28840 480
28904 480
28964 480
29028 480
29088 455
29152 460
29212 460
29276 455
29336 455
29408 455
29468 455
29532 455
29592 455
29656 455
29716 455
29780 455
29840 455
29904 455
29964 455
30028 455
30088 455
30152 455
30212 455
30276 455
30340 454
30408 455
30468 455
30532 455
30592 455
30656 455
30716 455
30780 455
30840 455
30904 455
30964 455
30024 455
30092 455
30156 455
30216 455
30280 455
30344 455
30404 454
30468 451
30528 451
30592 451
30652 451
30716 451
30776 451
30840 451
30900 451
30964 451
31024 451
31092 451
31156 451
31220 455
31280 455
31344 455
31404 455
31468 455
31528 455
31592 455
31652 455
31716 455
31776 455
31840 455
31900 455
31964 455
32024 455
32096 455
32156 451
32220 451
32280 451
32344 451
32404 451
32468 451
32528 451
32592 451
32652 451
32716 451
32776 451
32840 455
32904 455
32964 455
33028 455
33088 460
33156 460
33220 480
33280 480
33344 480
33404 480
33468 480
33528 480
33592 480
33656 480
33716 455
33780 457
33840 455
33904 455
33964 455
34028 455
34088 455
34156 455
34220 455
34280 455
34344 455
34408 455
34468 455
34532 455
34592 455
34656 455
34716 455
34780 455
34840 455
34904 455
34964 455
35028 455
35088 451
35156 455
35220 455
35284 455
35344 455
35408 455
35468 455
35532 455
35592 455
35656 455
35716 455
35780 455
35840 455
35904 460
35964 480
36028 480
36092 480
36152 480
36220 480
36284 480
36344 480
36408 480
36468 480
36532 480
36592 480
36656 460
36716 455
36780 455
36844 455
36904 455
36968 455
37028 455
37092 451
37152 455
37220 455
37284 455
37344 455
37408 455
37468 455
37532 455
37596 455
37656 455
37720 455
37780 451
37844 455
37904 455
37968 455
38028 454
38092 455
38152 455
38216 451
38284 454
38348 455
38408 454
38472 451
38532 455
38596 455
38656 455
38720 455
38780 455
38844 455
38904 455
38968 457
39028 460
39092 457
39152 457
39216 460
39284 460
39348 455
39408 455
39472 455
39532 455
39596 455
39656 455
39720 455
39780 455
39844 455
39904 455
39968 455
40028 455
40092 455
40156 455
40216 455
40284 455
40348 457
40408 460
40472 480
40532 480
40596 480
40656 480
40720 480
40780 480
40844 480
40908 480
40968 480
41032 480
41092 480
41156 480
41216 480
41280 460
41348 455
41408 455
41472 480
41532 455
41596 455
41660 455
41720 455
41784 455
41844 455
41908 455
41968 455
42032 455
42092 480
42156 457
42216 480
42280 480
42348 480
42412 480
42472 455
42536 480
42596 480
42660 480
42720 480
42784 455
42844 455
42908 455
42968 455
43032 455
43092 455
43156 455
43216 455
43280 454
43348 451
43412 451
43472 451
43536 454
43596 454
43660 455
43720 455
43784 455
43844 455
43908 455
43968 455
44032 455
44096 455
44156 455
44220 455
44280 455
44344 455
44412 455
44472 455
44536 455
44596 455
44660 457
44720 455
44784 457
44848 460
44908 463
44972 455
45032 455
45096 455
45156 455
45220 455
45280 455
45344 457
45412 455
45472 455
45536 455
45600 455
45660 455
45724 455
45784 455
45848 455
45908 455
45972 455
45036 460
45104 455
45164 480
45228 480
45288 480
45352 480
45412 480
45476 480
45536 480
45600 480
45660 480
45724 480
45788 480
45848 457
45912 457
45972 455
46036 455
46104 455
46164 455
46228 455
46288 455
46352 455
46412 455
46476 455
46540 455
46600 455
46664 455
46724 463
46788 480
46848 460
46912 480
46972 480
47036 480
47096 480
47164 480
47228 480
47292 480
47352 480
47416 480
47476 455
47540 455
47600 455
47664 455
47724 455
47788 455
47848 454
47912 451
47972 451
48036 451
48096 451
48168 451
48228 455
48292 455
48352 455
48416 455
48476 455
48540 455
48600 455
48664 455
48724 455
48788 455
48848 455
48912 455
48972 455
49036 455
49100 455
49160 455
49224 455
49288 460
49352 459
49412 460
49476 460
49536 460
49600 455
49660 457
49724 455
49784 455
49848 455
49908 455
49972 455
50032 455
50096 455
50156 455
50228 455
50288 455
50352 455
50412 455
50476 455
50536 455
50600 451
50660 454
50724 451
50784 451
50848 451
50908 451
50972 455
51032 451
51096 451
51160 454
51228 455
51288 455
51352 455
51412 455
51476 455
51536 455
51600 459
51660 455
51724 459
51784 480
51848 459
51912 480
51972 460
52036 455
52096 459
52160 460
52220 455
52288 460
52352 460
52412 480
52476 460
52536 480
52600 480
52664 480
52724 480
52788 480
52848 480
52912 480
52972 480
53036 460
53096 460
53160 455
53220 455
53288 455
53352 455
53416 455
53476 455
53540 455
53600 455
53664 455
53724 455
53788 455
53848 455
53912 455
53972 455
54036 455
54096 455
54160 460
54220 455
54284 455
54352 455
54416 455
54476 455
54540 455
54600 455
54664 455
54724 455
54788 455
54848 455
54912 455
54972 455
55036 454
55100 451
55160 451
55224 451
55284 451
55352 451
55416 451
55476 451
55540 455
55600 451
55664 451
55724 451
55788 454
55852 455
55912 455
55976 455
56036 455
56100 455
56160 460
56224 455
56284 455
56352 455
56416 455
56476 455
56540 455
56604 455
56664 455
56728 455
56788 451
56852 451
56912 451
56976 451
57036 451
57100 451
57160 451
57224 451
57284 451
57348 455
57416 455
57480 455
57540 455
57604 455
57664 455
57728 459
57788 460
57852 480
57912 480
57976 480
58036 480
58100 480
58160 480
58224 480
58284 460
58348 457
58416 460
58480 455
58540 455
58604 455
58664 455
58728 455
58788 455
58852 455
58912 455
58976 455
59036 455
59100 455
59164 455
59224 455
59288 455
59348 455
59416 455
59480 455
59540 455
59604 455
59664 455
59728 455
59788 455
59852 455
59916 455
59976 455
60040 455
60100 455
60164 455
60224 455
60288 455
60348 455
60412 460
60480 480
60540 480
60604 480
60668 480
60728 480
60792 480
60852 460
60916 480
60976 480
60028 451
60096 451
60156 451
60220 451
60280 451
60344 451
60404 455
60468 455
60532 455
60592 455
60656 455
60716 455
60780 455
60840 455
60904 455
60964 455
61028 455
61096 455
61156 455
61220 455
61284 455
61344 455
61408 455
61468 455
61532 451
61592 451
61656 451
61716 451
61780 451
61840 451
61904 451
61964 451
62028 455
62088 455
62160 455
62220 455
62284 455
62344 455
62408 480
62468 480
62532 480
62592 480
62656 480
62716 480
62780 480
62840 480
62904 480
62968 459
63028 457
63092 455
63160 455
63220 455
63284 455
63344 455
63408 455
63468 455
63532 455
63592 455
63656 455
63720 455
63780 455
63844 455
63904 455
63968 455
64028 455
64092 455
64152 455
64220 455
64284 455
64344 455
64408 455
64472 455
64532 455
64596 455
64656 455
64720 455
64780 455
64844 455
64904 455
64968 455
65028 460
65092 480
65152 480
65220 480
65284 480
65348 480
65408 480
65472 480
65532 480
65596 480
65656 480
65720 480
65780 480
65844 480
65904 460
65968 457
66028 455
66092 455
66152 455
66224 455
66284 455
66348 455
66408 455
66472 455
66532 455
66596 455
66656 455
66720 455
66780 455
66844 455
66904 455
66968 455
67032 455
67092 455
67156 455
67216 455
67284 455
67348 455
67408 455
67472 455
67532 454
67596 455
67656 455
67720 455
67784 455
67844 455
67908 455
67968 455
68032 455
68092 455
68156 455
68216 457
68284 457
68348 459
68408 460
68472 455
68536 455
68596 455
68660 455
68720 455
68784 455
68844 455
68908 455
68968 455
69032 455
69092 455
69156 455
69216 455
69284 455
69348 455
69412 455
69472 455
69536 455
69596 460
69660 480
69720 480
69784 480
69844 480
69908 480
69968 480
70032 480
70092 480
70156 480
70220 480
70280 480
70348 480
70412 480
70472 457
70536 455
70596 455
70660 455
70720 455
70784 455
70844 455
70908 455
70972 455
71032 455
71096 455
71156 455
71220 455
71280 455
71348 460
71412 460
71472 480
71536 480
71596 480
71660 480
71720 480
71784 480
71848 480
71908 480
71972 480
72032 480
72096 455
72156 455
72220 455
72280 455
72344 455
72408 455
72472 454
72536 451
72596 451
72660 451
72720 451
72784 451
72844 454
72908 451
72968 455
73032 455
73092 455
73156 455
73216 455
73280 455
73340 455
73412 455
73472 455
73536 455
73596 455
73660 455
73720 455
73784 455
73844 455
73908 480
73968 457
74032 455
74092 460
74156 480
74216 455
74280 455
74344 455
74412 455
74472 455
74536 455
74596 455
74660 455
74720 455
74784 455
74844 455
74908 455
74968 455
75032 455
75096 455
75156 455
75220 455
75280 454
75344 454
75404 451
75472 451
75536 454
75596 454
75660 451
75720 455
75784 455
75848 455
75908 455
75972 455
75032 455
75100 455
75160 480
75224 455
75288 455
75348 455
75412 455
75472 455
75536 455
75596 455
75660 455
75720 457
75784 455
75844 455
75908 480
75968 480
76032 480
76100 480
76164 480
76224 480
76288 480
76348 480
76412 480
76472 480
76536 480
76596 480
76660 457
76720 455
76784 455
76844 455
76908 455
76968 455
77032 451
77096 451
77164 455
77224 451
77288 451
77348 454
77412 451
77472 455
77536 455
77596 455
77660 455
77720 455
77784 455
77848 455
77908 455
77972 455
78032 455
78096 455
78164 455
78224 455
78288 455
78348 457
78412 480
78472 455
78536 459
78600 455
78660 460
78724 480
78784 455
78848 455
78908 457
78972 455
79032 455
79096 455
79156 455
79224 455
79288 455
79352 455
79412 451
79476 455
79536 455
79600 455
79660 455
79724 455
79784 454
79848 455
79908 454
79972 451
80032 451
80096 455
80156 451
80228 451
80288 455
80352 455
80412 457
80476 455
80536 455
80600 455
80660 455
80724 455
80784 455
80848 455
80908 460
80972 480
81036 480
81096 460
81160 460
81228 457
81288 457
81352 460
81412 480
81476 457
81536 460
81600 480
81660 480
81724 480
81788 480
81848 448
81912 480
81972 480
82036 480
82096 480
82160 480
82220 460
82288 480
82352 460
82412 455
82476 455
82540 455
82600 455
82664 455
82724 455
82788 455
82848 455
82912 455
82972 455
83036 455
83096 455
83160 455
83220 455
83288 455
83352 455
83416 455
83476 455
83540 455
83600 455
83664 455
83724 480
83788 455
83848 455
83912 455
83972 455
84036 455
84096 455
84160 455
84220 454
84292 455
84352 454
84416 451
84476 451
84540 451
84600 451
84664 451
84724 455
84788 451
84848 451
84912 455
84972 455
85036 455
85100 455
85160 455
85224 455
85284 455
85352 455
85416 455
85476 455
85540 455
85600 455
85664 455
85724 455
85788 455
85852 455
85912 455
85976 455
86036 454
86100 451
86160 451
86224 451
86284 451
86352 451
86416 451
86476 451
86540 454
86604 455
86664 455
86728 455
86788 455
86852 455
86912 457
86976 480
87036 480
87100 480
87160 480
87224 480
87284 480
87348 480
87412 480
87476 480
87540 460
87600 480
87664 457
87724 455
87788 455
87848 455
87912 455
87972 455
88036 455
88096 455
88160 455
88220 455
88284 455
88344 455
88416 455
88476 455
88540 455
88600 455
88664 455
88724 455
88788 455
88848 455
88912 455
88972 455
89036 455
89096 455
89160 455
89220 455
89284 455
89348 455
89416 455
89476 459
89540 460
89600 460
89664 480
89724 480
89788 480
89848 480
89912 480
89972 480
90036 480
90100 480
90160 480
90224 480
90284 480
90348 480
90408 480
90476 457
90540 455
90600 455
90664 455
90724 455
90788 455
90852 455
90912 455
90976 455
90032 455
90100 455
90160 455
90224 455
90284 455
90348 455
90408 455
90472 455
90532 451
90596 451
90656 451
90720 451
90780 451
90844 454
90904 451
90968 451
91032 455
91100 455
91160 455
91224 455
91284 455
91348 455
91408 460
91472 480
91532 480
91596 455
91656 480
91720 480
91784 480
91844 480
91908 480
91968 480
92032 460
92100 455
92160 455
92224 455
92284 455
92348 455
92408 455
92472 455
92536 455
92596 455
92660 455
92720 455
92784 455
92844 455
92908 455
92968 455
93032 455
93092 455
93160 455
93224 455
93288 455
93348 455
93412 455
93472 455
93536 455
93596 455
93660 455
93720 455
93784 455
93844 455
93908 455
93968 455
94032 448
94092 460
94164 480
94224 480
94288 480
94348 480
94412 480
94472 480
94536 480
94596 480
94660 480
94720 480
94784 480
94844 480
94908 480
94972 460
95032 455
95096 455
95164 455
95224 455
95288 455
95348 455
95412 455
95472 455
95536 455
95596 451
95660 455
95724 455
95784 455
95848 455
95908 455
95972 455
96032 455
96096 455
96156 455
96224 455
96288 455
96348 455
96412 455
96476 455
96536 455
96600 455
96660 455
96724 455
96784 455
96848 455
96908 455
96972 455
97032 455
97096 455
97156 455
97224 455
97288 455
97352 457
97412 457
97476 455
97536 455
97600 455
97660 455
97724 455
97784 455
97848 480
97908 455
97972 455
98032 455
98096 455
98156 455
98220 455
98284 455
98348 455
98408 455
98472 455
98536 455
98596 460
98660 460
98720 480
98784 480
98844 480
98908 480
98968 480
99032 480
99092 480
99156 480
99216 480
99284 480
99348 480
99412 480
99472 480
99536 457
99596 455
99660 455
99720 455
99784 455
99844 455
99908 455
99968 455
100032 455
100092 455
100156 455
100216 455
100288 455
100348 460
100412 460
100472 480
100536 480
100596 480
100660 480
100720 480
100784 480
100844 480
100908 480
100968 480
101032 480
101096 480
101156 455
101220 455
101280 455
101348 455
101412 455
101472 455
101536 455
101596 454
101660 451
101720 451
101784 451
101848 454
101908 451
101972 455
102032 455
102096 455
102156 455
102220 455
102280 455
102348 455
102412 455
102472 480
102536 455
102600 455
102660 455
102724 455
102784 455
102848 455
102908 457
102972 455
103032 460
103096 460
103156 460
103220 457
103280 457
103344 455
103412 455
103476 455
103536 455
103600 455
103660 455
103724 455
103784 455
103848 455
103908 455
103972 455
104032 455
104096 455
104156 455
104220 455
104284 454
104344 455
104412 454
104476 451
104536 454
104600 451
104660 454
104724 454
104784 455
104848 455
104908 455
104972 455
105036 455
105096 455
105160 455
105220 455
105284 455
105344 455
105412 460
105476 455
105536 480
105600 480
105660 460
105724 460
105788 460
105848 460
105912 460
105972 460
105024 480
105092 480
105156 480
105216 480
105280 480
105340 480
105404 480
105468 480
105528 480
105592 480
105652 480
105716 455
105776 455
105840 455
105900 455
105964 455
106024 455
106092 455
106156 451
106216 451
106280 451
106344 451
106404 451
106468 455
106528 455
106592 455
106652 455
106716 455
106776 455
106840 455
106900 455
106964 455
107024 455
107092 455
107156 455
107220 455
107280 455
107344 455
107404 457
107468 460
107528 463
107592 460
107652 480
107716 460
107776 455
107840 460
107900 455
107964 455
108028 455
108088 455
108156 455
108220 455
108280 455
108344 455
108404 455
108468 455
108528 455
108592 455
108652 455
108716 455
108780 455
108840 455
108904 455
108964 451
109028 455
109088 455
109156 451
109220 451
109280 454
109344 451
109404 455
109468 455
109532 455
109592 455
109656 455
109716 455
109780 455
109840 455
109904 455
109964 455
110028 457
110088 480
110152 480
110216 480
110280 460
110344 457
110404 480
110468 480
110528 480
110592 480
110652 460
110716 480
110776 480
110840 480
110900 480
110964 480
111024 480
111088 480
111148 480
111220 480
111280 460
111344 460
111404 460
111468 457
111528 455
111592 455
111652 455
111716 455
111776 455
111840 455
111900 455
111964 455
112028 455
112088 455
112152 455
112220 455
112280 455
112344 455
112404 455
112468 455
112528 455
112592 455
112652 455
112716 455
112780 455
112840 455
112904 455
112964 455
113028 455
113088 455
113152 455
113212 451
113280 455
113344 451
113404 454
113468 451
113532 451
113592 451
113656 451
113716 451
113780 451
113840 451
113904 451
113964 451
114028 454
114088 455
114152 455
114212 455
114280 455
114344 455
114408 480
114468 455
114532 455
114592 455
114656 455
114716 455
114780 455
114840 455
114904 455
114964 455
115028 455
115088 455
115152 454
115216 451
115276 451
115344 455
115408 451
115468 451
115532 451
115592 451
115656 455
115716 455
115780 455
115840 455
115904 455
115968 455
116028 480
116092 480
116152 480
116216 480
116276 480
116344 455
116408 480
116468 480
116532 480
116592 460
116656 460
116720 459
116780 455
116844 455
116904 455
116968 455
117028 455
117092 455
117152 455
117216 455
117276 455
117344 455
117408 455
117472 455
117532 455
117596 455
117656 455
117720 455
117780 455
117844 455
117904 455
117968 455
118028 455
118092 455
118152 455
118216 455
118276 455
118340 455
118408 455
118472 455
118532 455
118596 460
118656 480
118720 480
118780 480
118844 480
118904 480
118968 480
119028 480
119092 480
119152 480
119216 480
119280 480
119340 480
119408 480
119472 480
119532 480
119596 455
119656 455
119720 455
119780 455
119844 455
119904 455
119968 455
120032 455
120092 455
120156 455
120216 455
120280 455
120340 455
120408 455
120472 455
120532 455
120596 455
120656 455
120720 455
120784 455
120844 454
120908 455
120968 455
