16 1023
80 384
140 384
204 384
264 384
328 352
392 352
452 335
516 327
584 312
644 304
708 287
768 280
832 271
892 255
956 255
1016 255
1080 255
1144 255
1204 255
1268 255
1328 255
1392 263
1452 271
1516 286
1576 287
1644 312
1708 319
1768 327
1832 352
1896 384
1956 384
2020 391
2080 408
2144 448
2204 448
2268 455
2328 480
2392 496
2452 511
2516 526
2576 543
2644 560
2708 574
2772 583
2832 608
2896 608
2956 624
3020 632
3080 636
3144 639
3204 639
3268 639
3328 639
3392 639
3452 639
3516 639
3576 639
3640 636
3708 632
3772 624
3832 608
3896 608
3956 583
4020 575
4080 568
4144 543
4204 536
4268 515
4328 508
4392 496
4456 480
4516 451
4580 448
4640 448
4708 408
4772 391
4832 384
4896 384
4956 384
5020 352
5080 327
5144 319
5208 316
5268 312
5332 304
5392 291
5456 287
5516 287
5580 287
5640 287
5708 287
5772 287
5832 304
5896 312
5960 316
6020 319
6084 319
6144 335
6208 352
6268 384
6332 384
6392 384
6456 396
6516 412
6580 448
6640 448
6704 449
6772 480
6836 480
6896 504
6960 511
7020 519
7084 540
7144 543
7208 568
7268 572
7332 575
7392 583
7456 608
7516 608
7580 608
7644 608
7704 624
7772 624
7836 624
7896 624
7960 624
8020 608
8084 608
8144 608
8208 608
8268 583
8332 575
8396 572
8456 568
8520 543
8580 540
8644 524
8704 512
8772 504
8836 496
8896 480
8960 455
9020 448
9084 448
9148 419
9208 412
9272 398
9332 384
9396 384
9456 384
9520 384
9580 352
9644 352
9704 334
9768 327
9836 319
9896 319
9960 319
10024 319
10084 319
10148 319
10208 319
10272 319
10332 327
10396 332
10456 352
10520 352
10580 384
10644 384
10704 384
10768 384
10836 391
10900 399
10960 415
11024 448
11084 448
11148 448
11208 480
11272 480
11332 496
11396 504
11456 510
11520 515
11580 527
11644 540
11708 543
11768 560
11832 568
11900 572
11960 575
12024 575
12084 583
12148 583
12208 588
12272 590
12332 588
12396 585
12460 583
12520 582
12584 575
12644 575
12708 572
12768 568
12832 560
12900 543
12960 540
13024 527
13084 515
13148 510
13212 504
13272 496
13336 480
13396 480
13460 451
13520 448
13584 448
13644 448
13708 415
13768 399
13832 391
13900 384
13964 384
14024 384
14088 384
14148 384
14212 384
14272 352
14336 352
14396 352
14460 352
14520 352
14584 352
14644 352
14708 352
14768 352
14832 384
14896 384
14964 384
15024 384
15088 384
15148 384
15212 387
15272 399
15336 412
15396 415
15460 448
15520 448
15584 448
15648 455
15708 480
15772 480
15832 496
15896 504
15964 508
