12 1023
76 271
140 199
200 135
264 97
324 96
388 96
448 135
512 199
572 284
636 384
696 480
760 575
820 668
884 768
952 792
1016 816
1076 807
1140 771
1200 736
1264 639
1324 547
1388 449
1448 384
1512 268
1572 195
1636 147
1696 124
1760 124
1824 143
1884 195
1948 263
2016 384
2076 449
2140 543
2200 636
2264 704
2324 768
2388 782
2448 783
2512 768
2576 736
2636 654
2700 575
2760 496
2824 396
2884 316
2948 248
3016 192
3076 156
3140 143
3200 159
3264 224
3328 255
3388 352
3452 448
3512 510
3576 591
3636 664
3700 736
3760 768
3824 768
3884 768
3948 736
4008 655
4080 583
4140 508
4204 419
4264 352
4328 271
4388 224
4452 192
4512 192
4576 192
4636 224
4700 255
4760 319
4824 396
4884 480
4948 560
5012 632
5080 704
5140 768
5204 768
5264 768
5328 705
5388 659
5452 608
5512 527
5576 451
5636 384
5700 316
5764 255
5824 224
5888 193
5948 195
6012 224
6080 255
6140 319
6204 384
6264 455
6328 527
6388 608
6452 647
6516 704
6576 711
6640 711
6700 704
6764 655
6824 608
6888 543
6948 480
7012 408
7072 352
7140 284
7204 248
7268 224
7328 224
7392 240
7452 255
7516 312
7576 384
7640 448
7700 504
7764 568
7824 624
7888 655
7948 704
8012 704
8072 704
8144 652
8204 608
8268 560
8328 496
8392 448
8452 384
8516 316
8576 271
8640 252
8700 240
8764 248
8824 268
8888 312
8948 384
9012 415
9076 480
9144 543
9204 608
9268 638
9328 664
9392 671
9452 670
9516 639
9576 608
9640 568
9700 510
9764 448
9828 391
9888 352
9952 304
10012 268
10076 255
10136 255
10204 275
10268 316
10328 384
10392 403
10452 480
10516 515
10580 572
10640 608
10704 639
10764 655
10828 654
10888 639
10952 624
11012 574
11076 519
11136 480
11204 412
11268 384
11332 319
11392 287
11456 271
11516 271
11580 286
11640 316
11704 352
11764 391
11828 448
11888 504
11952 543
12012 583
12076 624
12136 638
12200 639
12268 636
12332 608
12392 574
12456 527
12516 480
12580 448
12640 384
12704 352
12764 312
12828 287
12888 284
12952 287
13016 316
13076 352
13140 384
13200 448
13268 480
13332 527
13392 572
13456 608
13516 624
13580 632
13640 632
13704 608
13768 575
13828 540
13892 496
13952 448
14016 399
14076 384
14140 327
14200 312
14268 295
14332 304
14392 318
14456 352
14520 384
14580 419
14644 480
14704 511
14768 547
14828 575
14892 608
14952 624
15016 624
15076 608
15140 575
15200 543
15264 508
15332 455
15396 415
15456 384
15520 352
15580 319
15644 312
15704 312
15768 319
15828 352
15892 384
15952 412
