20 1023
84 240
148 135
208 63
272 15
332 0
396 12
464 70
524 159
588 255
648 384
712 512
772 636
836 768
900 830
960 896
1024 903
1084 896
1148 864
1208 771
1272 671
1332 568
1396 448
1464 312
1524 199
1588 120
1652 62
1712 31
1776 48
1836 96
1900 152
1960 248
2024 256
2084 480
2148 579
2208 704
2272 771
2332 831
2396 896
2456 896
2528 831
2588 768
2652 704
2712 575
2776 480
2836 384
2900 254
2960 192
3024 112
3084 71
3148 63
3208 96
3272 147
3332 240
3396 319
3460 448
3528 543
3588 639
3652 768
3712 796
3776 831
3836 838
3900 824
3960 768
4024 704
4084 608
4148 508
4212 399
4272 304
4336 224
4396 152
4460 120
4528 96
4588 120
4652 159
4712 224
4776 316
4836 408
4900 508
4964 608
5024 704
5088 768
5148 796
5212 816
5272 799
5336 768
5396 704
5460 632
5520 536
5588 448
5652 335
5716 255
5776 192
5840 143
5900 126
5964 127
6024 159
6088 224
6148 287
6212 384
6272 480
6336 568
6396 639
6460 707
6520 768
6592 783
6652 775
6716 768
6776 704
6840 638
6900 551
6964 480
7024 384
7088 295
7148 240
7212 192
7272 156
7336 152
7400 192
7460 224
7524 273
7592 384
7652 448
7716 527
7776 608
7840 671
7900 768
7964 768
8024 768
8088 768
8152 704
8212 639
8276 574
8336 496
8400 414
8460 334
8524 270
8584 224
8652 192
8716 192
8776 192
8840 224
8904 271
8964 352
9028 415
9088 504
9152 572
9212 638
9276 704
9336 768
9400 768
9460 768
9524 704
9584 647
9652 575
9716 511
9780 448
9840 384
9904 304
9964 252
10028 224
10088 195
10152 199
10212 240
10276 271
10336 327
10400 391
10460 480
10524 540
10584 608
10648 654
10712 704
10776 707
10836 705
10900 704
10964 639
11024 608
11088 527
11148 480
11212 391
11272 327
11336 280
11396 248
11460 224
11520 224
11584 240
11644 268
11712 319
11776 384
11840 448
11900 512
11964 575
12024 632
12088 664
12148 704
12212 704
12272 671
12336 639
12396 608
12460 543
12520 496
12584 419
12644 384
12716 312
12776 263
12840 248
12900 248
12964 252
13024 271
13088 318
13148 384
13212 448
13272 496
13336 543
13396 608
13460 638
13524 664
13584 671
13648 668
13708 639
13776 608
13840 551
13900 504
13964 448
14024 384
14088 332
14148 287
14212 255
14276 255
14336 255
14400 280
14460 316
14524 384
14584 412
14648 480
14708 519
14776 575
14840 624
14900 639
14964 655
15028 652
15088 638
15152 608
15212 568
15276 512
15336 455
15400 403
15460 384
15524 319
15584 287
15648 271
15708 271
15772 287
15840 319
15904 384
15964 399
32 384
92 255
156 147
216 63
280 14
340 0
404 15
464 63
532 159
596 270
660 391
720 518
784 639
844 768
908 830
968 896
1032 902
1092 896
1156 839
1216 768
1280 668
1340 547
1404 448
1464 316
1536 193
1596 120
1660 60
1720 31
1784 48
1844 96
1908 158
1968 252
2032 384
2092 480
2156 588
2216 704
2280 775
2340 831
2404 896
2468 864
2528 831
2592 768
2656 704
2720 575
2780 480
2844 384
2904 254
2968 163
3028 112
3092 71
3152 63
3216 96
3276 147
3340 240
3400 319
3464 448
3524 540
3596 639
3656 768
3720 796
3780 831
3844 831
3904 824
3968 768
4028 704
4092 608
4152 508
4216 399
4276 304
4340 224
4400 152
4464 112
4528 96
4596 120
4656 159
4720 224
4780 316
4844 408
4904 510
4968 608
5028 704
5092 768
5152 796
5216 816
5280 799
5340 768
5404 704
5464 632
5528 529
5588 448
5656 332
5720 254
5780 192
5844 142
5904 126
5968 127
6032 159
6092 224
6156 287
6216 384
6280 480
6340 568
6404 639
6464 707
6528 768
6588 782
6656 775
6720 768
6784 704
6844 636
6908 547
6968 460
7032 384
7092 291
7156 240
7216 192
7280 156
7340 156
7404 192
7464 224
7528 284
7588 384
7652 448
7720 536
7784 624
7844 675
7908 768
7968 768
8032 768
8092 768
8156 704
8216 639
8280 572
8340 496
8404 408
8468 327
8528 255
8592 224
8652 192
8720 192
8784 192
8844 224
8908 280
8968 352
9032 415
9092 504
9156 575
9220 639
9280 704
9344 768
9404 768
9468 768
9528 704
9592 639
9652 583
9720 510
9784 448
9844 384
9908 295
9972 252
10032 224
10096 198
10156 224
10220 240
10280 271
10344 327
10404 396
10468 480
10528 542
10592 608
10652 654
10716 704
10784 705
10848 704
10908 704
10972 639
11032 590
11096 526
11156 455
11220 387
11280 327
11344 280
11404 248
11468 224
11528 224
11592 248
11652 271
11716 319
11784 384
11848 449
11908 515
11972 575
12032 632
12096 668
12156 704
12220 704
12280 671
12344 639
12404 608
12468 543
12532 480
12592 415
12656 384
12716 312
12784 255
12848 248
12908 248
12972 254
13032 280
13096 319
13156 384
13220 448
13284 496
13344 547
13408 608
13468 639
13532 664
13592 671
13656 664
13716 639
13780 608
13848 543
13908 496
13972 448
14036 384
14096 327
14160 287
14220 255
14284 255
14344 255
14408 284
14468 318
14532 384
14592 415
14656 480
14716 526
14780 575
14848 624
14912 639
14972 655
15036 647
15096 636
15160 608
15220 560
15284 510
15344 451
15408 399
15468 384
15532 318
15592 287
15656 271
15720 271
15780 287
15844 319
15912 384
15972 401
36 384
100 240
164 127
224 56
288 7
348 0
412 28
472 96
536 192
604 291
664 415
728 543
788 664
852 768
916 839
976 896
1040 899
1100 896
1164 831
1224 768
1288 639
1348 526
1412 401
1472 287
1536 192
1604 96
1668 56
1728 31
1792 56
1852 96
1916 192
1976 271
2040 384
2100 504
2164 608
2224 710
2288 792
2348 839
2412 896
2472 864
2536 824
2600 768
2664 652
2728 543
2792 448
2852 319
2916 240
2976 145
3040 96
3100 63
3164 67
3224 112
3288 192
3348 254
3412 352
3472 455
3536 568
3596 664
3668 768
3728 803
3792 831
3852 831
3916 799
3976 768
4040 671
4100 575
4164 480
4224 384
4288 271
4348 193
4412 134
4476 112
4536 96
4600 124
4668 192
4728 252
4792 335
4852 448
4916 529
4976 632
5040 704
5100 768
5164 799
5228 816
5288 796
5352 768
5412 704
5476 608
5536 510
5600 412
5660 319
5728 240
5792 192
5852 127
5916 126
5980 135
6040 192
6104 240
6164 318
6228 399
6288 496
6352 583
6412 664
6476 768
6536 768
6600 783
6660 771
6728 768
6792 704
6856 608
6916 527
6980 448
7040 384
7104 273
7164 224
7228 192
7288 156
7352 158
7412 192
7476 240
7536 304
7600 384
7664 480
7724 551
7792 632
7856 704
7916 768
7980 768
8040 768
8104 768
8164 704
8228 632
8288 547
8352 480
8416 385
8476 316
8540 252
8600 224
8664 192
8724 192
8792 192
8856 240
8916 291
8980 384
9040 448
9104 519
9168 576
9228 654
9292 704
9352 768
9416 768
9476 768
9540 704
9600 638
9664 572
9724 504
9792 414
9856 352
9920 284
9980 240
10044 224
10104 193
10168 224
10228 248
10292 287
10352 352
10416 415
10476 496
10540 568
10600 624
10664 670
10724 704
10788 711
10856 704
10920 675
10980 636
11044 575
11104 511
11168 448
11228 384
11292 316
11352 255
11416 240
11476 224
11540 224
11600 248
11664 284
11728 335
11788 391
11856 480
11920 531
11980 591
12044 639
12104 671
12168 704
12228 704
12292 671
12352 638
12416 583
12480 527
12540 480
12604 399
12664 352
12728 295
12788 255
12856 248
12920 248
12980 255
13044 287
13104 334
13168 385
13232 448
13292 510
13356 568
13416 624
13480 639
13540 668
13604 671
13664 655
13728 636
13788 590
13852 542
13920 480
13984 415
14044 384
14108 319
14168 286
14232 255
14292 255
14356 255
14416 287
14480 327
14540 384
14604 448
14664 496
14728 540
14788 583
14852 624
14920 639
14984 654
15044 639
15108 632
15168 588
15232 543
15292 496
15356 448
15416 387
15480 352
15540 312
15604 284
15668 271
15728 275
15792 291
15852 319
15916 384
15984 415
48 334
112 224
172 120
236 48
296 3
360 0
420 31
484 112
544 192
608 304
676 448
736 568
800 704
864 775
924 864
988 896
1048 897
1112 896
1172 816
1236 768
1296 632
1360 508
1420 384
1484 271
1544 192
1608 96
1676 56
1740 35
1800 62
1864 120
1924 192
1988 287
2048 399
2112 515
2172 632
2236 768
2296 799
2360 847
2420 768
2484 864
2548 807
2608 768
2672 638
2740 527
2800 415
2864 316
2924 224
2988 135
3048 96
3112 67
3172 79
3236 124
3300 192
3360 263
3424 384
3484 480
3548 575
3608 671
3672 768
3740 807
3800 831
3864 830
3924 796
3988 768
4052 654
4112 560
4176 455
4236 384
4300 255
4360 192
4424 127
4484 112
4548 112
4608 127
4672 192
4740 255
4804 384
4864 448
4928 543
4988 639
5052 711
5112 768
5176 799
5236 803
5300 782
5360 768
5424 670
5484 575
5548 496
5608 391
5672 312
5736 240
5804 163
5864 127
5928 126
5988 142
6052 192
6112 252
6176 327
6236 415
6300 510
6360 608
6424 671
6488 768
6548 768
6612 782
6672 768
6736 768
6804 671
6864 608
6928 511
6988 419
7052 352
7112 255
7176 224
7240 163
7300 152
7364 159
7424 192
7488 248
7548 316
7612 387
7672 480
7736 560
7804 639
7864 704
7928 768
7992 768
8052 768
8116 768
8176 671
8240 624
8300 540
8364 451
8424 384
8488 304
8548 248
8612 195
8672 192
8736 192
8796 195
8868 248
8928 312
8992 384
9052 451
9116 527
9176 608
9240 664
9300 704
9364 768
9424 768
9488 711
9548 671
9612 632
9672 560
9736 480
9800 412
9868 327
9928 271
9992 240
10052 224
10116 195
10176 224
10240 252
10300 295
10364 384
10424 448
10488 504
10552 572
10612 632
10676 671
10736 704
10800 710
10860 704
10928 671
10992 632
11052 572
11116 504
11176 448
11240 384
11304 312
11364 255
11428 240
11488 224
11552 224
11612 252
11676 287
11736 352
11800 408
11860 480
11928 543
11992 608
12056 639
12116 675
12180 704
12240 704
12304 670
12364 632
12428 575
12488 515
12552 455
12612 391
12676 352
12736 287
12800 255
12860 248
12932 248
12992 255
13056 291
13116 352
13180 396
13240 455
13304 515
13364 575
13428 624
13488 652
13552 671
13612 671
13676 655
13740 632
13800 583
13864 536
13924 480
13992 414
14056 384
14116 316
14180 280
14240 255
14304 255
14364 263
14428 291
14492 334
14552 384
14616 448
14676 496
14740 543
14800 591
14864 632
14924 639
14992 655
15056 639
15116 624
15180 583
15244 540
15304 496
15368 448
15428 384
15492 352
15552 304
15616 280
15676 271
15740 280
15800 304
15864 327
15924 384
15992 448
