24 1023
88 240
148 152
212 78
272 28
336 3
396 15
460 60
520 127
584 224
644 352
708 457
772 575
832 704
896 775
956 839
1024 896
1088 896
1148 864
1212 792
1272 704
1336 608
1396 496
1460 384
1524 255
1584 176
1648 97
1708 56
1772 35
1832 60
1896 112
1956 176
2024 271
2088 384
2148 496
2212 608
2276 704
2336 771
2400 830
2460 864
2524 847
2584 816
2648 768
2708 670
2772 572
2832 463
2896 353
2956 255
3024 176
3088 112
3152 78
3212 71
3276 96
3336 143
3400 224
3460 316
3524 414
3584 512
3648 624
3708 704
3772 768
3832 807
3896 828
3956 816
4020 774
4088 704
4152 632
4212 527
4276 448
4336 334
4400 252
4460 192
4524 127
4584 112
4648 112
4708 127
4772 192
4836 255
4896 352
4960 448
5020 527
5088 632
5152 704
5212 768
5276 783
5336 796
5400 775
5460 768
5524 671
5588 591
5648 508
5712 415
5772 327
5836 252
5896 192
5960 143
6020 127
6084 135
6152 176
6212 224
6276 291
6340 384
6400 463
6464 543
6524 632
6588 704
6648 768
6712 768
6772 768
6836 768
6896 704
6960 639
7020 568
7084 481
7152 391
7216 316
7276 252
7340 192
7400 159
7464 156
7524 167
7588 199
7648 255
7712 319
7772 399
7836 480
7896 560
7960 632
8024 688
8084 736
8152 768
8216 768
8276 705
8340 664
8400 608
8464 529
8524 451
8588 384
8648 312
8712 254
8776 207
8836 192
8900 192
8960 195
9024 240
9084 287
9148 352
9216 448
9276 508
9340 574
9400 636
9464 679
9528 707
9588 719
9652 707
9712 679
9776 638
9836 575
9900 511
9960 448
10024 384
10084 312
10148 255
10216 224
10276 199
10340 204
10404 224
10464 255
10528 319
10588 384
10652 448
10712 512
10776 575
10836 632
10900 670
10960 704
11024 704
11084 688
11148 655
11216 608
11280 543
11340 481
11404 415
11464 368
11528 304
11588 255
11652 240
11712 224
11776 240
11836 255
11900 287
11960 352
12024 399
12088 462
12148 519
12212 575
12280 632
12340 655
12404 671
12464 671
12528 655
12588 632
12652 575
12712 526
12776 480
12840 408
12900 352
12964 312
13024 263
13088 252
13148 248
13212 254
13280 280
13340 319
13404 384
13464 419
13528 480
13592 536
13652 582
13716 624
13776 639
13840 655
13900 652
13964 636
14024 608
14088 560
14148 508
14212 449
14272 391
14344 352
14404 312
14468 271
14528 255
14592 255
14652 271
14716 304
14776 352
14840 385
14900 448
14964 496
15024 543
15088 583
15148 624
15212 639
15276 639
15344 636
15404 609
15468 575
15528 536
15592 496
15652 448
15716 384
15776 352
15840 312
15900 284
15964 271
15024 543
15088 583
15148 624
15212 638
15276 639
15340 636
15404 608
15464 575
15528 536
15588 496
15652 448
15712 384
15776 352
15836 312
15900 287
15960 271
16024 275
16084 291
16148 319
16208 384
16280 412
16340 455
16404 508
16464 543
16528 583
16588 609
16652 632
16712 632
16776 624
16836 590
16900 560
16960 512
17024 480
17084 419
17148 384
17212 352
17280 316
17340 287
17404 287
17464 295
17528 316
17588 352
17652 384
17712 432
17776 480
17836 512
17900 560
17964 583
18024 608
18088 624
18148 624
18212 608
18272 575
18340 540
18404 504
18464 451
18528 414
18588 384
18652 352
18716 318
18776 304
18840 304
18900 312
18964 327
19024 368
19088 391
19148 448
19212 480
19272 515
19340 560
19404 575
19468 608
19528 608
19592 608
19652 575
19716 560
19776 519
19840 483
19900 448
19964 403
20024 384
20088 352
20148 319
20212 316
20272 316
20336 319
20404 352
20468 384
20528 414
20592 449
20652 496
20716 524
20776 560
20840 575
20900 591
20964 591
21024 583
21088 572
21152 543
21212 511
21276 480
21336 448
21404 399
21468 384
21528 352
21592 327
21652 319
21716 319
21776 352
21840 384
21904 387
21964 419
22028 455
22088 496
22152 524
22212 547
22276 572
22336 575
22404 575
22468 574
22528 551
22592 527
22656 504
22716 462
22780 432
22840 396
22904 384
22964 352
23028 335
23088 327
23152 335
23212 352
23276 384
23336 399
23400 448
23468 480
23532 504
23592 527
23656 547
23716 572
23780 574
23840 574
23904 568
23964 543
24028 513
24088 496
24152 455
24212 423
24276 391
24336 384
24400 352
24468 352
24532 352
24592 352
24656 384
24716 384
24780 414
24840 448
24904 480
24964 508
25028 527
25088 543
25152 560
25216 568
25276 568
25340 543
25400 527
25468 508
25532 480
25592 448
25656 415
25716 391
25780 384
25840 368
25904 352
25964 352
26028 384
26092 384
26152 391
26216 419
26276 448
26340 480
26400 508
26464 524
26532 543
26592 551
26656 560
26716 547
26780 540
26844 515
26904 504
26968 480
27028 448
27092 415
27152 391
27216 384
27276 384
27340 368
27400 384
27464 384
27532 384
27596 408
27656 448
27720 455
27780 480
27844 508
27904 519
27968 536
28028 543
28092 543
28152 540
28216 526
28276 510
28340 496
28400 463
28464 448
28528 415
28596 391
28656 384
28720 384
28780 384
28844 384
28904 384
28968 398
29028 415
29092 448
29152 460
29216 481
29280 508
29340 518
29404 527
29464 536
29528 536
29596 527
29656 512
29720 504
29780 480
29844 451
29904 448
29968 415
30032 396
30092 384
30156 384
30216 384
30280 384
30340 387
30404 408
30464 423
30528 448
30596 480
30656 496
30720 508
30784 515
30844 526
30908 527
30968 526
30024 391
30088 384
30148 384
30212 384
30272 384
30336 391
30396 412
30460 432
30520 448
30588 480
30652 496
30716 510
30776 519
30840 527
30900 527
30964 527
31024 515
31088 508
31148 496
31212 480
31272 448
31336 432
31396 408
31460 391
31524 384
31584 384
31652 384
31716 385
31776 399
31840 415
31900 448
31964 455
32024 480
32088 496
32148 510
32212 519
32276 526
32336 526
32400 519
32460 511
32524 504
32584 480
32652 455
32716 448
32776 419
32840 408
32900 391
32964 384
33028 384
33088 385
33152 391
33212 408
33276 419
33336 448
33400 457
33460 480
33524 496
33584 510
33652 515
33716 519
33780 519
33840 513
33904 508
33964 496
34028 480
34088 455
34152 448
34212 419
34276 408
34336 398
34400 391
34460 387
34524 391
34584 399
34648 415
34716 448
34780 448
34840 463
34904 480
34964 504
35028 510
35088 512
35152 515
35212 513
35276 511
35336 504
35400 496
35460 480
35524 451
35588 448
35648 415
35716 408
35780 398
35840 391
35904 391
35964 399
36028 408
36088 415
36152 448
36212 448
36276 480
36340 480
36400 504
36464 508
36524 511
36588 512
36648 511
36712 508
36776 496
36840 480
36900 480
36964 448
37028 448
37088 415
37152 412
37212 399
37276 399
37336 399
37400 401
37460 414
37524 423
37584 448
37648 451
37708 480
37776 481
37840 496
37904 508
37964 510
38028 510
38088 508
38152 504
38212 496
38276 480
38336 462
38400 448
38460 448
38524 415
38584 414
38648 403
38712 399
38780 399
38840 412
38904 415
38964 432
39028 448
39088 455
39152 480
39212 480
39276 496
39336 504
39400 508
39464 508
39524 504
39588 496
39648 481
39712 480
39772 455
39840 448
39904 448
39964 419
40028 415
40088 412
40152 408
40216 412
40276 415
40340 422
40400 448
40464 448
40524 455
40588 480
40648 480
40712 496
40772 504
40840 504
40904 504
40968 496
41028 496
41092 480
41152 480
41216 455
41276 448
41340 448
41400 423
41464 415
41524 415
41588 414
41648 415
41712 415
41772 432
41836 448
41904 448
41968 460
42028 480
42092 480
42152 496
42216 496
42276 496
42340 496
42400 496
42464 480
42524 480
42588 480
42648 451
42712 448
42776 448
42836 432
42904 415
42968 415
43028 415
43092 415
43152 432
43216 448
43276 448
43340 451
43400 462
43464 480
43528 480
43588 496
43652 496
43712 496
43776 496
43836 481
43904 480
43968 480
44028 455
44092 448
44152 448
44216 448
44280 423
44340 415
44404 415
44464 415
44528 423
44588 448
44652 448
44712 448
44776 455
44836 480
44900 480
44968 480
45032 483
45092 496
45156 496
45216 481
45280 480
45340 480
45404 463
45464 454
45528 448
45588 448
45652 448
45712 432
45776 423
45836 423
45900 423
45968 432
45032 496
45092 496
45156 496
45216 496
45280 480
45340 480
45404 480
45464 455
45528 448
45592 448
45652 448
45716 432
45776 419
45840 415
45900 419
45964 423
46032 448
46092 448
46156 448
46216 455
46280 480
46344 480
46404 480
46468 481
46528 496
46592 496
46652 480
46716 480
46776 480
46840 480
46900 455
46964 448
47024 448
47092 448
47156 432
47220 423
47280 423
47344 423
47404 448
47468 448
47528 448
47592 448
47652 455
47716 463
47776 480
47840 480
47900 480
47964 480
48024 480
48096 480
48156 480
48220 480
48280 462
48344 451
48404 448
48468 448
48528 448
48592 448
48652 432
48716 432
48776 432
48840 448
48904 448
48964 448
49028 449
49096 455
49156 480
49220 480
49280 480
49344 480
49404 480
49468 480
49528 480
49592 480
49656 480
49716 455
49780 451
49840 448
49904 448
49964 448
50028 448
50088 448
50156 448
50220 448
50280 448
50344 448
50408 448
50468 454
50532 457
50592 480
50656 480
50716 480
50780 480
50840 480
50904 480
50964 480
51028 480
51088 462
51156 454
51220 448
51284 448
51344 448
51408 448
51468 448
51532 448
51592 448
51656 448
51716 448
51780 448
51840 451
51904 455
51964 463
52028 480
52092 480
52152 480
52216 480
52280 480
52340 480
52404 480
52468 463
52528 455
52592 449
52652 448
52716 448
52776 448
52840 448
52900 448
52964 448
53024 448
53088 448
53148 448
53216 448
53280 451
53344 460
53404 463
53468 480
53528 480
53592 480
53652 480
53716 480
53776 480
53840 463
53900 455
53964 455
54024 448
54088 448
54152 448
54220 448
54280 448
54344 448
54404 448
54468 448
54528 448
54592 448
54652 449
54716 455
54776 462
54840 480
54904 480
54964 480
55028 480
55088 480
55152 480
55212 480
55280 463
55344 457
55404 451
55468 448
55528 448
55592 448
55656 448
55716 448
55780 448
55840 448
55904 448
55964 448
56028 448
56088 451
56152 455
56212 462
56280 480
56344 480
56408 480
56468 480
56532 480
56592 480
56656 480
56716 462
56780 455
56840 449
56904 448
56964 448
57028 448
57088 448
57152 448
57212 448
57276 448
57344 448
57408 448
57468 448
57532 455
57592 459
57656 480
57716 480
57780 480
57840 480
57904 480
57964 480
58028 480
58088 480
58152 460
58216 455
58276 451
58344 448
58408 448
58468 448
58532 448
58592 448
58656 448
58716 448
58780 448
58840 448
58904 449
58968 455
59028 457
59092 463
59152 480
59216 480
59276 480
59344 480
59408 480
59468 480
59532 463
59592 455
59656 451
59720 448
59780 448
59844 448
59904 448
59968 448
60028 448
60092 448
60152 448
60216 448
60276 448
60340 449
60408 455
60472 460
60532 463
60596 480
60656 480
60720 480
60780 480
60844 480
60904 480
60968 480
60024 448
60088 448
60148 448
60212 448
60272 448
60340 449
60404 451
60464 455
60528 455
60592 463
60652 480
60716 480
60776 480
60840 480
60900 463
60964 460
61024 455
61088 454
61148 449
61212 448
61272 448
61336 448
61404 448
61468 448
61528 448
61592 448
61652 448
61716 449
61776 451
61840 455
61900 460
61964 463
62024 463
62088 480
62148 480
62212 480
62272 463
62336 462
62404 455
62468 455
62528 449
62592 448
62652 448
62716 448
62776 448
62840 448
62900 448
62964 448
63024 448
63088 448
63152 449
63212 455
63276 455
63336 462
63404 463
63468 480
63528 480
63592 480
63652 480
63716 462
63776 455
63840 455
63904 451
63964 448
64028 448
64088 448
64152 448
64212 448
64276 448
64336 448
64400 448
64468 448
64528 449
64592 451
64656 455
64716 460
64780 463
64840 480
64904 480
64964 480
65028 480
65088 463
65152 463
65212 455
65276 455
65336 451
65400 449
65468 448
65532 448
65592 448
65656 448
65716 448
65780 448
65840 448
65904 448
65964 448
66028 451
66088 455
66152 455
66212 462
66276 463
66340 463
66400 480
66468 480
66532 463
66592 462
66656 455
66716 455
66780 451
66840 448
66904 448
66964 448
67028 448
67092 448
67152 448
67216 448
67276 448
67340 448
67400 449
67464 451
67532 455
67592 460
67656 463
67716 480
67780 480
67844 480
67904 480
67968 463
68028 463
68092 455
68152 455
68216 451
68276 448
68340 448
68400 448
68464 448
68532 448
68592 448
68656 448
68720 448
68780 448
68844 448
68904 451
68968 455
69028 455
69092 462
69152 463
69216 480
69276 480
69340 480
69400 463
69464 462
69524 455
69596 455
69656 449
69720 448
69780 448
69844 448
69904 448
69968 448
70028 448
70092 448
70152 448
70216 448
70276 449
70340 451
70404 455
70464 460
70528 463
70596 480
70656 480
70720 480
70780 480
70844 463
70904 463
70968 460
71028 455
71092 451
71156 448
71216 448
71280 448
71340 448
71404 448
71464 448
71528 448
71596 448
71656 448
71720 448
71780 451
71844 455
71908 455
71968 460
72032 462
72092 463
72156 480
72216 463
72280 463
72340 462
72404 460
72464 455
72528 455
72588 451
72656 449
72720 448
72784 448
72844 448
72908 448
72968 448
73032 448
73092 448
73156 448
73216 449
73280 451
73340 455
73404 455
73464 462
73528 462
73592 463
73660 463
73720 463
73784 460
73844 455
73908 455
73968 455
74032 451
74092 449
74156 448
74216 448
74280 448
74344 448
74404 448
74468 448
74528 448
74592 448
74660 451
74720 451
74784 455
74844 455
74908 463
74968 462
75032 462
75096 462
75156 462
75220 460
75280 455
75344 455
75404 455
75468 449
75528 449
75592 448
75652 448
75720 448
75784 448
75848 448
75908 448
75972 449
75028 463
75092 462
75156 462
75216 460
75280 455
75340 455
75404 451
75464 451
75528 449
75588 448
75652 448
75712 448
75776 448
75836 448
75900 448
75960 448
76032 451
76092 455
76156 455
76216 455
76280 455
76340 462
76404 460
76464 460
76528 460
76588 455
76652 455
76712 455
76776 455
76836 451
76900 451
76964 449
77032 448
77092 448
77156 448
77216 448
77280 448
77340 448
77404 449
77464 449
77528 451
77588 455
77652 455
77716 455
77776 455
77840 455
77900 455
77964 455
78024 455
78092 455
78156 455
78216 455
78280 451
78340 451
78404 451
78468 449
78528 449
78592 448
78652 449
78716 449
78776 451
78840 451
78900 451
78964 455
79024 455
79092 455
79156 455
79220 455
79280 455
79344 455
79404 455
79468 455
79528 455
79592 455
79652 451
79716 451
79776 451
79840 449
79900 449
79964 449
80024 449
80096 449
80156 451
80220 451
80280 451
80344 451
80404 451
80468 455
80528 455
80592 455
80652 455
80716 455
80776 455
80840 455
80904 451
80964 451
81028 451
81088 451
81156 449
81220 449
81280 449
81344 451
81404 449
81468 451
81528 451
81592 451
81656 454
81716 455
81780 455
81840 455
81904 455
81964 455
82028 455
82088 455
82156 455
82220 455
82280 454
82344 451
82408 451
82468 449
82532 448
82592 448
82656 448
82716 448
82780 448
82840 449
82904 449
82964 451
83028 451
83088 455
83156 455
83220 455
83284 455
83344 455
83408 455
83468 455
83532 455
83592 455
83656 455
83716 454
83780 451
83840 449
83904 449
83964 448
84028 448
84088 448
84152 448
84220 449
84284 449
84344 451
84408 451
84468 455
84532 455
84592 455
84656 455
84716 455
84780 457
84840 455
84904 455
84968 455
85028 455
85092 455
85152 451
85220 451
85284 451
85344 448
85408 448
85468 448
85532 448
85592 448
85656 448
85720 448
85780 449
85844 451
85904 451
85968 451
86028 455
86092 455
86152 455
86216 455
86284 455
86344 455
86408 455
86472 455
86532 455
86596 455
86656 451
86720 451
86780 449
86844 448
86904 448
86968 448
87028 448
87092 448
87152 448
87216 449
87284 449
87348 451
87408 455
87472 455
87532 455
87596 460
87656 459
87720 455
87780 459
87844 457
87904 455
87968 455
88028 455
88092 451
88156 451
88216 449
88284 448
88348 448
88408 448
88472 448
88532 448
88596 448
88656 448
88720 449
88780 451
88844 451
88908 455
88968 455
89032 455
89092 455
89156 455
89216 455
89280 455
89348 455
89408 455
89472 455
89532 451
89596 451
89660 449
89720 448
89784 448
89844 448
89908 448
89968 448
90032 448
90092 448
90156 449
90216 451
90280 451
90348 455
90408 455
90472 455
90536 455
90596 460
90660 462
90720 460
90784 460
90844 457
90908 455
90968 455
90028 455
90096 455
90160 455
90220 455
90284 455
90344 455
90408 455
90468 455
90532 455
90596 455
90656 455
90720 454
90780 451
90844 451
90904 451
90968 449
91028 448
91096 448
91160 448
91220 448
91284 448
91344 449
91408 451
91472 451
91532 451
91596 455
91656 455
91720 455
91780 455
91844 455
91904 460
91968 455
92028 455
92096 455
92160 455
92224 455
92284 451
92348 451
92408 448
92472 448
92532 448
92596 448
92656 448
92720 448
92780 448
92844 448
92904 451
92968 451
93028 454
93092 455
93160 455
93224 455
93284 457
93348 457
93408 460
93472 455
93532 455
93596 455
93656 455
93720 451
93780 451
93844 449
93908 448
93968 448
94032 448
94092 448
94160 448
94224 448
94284 449
94348 449
94408 451
94472 455
94532 455
94596 455
94660 455
94720 455
94784 455
94844 455
94908 455
94968 455
95032 455
95092 455
95160 451
95224 451
95284 451
95348 449
95412 449
95472 449
95536 449
95596 449
95660 449
95720 449
95784 451
95844 451
95908 451
95968 455
96032 455
96092 455
96156 455
96224 455
96288 455
96348 455
96412 455
96472 455
96536 455
96596 454
96660 451
96720 451
96784 449
96844 449
96908 448
96968 448
97032 448
97092 448
97156 448
97224 449
97288 449
97348 451
97412 451
97472 455
97536 455
97596 455
97660 455
97720 455
97784 455
97844 455
97908 455
97972 455
98032 455
98096 455
98156 455
98220 451
98284 451
98348 449
98412 451
98472 449
98536 448
98596 451
98660 451
98720 451
98784 451
98844 451
98908 451
98968 455
99032 455
99092 455
99156 455
99216 455
99288 455
99348 455
99412 455
99472 455
99536 455
99596 451
99660 451
99720 451
99784 449
99844 449
99908 449
99968 449
100032 448
100096 449
100156 449
100220 449
100288 451
100348 451
100412 451
100472 451
100536 455
100596 455
100660 454
100720 455
100784 455
100848 455
100908 455
100972 455
101032 455
101096 455
101156 451
101220 451
101280 451
101348 451
101412 451
101472 451
101536 451
101600 451
101660 451
101724 451
101784 451
101848 451
101908 451
101972 451
102032 451
102096 451
102156 451
102220 451
102280 451
102348 451
102412 455
102476 455
102536 455
102600 454
102660 455
102724 455
102784 454
102848 455
102908 454
102972 451
103032 451
103096 451
103156 451
103220 451
103284 451
103344 451
103412 451
103476 451
103536 451
103600 451
103660 451
103724 451
103784 454
103848 451
103908 451
103972 455
104036 455
104096 455
104160 455
104220 455
104284 455
104344 455
104412 451
104476 455
104536 451
104600 451
104660 451
104724 451
104788 451
104848 451
104912 451
104972 451
105036 451
105096 451
105160 451
105220 451
105284 451
105344 451
105412 451
105476 451
105540 451
105600 451
105664 451
105724 454
105788 455
105848 455
105912 451
105972 455
105024 451
105088 451
105148 451
105212 449
105272 449
105336 449
105396 449
105460 448
105528 449
105592 449
105652 451
105716 455
105776 451
105840 455
105900 455
105964 455
106024 455
106088 455
106148 455
106212 455
106272 455
106336 455
106396 455
106460 451
106528 451
106592 451
106652 449
106716 448
106776 448
106840 448
106900 448
106964 448
107024 448
107088 449
107148 451
107212 451
107276 451
107336 451
107400 455
107460 455
107528 455
107592 455
107652 455
107716 455
107776 455
107840 455
107900 454
107964 451
108028 451
108088 451
108152 449
108212 448
108276 449
108336 449
108400 449
108460 449
108524 449
108592 451
108652 451
108716 455
108780 455
108840 455
108904 455
108964 455
109028 455
109088 455
109152 455
109212 455
109276 455
109336 455
109400 455
109460 451
109524 451
109592 449
109656 449
109716 448
109780 448
109840 448
109904 448
109964 448
110028 449
110088 449
110152 449
110212 451
110276 451
110336 455
110400 455
110464 455
110524 455
110592 455
110656 455
110716 455
110780 455
110840 455
110904 455
110964 455
111028 451
111088 451
111152 449
111216 449
111276 448
111340 448
111400 448
111464 448
111524 448
111588 449
111656 451
111716 451
111780 451
111840 455
111904 455
111968 455
112028 455
112092 455
112152 455
112216 455
112276 455
112340 455
112400 455
112464 454
112524 451
112588 449
112656 449
112716 449
112780 448
112844 448
112904 448
112968 448
113028 449
113092 451
113152 451
113216 451
113276 451
113340 455
113400 455
113464 455
113524 455
113588 455
113648 455
113720 455
113780 455
113844 455
113904 455
113968 454
114028 451
114092 451
114152 451
114216 451
114276 451
114340 451
114400 451
114464 451
114528 451
114588 451
114652 451
114720 455
114780 455
114844 455
114904 455
114968 455
115028 455
115092 455
115152 455
115216 455
115280 455
115340 451
115404 451
115464 454
115528 451
115588 449
115652 451
115720 449
115780 449
115844 449
115904 449
115968 449
116032 451
116092 451
116156 451
116216 451
116280 451
116340 455
116404 455
116464 455
116528 455
116588 455
116652 455
116712 455
116780 455
116844 455
116908 455
116968 455
117032 451
117092 451
117156 451
117216 451
117280 451
117340 451
117404 451
117464 451
117528 451
117588 451
117652 451
117716 451
117784 451
117844 455
117908 455
117968 454
118032 455
118092 455
118156 455
118216 455
118280 455
118340 455
118404 451
118468 455
118528 451
118592 451
118652 451
118716 451
118784 451
118844 451
118908 449
118968 449
119032 449
119092 449
119156 449
119220 451
119280 451
119344 451
119404 451
119468 451
119528 454
119592 455
119652 454
119716 455
119776 455
119844 455
119908 455
119972 455
120032 455
120096 455
120156 455
120220 455
120280 455
120344 451
120404 451
120468 451
120528 451
120592 449
120652 449
120716 451
120776 451
120848 449
120908 449
120972 451
