24 1023
88 312
156 255
216 199
280 158
340 120
404 78
464 56
528 31
588 15
652 15
716 30
776 56
840 76
900 120
964 159
1024 224
1088 270
1156 352
1216 399
1280 480
1340 527
1404 590
1468 639
1528 704
1592 768
1652 783
1716 824
1776 839
1840 864
1900 864
1964 864
2024 839
2088 824
2148 783
2216 768
2280 704
2344 639
2404 591
2468 536
2528 480
2592 415
2652 384
2716 312
2776 255
2840 224
2900 192
2964 135
3024 120
3088 112
3152 96
3220 96
3280 112
3344 126
3404 152
3468 192
3528 224
3592 263
3652 318
3716 384
3776 415
3840 480
3904 527
3964 575
4028 632
4088 670
4152 705
4212 768
4280 768
4344 783
4404 792
4468 796
4528 783
4592 771
4656 768
4716 768
4780 704
4840 647
4904 608
4964 568
5028 512
5088 480
5152 415
5212 384
5280 319
5344 275
5408 248
5468 224
5532 192
5592 192
5656 158
5716 152
5780 156
5840 159
5904 192
5964 199
6028 240
6088 255
6152 304
6212 352
6284 391
6344 448
6408 496
6468 527
6532 574
6592 608
6656 639
6716 671
6780 704
6840 768
6904 768
6964 768
7028 768
7088 768
7152 768
7216 704
7276 704
7344 639
7408 624
7468 575
7532 536
7592 496
7656 448
7716 412
7780 384
7840 327
7904 295
7968 263
8028 248
8092 224
8152 224
8216 195
8276 193
8344 199
8408 224
8468 240
8532 252
8592 271
8656 312
8720 352
8780 384
8844 414
8904 448
8968 496
9028 524
9092 568
9152 608
9216 632
9276 639
9344 671
9408 704
9472 704
9532 704
9596 704
9656 704
9720 675
9780 657
9844 639
9904 624
9968 583
10028 551
10092 515
10152 496
10216 448
10276 415
10340 384
10408 352
10472 319
10532 291
10596 271
10656 255
10720 252
10780 248
10844 248
10904 248
10968 254
11028 255
11092 286
11156 312
11216 327
11280 384
11340 387
11408 448
11472 455
11532 496
11596 519
11656 551
11720 575
11780 608
11844 632
11908 639
11968 654
12032 664
12092 668
12156 664
12216 655
12280 639
12340 636
12404 608
12472 583
12532 568
12596 536
12660 510
12720 480
12784 448
12844 415
12908 385
12968 384
13032 352
13092 319
13156 304
13216 287
13280 275
13340 271
13404 271
13472 273
13536 286
13596 295
13660 316
13720 332
13784 384
13844 384
13908 403
13968 448
14032 455
14092 496
14156 512
14216 543
14280 568
14340 579
14404 608
14472 624
14536 632
14596 636
14660 638
14720 636
14784 632
14844 624
14908 608
14968 588
15032 572
15092 543
15156 524
15220 504
15280 480
15344 448
15404 448
15468 399
15536 384
15596 384
15660 352
15720 319
15784 318
15844 312
15908 312
15972 312
32 415
92 352
156 286
216 224
280 192
344 124
412 71
472 56
536 30
596 15
660 19
720 31
784 60
844 96
908 126
968 192
1032 224
1096 284
1156 352
1220 408
1280 480
1344 536
1404 608
1472 655
1536 711
1596 768
1660 796
1720 828
1784 846
1848 864
1908 864
1972 864
2032 835
2096 816
2156 782
2220 768
2280 704
2344 639
2404 591
2472 527
2536 480
2600 412
2660 384
2724 304
2784 254
2848 224
2908 192
2972 135
3032 120
3096 112
3156 96
3220 96
3280 112
3344 126
3404 152
3468 192
3536 240
3600 271
3660 319
3724 384
3784 448
3848 480
3908 531
3972 582
4032 636
4096 671
4156 711
4220 768
4280 768
4344 783
4408 796
4468 798
4536 783
4600 771
4660 768
4724 768
4784 704
4848 639
4908 608
4972 560
5032 510
5096 455
5160 412
5220 384
5284 318
5344 271
5408 248
5468 224
5536 192
5600 159
5660 152
5724 145
5784 152
5848 159
5912 192
5972 224
6036 240
6096 263
6160 312
6220 352
6284 391
6344 448
6408 496
6468 527
6532 574
6600 624
6664 647
6724 704
6788 704
6848 768
6912 768
6972 768
7036 768
7096 768
7160 768
7220 704
7284 704
7344 639
7408 624
7468 575
7532 540
7600 496
7664 448
7724 408
7788 384
7848 327
7912 291
7972 255
8036 248
8096 224
8160 224
8220 195
8284 192
8348 195
8408 224
8472 224
8532 248
8600 271
8664 312
8724 352
8788 384
8848 412
8912 448
8972 496
9036 524
9100 568
9160 608
9224 624
9284 639
9348 670
9408 704
9472 704
9532 704
9596 704
9664 704
9724 704
9788 664
9852 639
9912 624
9976 583
10036 560
10100 519
10160 496
10224 448
10284 415
10348 384
10408 352
10472 319
10532 295
10596 271
10664 255
10728 248
10788 240
10852 240
10912 248
10976 252
11036 255
11100 280
11160 304
11224 319
11284 384
11348 384
11408 415
11472 448
11532 480
11596 512
11660 543
11728 575
11788 608
11852 632
11912 639
11976 647
12036 655
12100 664
12160 664
12224 655
12284 639
12348 636
12412 624
12472 591
12536 572
12596 540
12660 511
12728 480
12788 448
12852 415
12912 387
12976 384
13036 352
13100 319
13164 304
13224 287
13288 280
13348 271
13412 271
13472 271
13536 286
13596 294
13660 316
13728 327
13788 384
13852 384
13916 399
13976 448
14040 455
14100 496
14164 511
14224 536
14288 560
14348 575
14412 608
14472 608
14536 624
14596 632
14660 636
14720 636
14792 632
14852 624
14916 608
14976 583
15040 572
15100 543
15164 526
15224 508
15288 480
15348 449
15412 448
15472 399
15536 384
15600 384
15660 352
15724 327
15792 319
15852 316
15916 312
15976 312
40 399
104 332
164 263
228 224
288 156
352 112
412 63
476 39
536 24
600 14
660 15
728 31
792 60
856 96
916 127
980 192
1040 240
1104 287
1164 384
1228 415
1288 496
1352 543
1412 624
1476 671
1536 768
1600 768
1660 803
1732 839
1792 864
1856 896
1916 896
1980 864
2040 846
2104 824
2164 783
2228 768
2288 704
2352 639
2412 583
2476 527
2540 480
2600 408
2664 352
2732 287
2792 248
2856 192
2916 158
2980 127
3040 112
3104 96
3164 96
3228 96
3292 96
3352 124
3416 143
3476 192
3540 224
3600 268
3664 319
3724 384
3792 448
3856 496
3916 543
3980 608
4040 639
4104 704
4168 768
4228 768
4292 783
4352 799
4416 807
4476 816
4540 799
4600 783
4664 768
4724 768
4792 704
4856 647
4920 608
4980 560
5044 508
5104 449
5168 399
5228 384
5292 312
5352 255
5416 240
5476 195
5540 192
5600 156
5664 143
5724 135
5788 143
5852 158
5916 192
5980 199
6040 240
6104 263
6164 312
6228 352
6288 391
6352 448
6412 496
6476 536
6536 575
6600 624
6660 655
6724 704
6784 711
6856 768
6916 768
6980 768
7040 768
7104 768
7164 768
7228 705
7288 704
7352 647
7412 624
7476 575
7536 540
7600 504
7664 448
7724 412
7788 384
7856 319
7916 287
7980 255
8040 240
8104 224
8164 195
8228 192
8288 192
8352 192
8416 199
8476 224
8540 248
8600 263
8664 295
8724 327
8788 384
8848 408
8916 448
8980 496
9040 526
9104 568
9168 608
9228 632
9292 647
9352 671
9416 704
9476 704
9540 704
9600 704
9664 704
9724 704
9788 670
9848 639
9916 624
9980 583
10044 560
10104 518
10168 496
10228 448
10292 414
10352 384
10416 352
10476 319
10540 287
10600 270
10664 255
10724 248
10788 240
10848 240
10912 240
10980 252
11044 255
11104 280
11168 304
11228 323
11292 384
11352 384
11416 415
11476 449
11540 496
11600 513
11664 543
11728 575
11788 608
11852 624
11912 639
11980 655
12044 655
12104 664
12168 664
12228 655
12292 639
12352 636
12416 608
12480 588
12540 568
12604 536
12664 508
12728 480
12788 448
12852 415
12912 387
12980 384
13044 352
13104 319
13168 304
13232 287
13292 280
13356 271
13416 271
13480 280
13540 287
13604 304
13664 318
13728 332
13788 384
13852 384
13912 399
13976 448
14044 455
14108 496
14168 511
14232 531
14292 560
14356 575
14416 591
14480 608
14540 624
14604 624
14664 632
14728 632
14788 624
14852 608
14916 608
14976 575
15044 568
15108 543
15168 519
15232 504
15292 480
15356 448
15416 448
15480 399
15540 384
15604 384
15668 352
15728 327
15792 319
15852 316
15916 312
15976 312
48 387
108 319
172 255
236 193
296 135
360 96
420 60
484 30
544 7
608 1
668 3
732 24
792 48
856 78
916 124
984 192
1048 240
1112 287
1172 384
1236 448
1296 496
1360 560
1420 624
1484 704
1544 768
1608 775
1668 824
1732 847
1792 896
1856 896
1916 896
1988 896
2048 864
2112 828
2172 783
2236 768
2296 704
2360 639
2420 575
2484 519
2544 457
2608 399
2668 352
2732 286
2796 240
2856 192
2920 147
2980 124
3048 96
3112 79
3172 71
3236 96
3296 96
3360 120
3420 143
3484 192
3548 224
3608 271
3672 319
3732 384
3796 448
3856 496
3920 543
3980 608
4048 652
4112 704
4172 768
4236 768
4300 792
4360 803
4424 816
4484 816
4548 803
4608 792
4672 768
4732 768
4796 704
4856 655
4920 608
4980 568
5044 508
5112 449
5176 399
5236 384
5300 312
5360 255
5424 224
5484 192
5548 192
5608 152
5672 142
5732 135
5796 143
5856 158
5920 192
5984 195
6044 240
6112 268
6176 316
6236 384
6300 399
6360 448
6424 496
6484 540
6548 575
6608 624
6672 655
6736 704
6796 711
6860 768
6920 768
6984 768
7044 768
7112 768
7176 768
7236 707
7300 704
7360 652
7424 624
7488 575
7548 540
7612 504
7672 451
7736 414
7796 384
7860 327
7920 295
7984 255
8044 248
8108 224
8176 199
8236 192
8300 192
8364 193
8424 224
8488 224
8548 248
8612 268
8672 304
8736 332
8796 384
8860 412
8920 448
8984 496
9044 524
9108 568
9176 608
9240 632
9300 654
9364 671
9424 704
9488 704
9548 704
9612 704
9672 704
9736 704
9796 668
9860 639
9920 624
9984 583
10048 560
10108 519
10176 480
10240 448
10300 412
10364 384
10424 352
10488 318
10548 287
10612 271
10672 255
10736 248
10796 240
10860 240
10924 248
10984 252
11048 255
11108 284
11172 304
11240 327
11300 384
11364 387
11424 415
11488 451
11548 496
11612 515
11676 543
11736 575
11800 608
11860 624
11924 638
11984 647
12048 655
12108 657
12172 655
12240 647
12300 639
12364 632
12428 608
12488 583
12552 560
12612 529
12676 508
12736 480
12800 448
12860 415
12924 387
12984 384
13048 352
13108 319
13172 312
13232 287
13304 280
13364 271
13428 271
13488 280
13552 287
13612 304
13676 318
13736 335
13800 384
13860 384
13924 408
13984 448
14048 455
14112 496
14172 511
14236 536
14304 568
14364 575
14428 608
14488 608
14552 624
14612 632
14676 632
14736 624
14800 624
14864 608
14924 608
14988 575
15048 560
15112 540
15172 512
15236 496
15304 480
15364 448
15428 415
15488 391
15552 384
15616 384
15676 352
15740 319
15800 318
15864 312
15924 312
15988 312
