16 1023
76 248
140 152
200 71
268 17
332 0
392 15
456 63
516 152
580 254
644 384
704 504
768 624
828 768
892 816
952 896
1016 896
1076 896
1140 844
1200 769
1268 670
1332 560
1396 448
1456 319
1520 224
1580 127
1644 71
1704 48
1768 56
1828 96
1892 152
1952 248
2016 352
2076 454
2140 572
2200 671
2264 768
2332 828
2396 864
2456 864
2520 824
2580 768
2644 704
2704 575
2768 480
2828 384
2892 263
2952 192
3016 127
3076 96
3140 96
3204 112
3264 159
3332 248
3396 327
3456 448
3520 540
3580 636
3644 711
3704 771
3768 816
3828 824
3892 799
3956 768
4016 704
4080 608
4140 508
4204 401
4264 316
4328 224
4396 159
4456 127
4520 120
4580 127
4644 192
4708 240
4768 318
4832 399
4892 504
4956 588
5016 670
5080 768
5140 769
5204 783
5264 775
5328 768
5396 704
5460 608
5520 519
5584 448
5644 352
5708 255
5768 224
5832 159
5892 143
5956 152
6016 192
6080 240
6140 304
6204 384
6264 480
6328 551
6396 638
6460 704
6520 768
6584 768
6644 768
6708 768
6768 704
6832 624
6892 542
6956 455
7016 384
7080 312
7144 248
7204 195
7268 192
7328 192
7392 192
7460 248
7520 304
7584 384
7644 448
7708 527
7768 608
7832 657
7896 704
7956 768
8020 768
8080 736
8144 675
8204 632
8268 560
8328 496
8392 408
8460 327
8520 271
8584 240
8648 199
8708 192
8772 224
8832 248
8896 291
8956 384
9020 448
9080 504
9144 572
9204 632
9268 671
9328 704
9392 710
9460 704
9524 671
9584 632
9648 568
9708 504
9772 448
9832 384
9896 312
9956 255
10020 240
10080 224
10144 224
10204 254
10268 287
10328 352
10392 408
10456 480
10524 543
10584 608
10648 639
10708 671
10772 704
10832 704
10896 664
10956 632
11020 575
11080 515
11144 451
11208 391
11268 352
11332 287
11392 255
11456 248
11524 252
11584 255
11648 304
11708 352
11772 398
11832 455
11896 512
11960 572
12020 624
12084 639
12144 664
12208 668
12268 647
12332 624
12392 575
12456 527
12516 480
12584 414
12648 384
12712 318
12772 286
12836 255
12896 255
12960 271
13020 304
13084 352
13144 384
13208 448
13268 496
13332 543
13392 583
13456 624
13516 639
13588 639
13648 639
13712 624
13772 575
13836 536
13896 496
13960 448
14020 384
14084 352
14144 316
14208 287
14268 284
14332 287
14396 312
14456 352
14520 384
14588 448
14648 480
14712 524
14772 572
14836 608
14896 624
14960 632
15020 632
15084 608
15148 575
15208 542
15272 504
15332 448
15396 403
15456 384
15520 327
15580 316
15648 304
15712 304
15772 318
15836 352
15900 384
15960 415
16056 480
16120 521
16180 568
16248 591
16312 608
16372 624
16436 608
16496 583
16560 560
16620 519
16684 480
16748 448
16808 398
16872 384
16932 335
16996 319
17056 316
17120 318
17180 327
17248 384
17312 391
17372 448
17436 480
17500 512
17560 543
17624 575
17684 608
17748 608
17808 608
17872 575
17932 560
17996 527
18056 496
18120 449
18180 415
18244 384
18312 384
18376 332
18436 319
18500 327
18560 352
18624 384
18684 387
18748 448
18808 480
18872 504
18932 527
18996 560
19056 575
19120 583
19180 583
19244 575
19312 560
19376 527
19436 504
19500 480
19560 448
19624 391
19684 384
19748 352
19808 352
19872 335
19932 352
19996 384
20060 384
20120 415
20184 448
20244 480
20312 515
20376 543
20436 568
20500 575
20560 575
20624 574
20684 560
20748 536
20812 508
20872 480
20936 448
20996 414
21060 384
21120 384
21184 384
21244 352
21308 352
21376 384
21436 384
21500 414
21564 448
21624 480
21688 508
21748 527
21812 547
21872 568
21936 572
21996 568
22060 551
22120 536
22184 510
22244 480
22308 449
22376 415
22440 391
22500 384
22564 384
22624 384
22688 384
22748 384
22812 384
22872 408
22936 448
22996 480
23060 496
23120 513
23184 536
23248 550
23308 560
23372 560
23436 547
23500 536
23560 512
23624 496
23688 480
23748 448
23812 412
23872 387
23936 384
23996 384
24060 384
24120 384
24184 384
24244 399
24308 448
24368 449
24436 480
24500 508
24564 521
24624 540
24688 543
24748 543
24812 543
24872 527
24936 512
24996 496
25060 480
25120 448
25184 419
25244 399
25308 384
25372 384
25440 384
25500 384
25564 385
25624 399
25688 419
25748 448
25812 480
25872 496
25936 511
25996 526
26060 536
26124 542
26184 540
26248 527
26308 515
26372 504
26432 480
26500 451
26564 448
26624 415
26688 399
26748 387
26812 384
26876 384
26936 391
27000 399
27060 415
27124 448
27184 455
27248 480
27308 504
27372 512
27432 519
27500 527
27564 527
27628 519
27688 512
27752 504
27812 480
27876 480
27936 448
28000 448
28060 412
28124 399
28184 391
28248 391
28308 391
28372 403
28432 415
28496 448
28564 451
28628 480
28688 496
28752 508
28812 513
28876 519
28936 519
29000 515
29060 511
29124 504
29184 496
29248 480
29308 448
29372 448
29436 415
29496 408
29564 399
29628 398
29688 399
29752 412
29812 415
29876 448
29936 448
30000 480
30060 496
30124 504
30188 510
30248 512
30312 515
30372 512
30436 510
30496 504
30564 496
30628 480
30688 448
30752 448
30812 419
30876 412
30940 399
31000 399
31064 399
31124 412
31188 415
31248 448
31312 448
31372 480
31436 480
31496 496
31560 508
31628 511
31692 512
31752 511
31816 508
31876 504
31940 496
32000 480
15720 304
15780 318
15844 352
15904 384
15968 415
16028 480
16092 510
16156 543
16216 575
16280 608
16340 624
16404 624
16464 608
16528 575
16596 542
16656 508
16720 455
16780 415
16844 384
16908 352
16968 319
17032 316
17092 316
17156 319
17216 352
17280 384
17340 408
17404 448
17464 496
17528 524
17596 568
17656 582
17720 608
17784 608
17844 591
17908 574
17968 543
18032 511
18092 480
18156 448
18216 399
18280 384
18340 352
18404 327
18464 319
18528 327
18588 352
18660 384
18720 399
18784 448
18844 480
18908 512
18968 543
19032 572
19092 575
19156 588
19216 583
19280 574
19340 543
19404 519
19468 496
19528 449
19592 415
19660 384
19720 384
19784 352
19844 335
19908 352
19968 352
20032 384
20092 396
20156 448
20220 480
20280 496
20344 519
20404 543
20468 568
20528 575
20592 575
20652 568
20720 543
20784 519
20844 496
20908 457
20972 448
21032 399
21096 384
21156 384
21220 384
21280 352
21344 384
21404 384
21468 391
21528 415
21592 448
21652 480
21720 511
21784 536
21848 547
21908 568
21972 568
22032 560
22096 543
22156 519
22220 504
22280 480
22344 448
22404 415
22468 391
22528 384
22592 384
22656 384
22724 384
22784 384
22848 391
22908 415
22972 448
23032 480
23096 504
23156 519
23220 540
23280 543
23344 551
23408 547
23468 542
23532 519
23592 504
23656 480
23716 449
23784 448
23848 399
23908 384
23972 384
24032 384
24096 384
24160 384
24220 396
24284 415
24344 448
24408 480
24468 496
24532 511
24592 527
24656 542
24716 543
24784 543
24848 536
24912 519
24972 508
25036 480
25096 455
25160 448
25220 414
25284 391
25344 384
25408 384
25468 384
25532 384
25592 398
25656 415
25716 448
25788 455
25848 480
25912 504
25972 515
26036 527
26096 536
26160 536
26220 527
26284 515
26344 508
26408 496
26468 480
26532 448
26592 419
26656 408
26720 391
26780 384
26848 384
26912 387
26972 399
27036 415
27096 448
27160 451
27220 480
27284 496
27344 511
27408 519
27472 527
27532 527
27596 527
27656 515
27720 508
27780 496
27848 480
27912 448
27972 448
28036 414
28096 399
28160 391
28224 387
28284 391
28348 399
28408 415
28472 448
28532 448
28596 480
28656 496
28720 508
28780 512
28844 519
28908 524
28972 519
29032 513
29096 508
29160 496
29220 480
29284 451
29344 448
29408 415
29468 408
29532 399
29592 391
29656 391
29716 399
29780 414
29840 448
29908 448
29972 480
30036 480
30096 504
30160 510
30220 515
30284 519
30344 519
30408 513
30468 510
30532 496
30592 480
30656 455
30716 448
30780 448
30840 415
30912 399
30972 398
31036 398
31096 399
31160 414
31220 448
31284 448
31344 451
31408 480
31468 496
31532 504
31592 511
31656 515
15368 448
15428 384
15492 352
15552 318
15616 304
15676 291
15740 304
15800 319
15864 352
15924 387
15996 448
16056 496
16120 524
16180 568
16244 608
16304 608
16368 624
16428 624
16492 608
16552 572
16616 527
16676 496
16740 448
16804 399
16864 384
16928 352
16988 319
17056 316
17120 316
17180 327
17244 384
17304 385
17368 448
17428 480
17492 508
17556 542
17616 574
17680 590
17740 608
17804 608
17864 583
17928 568
17988 531
18056 496
18120 454
18180 415
18244 384
18308 384
18368 335
18432 319
18492 319
18556 335
18616 384
18680 384
18740 415
18804 449
18864 496
18928 519
18988 551
19056 575
19120 583
19184 585
19244 575
19308 568
19368 536
19432 508
19492 480
19556 448
19616 399
19680 384
19740 384
19804 352
19864 335
19928 352
19988 384
20052 384
20120 414
20184 448
20244 480
20308 510
20368 536
20432 560
20492 574
20556 575
20616 572
20680 560
20740 536
20804 510
20868 480
20928 448
20992 415
21052 385
21120 384
21184 384
21244 352
21308 384
21368 384
21432 384
21492 408
21556 448
21620 480
21680 504
21744 519
21804 543
21868 568
21928 568
21992 568
22052 547
22116 536
22180 511
22244 496
22308 451
22368 448
22432 399
22492 384
22556 384
22616 384
22680 384
22740 384
22804 384
22864 408
22928 448
22988 455
23052 496
23112 510
23184 527
23244 543
23308 550
23368 547
23432 543
23492 527
23556 511
23616 496
23680 455
23740 448
23804 414
23864 391
23928 384
23992 384
24052 384
24116 384
24184 387
24244 408
24308 448
24368 451
24432 480
24492 508
24556 519
24616 536
24680 543
24744 543
24804 540
24868 526
24928 511
24992 496
25052 480
25116 448
25176 419
25244 399
25308 385
25368 384
25432 384
25496 384
25556 391
25620 412
25680 448
25744 448
25804 480
25868 496
25928 511
25992 524
26052 536
26116 540
26176 536
26244 524
26308 511
26372 496
26432 480
26496 448
26556 448
26620 412
26680 396
26744 384
26804 384
26868 384
26928 391
26992 408
27052 384
27116 448
27176 480
27240 496
27308 508
27372 513
27432 527
27496 529
27556 527
27620 521
27680 512
27744 504
27804 480
27868 455
27928 448
27992 419
28056 408
28116 391
28180 387
28240 387
28308 391
28372 408
28432 419
28496 448
28556 455
28620 480
28680 496
28744 511
28808 515
28868 521
28932 524
28992 519
29056 511
29116 504
29180 480
29240 480
29308 448
29372 448
29432 414
29496 399
29560 391
29620 391
29684 398
29744 408
29808 415
29868 448
29932 449
29992 480
30056 496
30116 504
30180 512
30240 515
30304 519
30372 519
30436 511
30496 504
30560 496
30620 480
30684 451
30744 448
30808 419
30868 414
30932 401
30992 399
31056 399
31116 412
31180 415
31244 448
31304 448
