24 1023
88 225
152 127
216 60
280 7
340 0
404 14
464 63
528 158
588 255
652 384
712 512
776 636
836 768
900 830
960 896
1024 903
1084 896
1156 839
1216 768
1280 664
1340 543
1404 448
1464 312
1528 199
1588 120
1652 62
1712 31
1776 39
1836 96
1900 145
1964 248
2024 352
2088 480
2156 608
2216 704
2280 775
2340 835
2404 896
2464 864
2528 831
2588 768
2652 704
2716 575
2776 480
2840 384
2900 254
2964 192
3024 112
3088 67
3148 63
3216 96
3280 158
3340 240
3404 327
3468 448
3528 543
3592 639
3652 768
3716 796
3776 830
3840 831
3900 816
3964 768
4024 704
4088 608
4148 508
4216 387
4280 287
4344 224
4404 143
4468 112
4528 96
4592 120
4652 159
4716 224
4776 316
4840 408
4900 508
4964 608
5024 704
5088 768
5152 792
5212 806
5280 796
5344 768
5404 704
5468 624
5528 519
5592 448
5652 334
5716 255
5776 192
5840 143
5904 127
5964 127
6028 159
6088 224
6152 287
6212 384
6280 480
6344 572
6404 639
6468 711
6528 768
6592 775
6656 774
6716 768
6780 704
6840 636
6904 543
6964 457
7028 384
7088 291
7152 240
7212 192
7280 156
7344 156
7408 192
7468 224
7532 287
7592 384
7656 448
7716 531
7780 608
7840 671
7904 768
7964 768
8028 768
8088 768
8152 704
8212 639
8276 572
8344 480
8408 396
8468 319
8532 255
8592 224
8656 192
8716 192
8780 192
8840 224
8904 280
8964 352
9028 419
9088 504
9152 575
9216 639
9276 704
9344 768
9408 768
9468 768
9532 704
9592 639
9656 575
9716 508
9780 448
9840 384
9904 287
9968 248
10028 224
10092 192
10152 199
10216 240
10276 271
10344 352
10408 408
10468 480
10532 547
10592 624
10656 668
10720 704
10780 711
10844 707
10904 704
10968 639
11028 590
11092 524
11152 455
11216 385
11276 319
11340 271
11408 240
11472 224
11532 224
11596 240
11656 271
11720 323
11780 385
11844 451
11904 519
11968 575
12028 636
12092 671
12152 704
12216 704
12276 704
12340 639
12408 608
12472 540
12532 480
12596 412
12656 384
12720 304
12780 255
12844 248
12904 240
12968 252
13028 273
13092 319
13156 384
13216 448
13280 496
13340 551
13404 608
13472 639
13532 670
13596 671
13656 668
13720 639
13780 608
13844 550
13908 496
13968 448
14032 384
14092 323
14156 287
14216 255
14280 254
14340 255
14404 280
14472 319
14532 384
14596 415
14660 480
14720 527
14784 575
14844 624
14908 639
14968 655
15032 655
15092 639
15156 608
15216 568
15280 512
15340 455
15404 399
15472 352
15536 316
15596 286
15660 268
15720 271
15784 287
15844 318
15908 384
15968 401
32 384
92 255
156 152
216 63
280 14
340 0
408 15
472 71
536 159
596 263
660 384
720 513
784 639
844 768
908 830
968 896
1032 903
1092 896
1156 847
1216 768
1280 671
1340 560
1404 448
1472 312
1536 199
1596 124
1660 62
1720 31
1784 48
1844 96
1908 152
1968 248
2032 384
2092 480
2156 575
2220 704
2280 771
2344 831
2404 864
2472 864
2536 830
2596 768
2660 704
2720 575
2784 480
2844 384
2908 255
2972 192
3032 112
3096 71
3156 67
3220 96
3280 152
3344 240
3404 319
3472 448
3536 543
3596 639
3660 768
3724 792
3784 830
3848 831
3908 816
3972 768
4032 704
4096 608
4156 504
4220 398
4280 304
4344 224
4404 156
4468 120
4536 112
4600 124
4660 159
4724 240
4784 316
4848 408
4908 510
4972 608
5032 704
5096 768
5156 792
5220 803
5280 796
5344 768
5404 704
5468 624
5536 515
5600 448
5660 327
5724 254
5784 192
5848 143
5908 127
5972 127
6032 192
6096 224
6156 295
6220 384
6284 480
6344 568
6408 639
6468 705
6536 768
6600 775
6660 771
6724 768
6784 704
6848 632
6908 543
6972 451
7036 384
7096 287
7160 240
7220 192
7284 159
7344 158
7408 192
7468 224
7532 286
7600 384
7660 449
7724 536
7788 624
7848 671
7912 768
7972 768
8036 768
8096 768
8160 704
8220 638
8284 568
8344 496
8408 408
8468 327
8532 255
8600 224
8664 192
8724 192
8788 192
8848 240
8912 284
8972 352
9036 448
9096 508
9160 575
9220 639
9284 704
9344 736
9408 768
9472 736
9532 704
9596 638
9664 575
9724 508
9788 448
9848 384
9912 287
9972 248
10036 224
10096 195
10160 224
10224 240
10284 275
10348 335
10408 399
10472 480
10532 543
10596 608
10664 664
10724 704
10788 707
10848 704
10912 704
10976 639
11036 583
11100 519
11160 449
11224 384
11284 319
11348 271
11408 240
11472 224
11532 224
11596 240
11664 275
11724 327
11788 387
11852 451
11912 519
11976 575
12036 636
12100 671
12160 704
12224 704
12284 671
12348 639
12408 608
12472 543
12532 480
12596 415
12656 384
12728 304
12788 255
12852 248
12912 240
12976 252
13036 280
13100 319
13160 384
13224 448
13284 504
13348 560
13408 608
13472 639
13536 670
13596 671
13660 668
13728 639
13788 608
13852 547
13912 496
13976 448
14036 384
14100 323
14160 287
14224 255
14288 254
14348 255
14412 284
14472 318
14536 384
14596 415
14660 480
14728 527
14788 575
14852 624
14912 639
14976 655
15040 654
15100 638
15164 608
15224 568
15288 510
15348 451
15412 399
15472 384
15536 316
15596 287
15660 271
15720 271
15788 287
15852 319
15916 384
15976 408
40 384
100 240
164 127
224 56
288 3
348 0
412 24
472 96
536 192
596 280
668 415
728 543
792 664
852 768
916 844
976 896
1040 903
1100 896
1164 831
1224 768
1288 639
1348 527
1412 408
1472 287
1536 192
1600 112
1660 56
1728 31
1792 56
1852 96
1916 192
1976 263
2040 384
2100 504
2164 608
2224 710
2288 792
2352 847
2412 896
2476 864
2536 828
2600 768
2660 670
2728 550
2792 448
2852 327
2916 240
2976 152
3040 96
3104 63
3164 67
3228 112
3288 163
3352 252
3412 352
3476 451
3536 568
3600 655
3660 768
3724 799
3788 831
3852 831
3912 807
3976 768
4040 675
4100 583
4164 480
4224 384
4288 287
4348 199
4412 143
4472 112
4536 112
4596 124
4660 163
4720 240
4788 327
4852 448
4916 524
4976 624
5040 704
5100 768
5164 796
5224 803
5288 792
5348 768
5412 704
5472 608
5536 512
5596 415
5660 327
5720 252
5792 192
5852 142
5916 127
5976 135
6040 192
6100 240
6164 316
6224 391
6288 496
6348 575
6412 652
6472 711
6536 768
6600 775
6660 768
6724 768
6784 704
6852 624
6916 527
6976 448
7040 384
7100 284
7164 224
7224 192
7288 158
7352 159
7412 192
7476 240
7536 295
7600 384
7660 455
7724 540
7784 624
7852 704
7916 768
7976 768
8040 768
8104 768
8164 704
8228 632
8288 547
8352 480
8412 387
8476 318
8536 255
8600 224
8660 192
8724 192
8784 192
8848 240
8916 287
8980 384
9040 448
9104 513
9164 583
9228 647
9288 704
9352 768
9412 768
9476 736
9536 704
9600 636
9660 572
9724 504
9788 419
9848 352
9916 286
9980 240
10040 224
10104 195
10164 224
10228 248
10288 287
10352 352
10412 415
10476 496
10540 560
10600 624
10664 668
10724 704
10788 707
10848 704
10916 671
10980 636
11040 575
11104 511
11164 448
11228 384
11292 318
11352 263
11416 240
11476 224
11540 224
11600 248
11664 286
11724 334
11788 391
11848 480
11912 526
11980 590
12040 639
12104 671
12168 704
12228 704
12292 670
12352 636
12416 583
12476 527
12540 480
12600 399
12664 352
12724 295
12788 255
12848 248
12912 240
12980 255
13044 287
13104 327
13168 384
13228 448
13292 510
13352 568
13416 624
13476 639
13540 670
13600 671
13664 664
13724 638
13788 608
13852 543
13912 496
13980 415
14044 384
14104 319
14168 284
14228 255
14292 254
14352 255
14416 287
14476 319
14540 384
14604 448
14664 480
14728 536
14788 583
14852 632
14912 639
14976 655
15044 647
15104 636
15168 608
15228 547
15292 504
15356 448
15416 391
15480 352
15540 312
15604 284
15664 270
15728 271
15788 287
15852 319
15912 384
15976 408
48 352
112 224
172 120
236 48
296 0
360 0
420 24
484 96
544 192
608 287
672 415
732 543
796 664
856 768
920 847
988 896
1048 908
1112 896
1172 830
1236 768
1296 639
1360 515
1424 391
1484 280
1548 192
1608 96
1672 56
1732 31
1796 48
1856 96
1920 192
1988 271
2048 385
2112 510
2172 624
2236 992
2300 799
2360 864
2424 896
2484 864
2548 828
2608 768
2672 657
2732 560
2796 448
2856 327
2920 240
2988 140
3052 96
3112 63
3176 63
3236 112
3300 192
3360 255
3424 384
3484 480
3548 574
3608 671
3672 768
3732 807
3796 838
3856 839
3920 816
3984 768
4052 671
4112 575
4176 480
4236 384
4300 270
4360 192
4424 127
4484 112
4548 96
4608 124
4672 192
4736 248
4796 327
4860 448
4920 527
4984 632
5052 710
5112 768
5176 803
5236 816
5300 796
5360 768
5424 704
5488 608
5548 508
5612 403
5672 316
5736 240
5796 192
5860 135
5920 124
5984 127
6044 192
6112 248
6176 319
6240 408
6300 504
6364 583
6424 668
6488 768
6548 768
6612 783
6672 771
6736 768
6796 704
6860 624
6920 527
6984 448
7044 384
7116 271
7176 224
7240 192
7300 156
7364 159
7424 192
7488 240
7548 312
7612 384
7672 480
7736 547
7796 632
7860 704
7920 768
7984 768
8048 768
8116 768
8176 704
8240 624
8300 543
8364 480
8424 384
8488 312
8548 252
8612 199
8672 192
8736 192
8800 195
8860 240
8924 291
8984 384
9048 448
9108 515
9176 608
9240 655
9300 704
9364 768
9424 768
9488 711
9552 704
9612 632
9676 568
9736 496
9800 414
9860 352
9924 284
9984 240
10048 224
10108 195
10176 224
10240 248
10304 287
10364 384
10428 448
10488 504
10552 568
10612 632
10676 671
10736 704
10800 711
10860 704
10924 671
10984 636
11048 575
11108 510
11180 448
11240 384
11304 312
11364 255
11428 240
11488 224
11552 224
11612 252
11676 287
11736 352
11800 399
11860 480
11924 536
11988 608
12048 639
12112 671
12172 704
12240 704
12304 670
12364 636
12428 575
12488 519
12552 455
12612 391
12676 335
12740 287
12800 255
12864 240
12924 240
12988 255
13048 287
13112 327
13172 385
13240 451
13304 513
13364 574
13428 624
13492 652
13552 671
13616 671
13676 655
13740 636
13800 588
13864 536
13924 480
13988 415
14048 384
14112 318
14172 280
14236 255
14300 254
14364 255
14424 287
14488 327
14552 384
14612 448
14676 496
14736 543
14800 590
14860 632
14924 639
14984 655
15048 647
15108 632
15172 608
15232 543
15300 496
15364 448
15428 384
15488 352
15552 304
15612 280
15676 263
15736 271
15800 287
15860 319
15924 384
15984 415
