20 1023
84 224
148 124
208 48
272 0
332 0
396 24
456 96
520 192
580 304
644 448
704 560
768 668
836 768
896 828
960 847
1024 831
1084 792
1148 736
1208 632
1272 519
1332 414
1396 312
1456 224
1520 159
1580 127
1644 124
1704 143
1768 195
1828 270
1896 384
1960 480
2024 551
2084 638
2148 704
2208 768
2272 768
2332 768
2396 704
2456 647
2520 575
2580 504
2644 415
2704 352
2768 280
2828 240
2900 224
2960 224
3024 240
3084 271
3148 327
3208 391
3272 480
3332 536
3396 608
3456 639
3520 670
3580 675
3644 670
3708 639
3768 608
3832 543
3900 480
3960 415
4024 384
4084 319
4148 286
4208 263
4272 268
4332 287
4396 319
4460 384
4520 415
4584 480
4644 515
4708 568
4768 608
4832 624
4892 632
4960 624
5024 588
5084 560
5148 512
5212 480
5272 419
5336 384
5396 352
5460 323
5520 318
5584 319
5644 327
5708 384
5768 387
5832 448
5892 480
5960 511
6024 543
6088 572
6148 575
6212 575
6272 574
6336 551
6396 527
6460 504
6520 480
6584 448
6644 399
6708 384
6768 384
6832 384
6892 384
6956 384
7024 387
7088 415
7148 448
7212 480
7272 504
7336 521
7396 542
7460 547
7520 547
7584 543
7644 527
7708 510
7772 496
7832 455
7896 448
7956 414
8024 391
8088 384
8148 384
8212 384
8272 391
8336 412
8396 448
8460 448
8524 480
8584 496
8648 510
8708 515
8772 524
8832 524
8896 518
8956 510
9024 496
9088 480
9148 451
9212 448
9276 419
9336 412
9400 399
9460 399
9524 399
9584 414
9648 448
9708 448
9772 451
9832 480
9896 496
9956 504
10020 508
10088 511
10152 511
10212 508
10276 504
10336 496
10400 480
10460 455
10524 448
10584 448
10648 419
10708 415
10772 415
10832 415
10896 419
10960 448
11020 448
11088 455
11152 480
11212 480
11276 496
11336 496
11400 504
11460 504
11524 496
11584 496
11648 480
11712 480
11772 451
11836 448
11896 448
11960 448
12020 448
12088 419
12152 448
12212 448
12276 448
12336 448
12400 455
12464 480
12524 480
12588 480
12648 496
12712 496
12772 496
12836 496
12896 480
12960 480
13020 480
13084 455
13152 448
13212 448
13276 448
13340 448
13400 448
13464 448
13524 448
13588 448
13648 448
13712 455
13772 480
13836 480
13896 480
13960 480
14020 480
14084 480
14152 480
14216 480
14276 480
14340 480
14400 455
14464 449
14524 448
14588 448
14648 448
14712 448
14772 448
14836 448
14896 448
14960 449
15024 455
15084 480
15148 480
15216 480
15276 480
15340 480
15400 480
15464 480
15524 480
15588 480
15648 480
15712 455
15776 449
15836 448
15900 448
15960 448
15028 455
15092 480
15156 480
15216 480
15280 480
15340 480
15404 480
15464 480
15528 480
15588 480
15652 455
15712 451
15776 449
15836 448
15900 448
15960 448
16032 448
16092 448
16156 448
16216 451
16280 455
16340 480
16404 480
16464 480
16528 480
16588 480
16652 480
16712 480
16776 480
16840 480
16900 480
16964 455
17032 454
17092 451
17156 448
17216 448
17280 448
17340 448
17404 448
17464 448
17528 451
17592 455
17652 455
17716 480
17776 480
17840 480
17900 480
17964 480
18024 480
18092 480
18156 480
18216 460
18280 455
18344 451
18404 451
18468 449
18528 448
18592 448
18652 448
18716 448
18776 451
18840 451
18900 455
18964 455
19024 480
19092 480
19156 480
19220 480
19280 480
19344 480
19404 480
19468 480
19528 480
19592 460
19652 455
19716 454
19776 449
19840 449
19900 449
19964 449
20024 449
20096 451
20156 451
20220 455
20280 455
20344 480
20404 480
20468 480
20528 480
20592 480
20652 480
20716 480
20776 480
20840 480
20904 480
20964 455
21028 455
21088 455
21156 451
21220 451
21280 451
21344 451
21404 451
21468 455
21528 455
21592 455
21656 460
21716 480
21780 480
21840 480
21904 480
21964 480
22028 480
22088 480
22156 480
22220 460
22280 455
22344 455
22408 455
22468 454
22532 455
22592 455
22656 455
22716 455
22780 455
22840 455
22904 457
22964 480
23028 480
23088 480
23152 480
23216 480
23280 480
23344 480
23404 455
23468 455
23528 455
23592 455
23652 451
23716 451
23776 451
23840 451
23900 451
23964 454
24024 455
24088 455
24148 455
24220 455
24280 480
24344 460
24404 460
24468 455
24528 480
24592 457
24652 455
24716 455
24776 455
24840 455
24900 455
24964 455
25024 454
25088 455
25152 455
25220 455
25280 455
25344 455
25404 455
25468 459
25528 480
25592 480
25652 448
25716 480
25776 480
25840 460
25904 455
25964 455
26028 455
26088 455
26152 455
26212 455
26280 455
26344 454
26404 451
26468 455
26528 455
26592 455
26656 455
26716 455
26780 455
26840 455
26904 455
26964 455
27028 455
27088 455
27152 455
27212 455
27280 455
27344 455
27404 455
27468 455
27532 455
27592 455
27656 455
27716 455
27780 455
27840 455
27904 455
27964 455
28028 455
28088 455
28152 455
28212 455
28276 455
28344 460
28408 480
28468 480
28532 480
28592 460
28656 460
28716 460
28780 460
28840 455
28904 455
28964 455
29028 455
29088 455
29152 455
29216 455
29276 455
29344 455
29408 455
29468 455
29532 455
29592 455
29656 455
29716 455
29780 455
29840 455
29904 460
29968 460
30028 460
30092 457
30152 455
30216 455
30276 455
30344 455
30408 455
30468 455
30532 455
30592 455
30656 455
30720 455
30780 455
30844 455
30904 455
30968 455
30024 455
30088 455
30148 455
30216 455
30280 455
30340 455
30404 455
30464 455
30528 455
30588 455
30652 455
30716 455
30776 455
30840 455
30900 455
30964 455
31024 455
31088 457
31148 455
31216 455
31280 455
31340 455
31404 455
31468 455
31528 455
31592 455
31652 455
31716 455
31776 455
31840 455
31900 455
31964 455
32024 455
32088 480
32148 459
32212 480
32280 480
32344 480
32404 455
32468 455
32528 455
32592 455
32652 455
32716 455
32776 455
32840 455
32900 455
32964 455
33024 455
33088 455
33148 455
33212 455
33280 455
33344 455
33404 455
33468 455
33528 455
33592 455
33652 455
33716 457
33776 455
33840 455
33900 455
33964 455
34028 455
34088 455
34152 455
34212 455
34276 455
34344 455
34404 455
34468 455
34528 455
34592 455
34652 455
34716 455
34780 455
34840 455
34904 455
34964 455
35028 460
35088 457
35152 455
35212 460
35276 460
35344 460
35404 455
35468 455
35532 455
35592 455
35656 455
35716 455
35780 455
35840 455
35904 455
35964 455
36028 455
36088 455
36152 455
36212 455
36276 455
36344 455
36408 455
36468 455
36532 455
36592 460
36656 460
36716 460
36780 455
36840 455
36904 455
36964 455
37028 455
37088 455
37152 455
37216 455
37276 455
37340 455
37408 454
37468 451
37532 455
37592 455
37656 455
37716 455
37780 455
37840 455
37904 455
37968 455
38028 455
38092 455
38152 455
38216 455
38276 455
38340 455
38408 455
38468 455
38532 455
38592 455
38656 455
38720 455
38780 455
38844 455
38904 455
38968 455
39028 455
39092 455
39152 455
39216 455
39276 455
39340 455
39408 455
39468 455
39532 455
39596 455
39656 455
39720 455
39780 455
39844 455
39904 455
39968 455
40028 455
40092 455
40152 455
40216 455
40276 480
40340 460
40400 460
40472 480
40532 460
40596 460
40656 457
40720 460
40780 455
40844 455
40904 455
40968 455
41028 455
41092 455
41152 455
41216 455
41280 455
41340 455
41404 455
41472 455
41532 455
41596 455
41656 455
41720 455
41780 455
41844 455
41904 455
41968 455
42032 455
42092 455
42156 455
42216 455
42280 455
42340 455
42404 455
42464 455
42532 455
42596 455
42656 455
42720 455
42784 455
42844 457
42908 480
42968 480
43032 457
43092 460
43156 460
43216 457
43280 480
43340 455
43404 455
43464 455
43532 455
43596 455
43660 455
43720 455
43784 455
43844 455
43908 455
43968 455
44032 455
44092 455
44156 455
44216 455
44280 455
44340 455
44404 455
44468 455
44536 455
44596 455
44660 455
44720 455
44784 455
44844 455
44908 455
44968 455
45032 455
45092 455
45156 455
45220 455
45280 451
45344 455
45404 455
45468 455
45528 455
45596 455
45660 455
45720 480
45784 455
45844 455
45908 457
45972 455
45028 455
45088 455
45152 455
45212 455
45276 455
45336 455
45400 455
45468 455
45532 455
45592 455
45656 455
45716 455
45780 455
45840 455
45904 455
45964 455
46028 455
46088 455
46152 455
46212 455
46276 455
46340 455
46400 455
46468 455
46532 455
46592 455
46656 455
46716 455
46780 455
46840 455
46904 460
46964 455
47028 460
47092 460
47152 460
47216 459
47276 480
47340 457
47400 455
47468 455
47532 455
47592 455
47656 455
47716 455
47780 455
47844 455
47904 455
47968 455
48028 455
48092 455
48152 455
48216 455
48276 455
48340 455
48400 455
48464 455
48532 455
48596 455
48656 455
48720 455
48780 455
48844 455
48904 454
48968 455
49028 455
49092 455
49152 455
49216 455
49276 455
49340 455
49400 455
49464 455
49532 460
49596 460
49656 460
49720 460
49780 455
49844 480
49904 460
49968 460
50028 459
50092 455
50152 455
50216 455
50280 455
50340 455
50404 455
50464 455
50532 455
50596 455
50656 455
50720 455
50780 455
50844 455
50904 455
50968 455
51032 455
51092 455
51156 455
51216 455
51280 455
51340 455
51404 455
51464 455
51528 455
51596 455
51656 455
51720 455
51784 455
51844 455
51908 455
51968 455
52032 455
52092 455
52156 455
52216 455
52280 455
52340 455
52404 455
52464 455
52528 455
52596 455
52660 455
52720 455
52784 455
52844 455
52908 460
52968 460
53032 455
53092 455
53156 455
53216 455
53280 455
53340 455
53404 455
53464 455
53528 455
53592 455
53660 455
53720 455
53784 455
53844 455
53908 455
53968 457
54032 455
54092 460
54156 480
54216 480
54280 480
54344 480
54404 480
54468 460
54528 455
54592 455
54660 455
54720 455
54784 455
54844 455
54908 455
54968 455
55032 455
55096 455
55156 455
55220 455
55280 457
55344 455
55404 457
55468 457
55528 460
55592 455
55660 460
55720 455
55784 455
55848 455
55908 455
55972 455
56032 455
56096 455
56156 455
56220 455
56280 455
56344 455
56404 455
56468 455
56528 455
56592 455
56652 455
56724 455
56784 455
56848 455
56908 455
56972 455
57032 455
57096 455
57156 455
57220 455
57280 455
57344 455
57404 455
57468 455
57532 455
57592 455
57656 455
57724 455
57784 455
57848 455
57908 455
57972 455
58032 455
58096 455
58156 455
58220 455
58284 455
58344 455
58408 455
58468 455
58532 455
58592 455
58656 455
58724 455
58784 480
58848 480
58908 460
58972 448
59036 457
59096 455
59160 457
59220 455
59284 455
59344 455
59408 455
59468 455
59532 455
59592 455
59656 455
59716 455
59784 455
59848 455
59912 455
59972 455
60036 455
60096 455
60160 455
60220 455
60284 455
60344 455
60408 455
60468 455
60532 455
60592 455
60656 455
60716 455
60788 455
60848 455
60912 455
60972 455
60028 455
60092 455
60152 455
60216 455
60276 455
60340 455
60400 455
60464 455
60524 455
60592 460
60656 480
60720 480
60780 480
60844 480
60904 480
60968 480
61028 480
61092 455
61152 455
61216 455
61276 455
61340 455
61400 455
61464 455
61524 455
61588 455
61652 455
61716 455
61780 455
61840 455
61904 455
61964 457
62028 457
62088 457
62152 460
62212 457
62276 455
62336 457
62400 455
62460 455
62524 455
62584 455
62656 455
62716 455
62780 455
62840 455
62904 455
62964 455
63028 455
63088 455
63152 457
63212 455
63276 455
63336 455
63400 455
63464 455
63524 455
63588 455
63656 455
63716 455
63780 455
63840 455
63904 451
63964 455
64028 455
64088 455
64152 455
64216 455
64276 455
64340 455
64400 457
64464 457
64524 457
64588 455
64648 455
64716 455
64780 455
64840 455
64904 455
64968 455
65028 455
65092 455
65152 455
65216 455
65276 455
65340 455
65400 455
65464 455
65524 460
65588 460
65648 460
65716 457
65780 460
65844 455
65904 455
65968 455
66028 455
66092 455
66152 455
66216 455
66276 455
66340 455
66400 455
66464 455
66524 455
66588 455
66648 455
66712 455
66780 455
66844 455
66904 455
66968 455
67028 455
67092 455
67152 455
67216 455
67276 455
67340 455
67400 455
67464 455
67524 455
67588 455
67652 455
67712 455
67780 455
67844 455
67904 455
67968 455
68028 455
68092 455
68152 455
68216 455
68276 455
68340 455
68404 455
68464 459
68528 457
68588 460
68652 480
68712 460
68780 455
68844 459
68904 460
68968 455
69028 455
69092 455
69156 455
69216 455
69280 455
69340 455
69404 455
69464 455
69528 455
69588 455
69652 455
69712 455
69776 455
69844 455
69908 455
69968 455
70032 457
70092 460
70156 460
70216 455
70280 455
70340 455
70404 455
70464 455
70528 455
70588 455
70652 455
70712 455
70776 455
70844 454
70908 454
70968 455
71032 455
71092 455
71156 455
71216 455
71280 455
71340 455
71404 455
71464 455
71528 455
71592 455
71652 455
71716 455
71776 455
71844 455
71908 455
71968 455
72032 455
72092 455
72156 455
72216 455
72280 455
72344 455
72404 455
72468 455
72528 455
72592 455
72652 455
72716 455
72776 455
72840 455
72908 480
72968 455
73032 455
73096 455
73156 455
73220 455
73280 455
73344 455
73404 455
73468 455
73528 455
73592 455
73652 455
73716 457
73776 480
73840 460
73908 455
73972 460
74032 455
74096 455
74156 455
74220 455
74280 455
74344 455
74404 455
74468 455
74528 455
74592 455
74652 455
74716 455
74776 455
74840 455
74904 460
74972 455
75032 455
75096 455
75156 455
75220 455
75280 455
75344 455
75404 455
75468 455
75528 455
75592 455
75656 455
75716 455
75780 455
75840 455
75904 455
75972 455
75036 455
75096 455
75160 457
75220 460
75284 460
75348 480
75408 460
75472 460
75532 459
75596 455
75656 455
75720 455
75788 455
75848 455
75912 455
75972 455
76036 455
76100 455
76160 455
76224 455
76284 455
76348 455
76408 455
76472 455
76532 455
76596 455
76656 459
76720 460
76780 457
76848 455
76912 455
76976 457
77036 455
77100 455
77160 455
77224 455
77284 455
77348 455
77408 455
77472 451
77532 455
77596 455
77656 455
77720 455
77784 455
77852 455
77912 455
77976 455
78036 455
78100 455
78160 455
78224 455
78284 455
78348 455
78408 455
78472 455
78536 455
78596 455
78660 455
78720 455
78784 455
78844 455
78908 455
78972 455
79032 455
79096 455
79160 455
79220 455
79284 455
79344 455
79408 455
79468 455
79532 455
79592 455
79656 455
79716 455
79780 455
79840 455
79908 455
79972 455
80036 455
80096 455
80160 455
80220 455
80284 455
80344 457
80408 480
80468 460
80532 460
80592 460
80656 455
80716 455
80780 455
80840 455
80912 455
80972 455
81036 455
81096 455
81160 455
81220 455
81284 455
81344 455
81408 455
81468 455
81532 455
81592 455
81656 455
81720 455
81780 455
81844 455
81904 455
81972 455
82036 455
82096 455
82160 455
82220 455
82284 455
82344 455
82408 455
82472 455
82532 455
82596 455
82656 455
82720 480
82780 455
82844 459
82904 460
82972 480
83036 460
83096 460
83160 460
83224 460
83284 455
83348 455
83408 455
83472 455
83532 455
83596 455
83656 455
83720 455
83780 455
83844 455
83904 455
83968 455
84036 455
84100 455
84160 455
84224 455
84284 455
84348 455
84408 455
84472 455
84532 455
84596 455
84656 455
84720 455
84780 455
84844 455
84908 455
84968 455
85036 455
85100 455
85160 455
85224 455
85284 455
85348 455
85408 455
85472 455
85532 455
85596 455
85660 455
85720 455
85784 455
85844 455
85908 455
85968 455
86036 460
86100 455
86160 457
86224 460
86284 460
86348 455
86412 455
86472 455
86536 455
86596 455
86660 455
86720 455
86784 455
86844 455
86908 455
86968 455
87032 455
87100 455
87160 455
87224 455
87288 460
87348 459
87412 480
87472 480
87536 480
87596 480
87660 480
87720 460
87784 455
87844 455
87908 455
87968 455
88032 455
88100 455
88164 455
88224 455
88288 455
88348 455
88412 455
88472 455
88536 455
88596 455
88660 463
88720 457
88784 460
88844 460
88908 457
88972 455
89032 455
89100 455
89164 455
89224 455
89288 455
89348 455
89412 455
89472 455
89536 455
89596 455
89660 455
89724 455
89784 455
89848 455
89908 455
89972 455
90032 455
90096 455
90164 455
90224 455
90288 455
90348 455
90412 455
90476 455
90536 455
90600 455
90660 455
90724 455
90784 455
90848 455
90908 455
90972 455
90028 455
90092 455
90152 455
90216 455
90276 455
90340 455
90400 455
90464 455
90524 455
90588 455
90648 455
90712 455
90772 455
90836 455
90896 455
90960 455
91028 480
91092 455
91152 455
91216 455
91276 455
91340 455
91400 455
91464 455
91524 455
91588 455
91648 455
91712 455
91776 455
91836 455
91900 455
91960 455
92028 455
92092 455
92152 455
92216 455
92276 463
92340 455
92400 455
92464 455
92528 455
92588 455
92652 457
92712 455
92776 460
92836 455
92900 455
92960 455
93024 455
93092 455
93152 455
93216 455
93280 455
93340 455
93404 455
93464 455
93528 455
93588 455
93652 455
93712 455
93776 455
93836 460
93900 480
93960 480
94024 480
94092 480
94156 460
94216 460
94280 455
94340 455
94404 455
94464 455
94528 455
94588 451
94652 455
94712 455
94776 455
94836 455
94900 455
94964 455
95024 455
95092 455
95156 455
95216 455
95280 460
95340 460
95404 457
95464 455
95528 455
95588 455
95652 455
95716 455
95776 455
95840 455
95900 455
95964 455
96024 455
96088 455
96156 455
96216 455
96280 455
96340 455
96404 455
96468 455
96528 455
96592 455
96652 455
96716 455
96776 455
96840 455
96900 455
96964 455
97024 455
97088 455
97156 455
97216 455
97280 455
97344 455
97404 455
97468 455
97528 455
97592 480
97652 455
97716 455
97776 455
97840 455
97900 455
97964 455
98024 455
98088 455
98156 455
98220 455
98280 455
98344 455
98404 455
98468 455
98528 460
98592 480
98652 460
98716 460
98776 460
98840 455
98900 455
98964 455
99028 455
99088 455
99152 455
99220 455
99280 455
99344 455
99404 455
99468 455
99528 455
99592 455
99652 455
99716 455
99780 455
99840 455
99904 455
99964 455
100028 455
100088 455
100152 455
100220 455
100280 455
100344 455
100404 455
100468 455
100532 455
100592 455
100656 455
100716 455
100780 455
100840 455
100904 455
100964 455
101028 455
101088 455
101152 455
101212 455
101284 455
101344 455
101408 455
101468 455
101532 455
101592 455
101656 460
101716 457
101780 457
101840 460
101904 455
101964 457
102028 455
102088 455
102152 455
102216 455
102284 455
102344 455
102408 455
102468 455
102532 455
102592 455
102656 455
102716 455
102780 455
102840 455
102904 455
102968 455
103028 455
103092 455
103152 457
103216 455
103284 455
103344 455
103408 455
103468 455
103532 455
103592 455
103656 455
103720 455
103780 455
103844 455
103904 454
103968 455
104028 455
104092 455
104152 455
104216 455
104276 455
104344 455
104408 455
104472 455
104532 455
104596 455
104656 455
104720 455
104780 455
104844 455
104904 455
104968 455
105028 455
105092 455
105152 455
105216 455
105276 455
105348 455
105408 455
105472 455
105532 455
105596 455
105656 455
105720 455
105780 455
105844 455
105904 455
105968 455
105024 455
105092 455
105156 455
105216 455
105280 455
105344 455
105404 455
105468 455
105528 455
105592 455
105652 455
105716 455
105776 454
105840 455
105900 455
105964 455
106024 455
106088 455
106152 455
106216 455
106276 455
106340 455
106404 455
106464 455
106528 455
106588 455
106652 455
106712 455
106776 455
106836 455
106900 455
106960 455
107024 455
107084 455
107152 455
107216 455
107280 455
107340 455
107404 455
107464 455
107528 455
107588 455
107652 455
107712 455
107776 455
107836 480
107900 460
107960 460
108024 457
108088 460
108156 460
108216 457
108280 455
108340 455
108404 455
108464 455
108528 455
108588 455
108652 455
108712 455
108776 455
108840 455
108900 455
108964 455
109024 455
109088 455
109148 455
109216 455
109280 457
109340 457
109404 457
109464 459
109528 460
109592 455
109652 455
109716 455
109776 455
109840 455
109900 455
109964 455
110024 454
110088 451
110148 454
110216 451
110280 454
110344 455
110404 455
110468 455
110528 455
110592 455
110652 455
110716 455
110776 455
110840 460
110900 455
110964 455
111024 455
111088 455
111148 455
111212 455
111280 455
111344 455
111404 455
111468 455
111528 455
111592 455
111652 455
111716 455
111776 455
111840 455
111900 455
111964 455
112024 455
112088 455
112152 455
112212 455
112280 455
112344 455
112404 455
112468 455
112528 455
112592 455
112652 455
112716 455
112776 455
112840 455
112904 455
112964 463
113028 455
113088 460
113152 480
113212 480
113280 455
113344 455
113404 455
113468 455
113528 455
113592 455
113656 455
113716 455
113780 455
113840 455
113904 455
113964 455
114028 455
114088 455
114152 455
114212 455
114276 455
114344 455
114408 455
114468 455
114532 455
114592 455
114656 455
114716 455
114780 455
114840 455
114904 455
114964 455
115028 455
115088 455
115152 455
115212 455
115276 455
115344 455
115408 461
115468 455
115532 460
115592 460
115656 460
115716 460
115780 480
115840 460
115904 455
115964 455
116028 455
116092 455
116152 455
116216 455
116276 455
116344 455
116408 455
116468 455
116532 455
116592 455
116656 455
116716 455
116780 455
116844 455
116904 455
116968 455
117028 455
117092 455
117152 455
117216 455
117276 455
117340 455
117408 455
117468 455
117532 455
117596 455
117656 455
117720 455
117780 455
117844 455
117904 455
117968 455
118028 455
118092 455
118152 455
118216 455
118276 455
118340 455
118408 455
118472 455
118532 457
118596 455
118656 455
118720 460
118780 480
118844 460
118904 455
118968 460
119028 455
119092 455
119152 455
119216 455
119276 455
119340 455
119404 455
119472 455
119532 455
119596 455
119656 455
119720 455
119780 455
119844 455
119904 455
119968 460
120028 480
120092 480
120156 480
120216 480
120280 480
120340 480
120404 460
120472 455
120532 455
120596 455
120656 455
120720 455
120780 455
120844 455
120908 455
120968 455
