12 1023
76 240
140 135
200 63
264 17
332 15
392 56
456 127
516 240
580 352
640 480
704 608
764 705
828 783
892 831
952 839
1016 816
1076 768
1140 664
1200 560
1264 448
1332 319
1392 240
1456 159
1516 124
1580 120
1644 135
1704 192
1768 263
1828 384
1892 480
1952 560
2016 639
2076 705
2140 768
2200 768
2264 768
2324 704
2396 632
2456 543
2520 451
2580 384
2644 291
2704 240
2768 195
2828 192
2892 199
2952 248
3016 304
3076 384
3140 448
3200 524
3264 608
3328 639
3396 704
3456 704
3520 704
3580 652
3644 608
3704 542
3768 480
3828 399
3892 352
3952 287
4016 255
4080 252
4140 255
4204 284
4264 319
4328 384
4396 448
4456 508
4520 568
4580 608
4644 636
4704 639
4768 639
4832 624
4892 575
4956 529
5016 480
5080 448
5140 384
5204 335
5264 312
5328 291
5388 295
5456 318
5520 352
5584 387
5644 448
5708 496
5768 527
5832 572
5892 591
5956 608
6016 608
6080 583
6140 568
6204 524
6264 496
6328 448
6388 399
6460 384
6520 352
6584 327
6644 334
6708 352
6768 384
6832 399
6892 448
6956 480
7016 510
7080 540
7140 568
7204 572
7264 574
7328 568
7392 543
7460 511
7520 480
7584 448
7644 415
7708 387
7768 384
7832 384
7892 384
7956 384
8016 384
8080 412
8144 448
8204 480
8268 496
8328 513
8392 536
8452 543
8520 543
8584 542
8644 521
8708 508
8768 480
8832 451
8896 448
8956 412
9020 391
9080 384
9144 384
9204 384
9268 399
9328 415
9392 448
9452 455
9520 496
9584 508
9648 515
9708 526
9772 527
9832 521
9896 512
9956 504
10020 480
10080 455
10144 448
10204 419
10268 412
10328 399
10392 396
10452 399
10516 408
10580 419
10644 448
10708 451
10768 480
10832 496
10892 504
10956 511
11016 512
11080 511
11140 508
11204 496
11264 480
11328 480
11388 448
11452 448
11512 419
11584 415
11644 412
11708 414
11768 415
11832 448
11892 448
11956 451
12016 480
12080 480
12140 496
12204 504
12264 508
12328 508
12392 504
12452 496
12516 480
12584 480
12644 451
12708 448
12768 448
12832 448
12892 415
12956 419
13016 448
13080 448
13144 448
13204 449
13268 480
13328 480
13392 480
13452 496
13516 496
13576 496
13644 496
13708 480
13768 480
13832 480
13896 451
13956 448
14020 448
14080 448
14144 448
14204 448
14268 448
14328 448
14392 448
14452 451
14516 480
14576 480
14644 480
14708 480
14772 496
14832 496
14896 480
14956 480
15020 480
15080 480
15144 455
15204 448
15268 448
15328 448
15392 448
15452 448
15516 448
15580 448
15640 448
15708 454
15772 480
15832 480
15896 480
15956 480
