20 1023
84 304
144 248
208 192
268 135
332 96
396 56
456 17
520 0
580 0
648 0
712 0
772 30
836 62
896 112
960 156
1020 224
1084 271
1148 352
1208 414
1272 480
1332 547
1396 624
1456 675
1520 768
1580 783
1644 828
1712 864
1772 896
1836 896
1900 896
1960 896
2024 864
2084 831
2148 796
2208 768
2272 704
2332 639
2396 575
2456 512
2520 448
2580 385
2644 327
2712 255
2776 224
2836 192
2900 127
2960 112
3024 96
3084 67
3148 63
3208 71
3272 96
3332 120
3396 152
3456 192
3520 240
3584 287
3644 352
3708 399
3772 480
3836 519
3896 575
3960 636
4024 704
4084 768
4148 768
4208 783
4272 799
4332 824
4396 824
4456 816
4520 799
4580 775
4644 768
4704 711
4772 670
4836 624
4900 574
4960 515
5024 480
5084 414
5148 384
5208 316
5272 263
5332 240
5396 193
5456 192
5520 152
5580 135
5644 127
5708 135
5776 152
5836 192
5900 193
5960 240
6024 263
6084 312
6148 384
6208 399
6272 448
6332 504
6396 543
6460 591
6520 636
6584 671
6644 704
6708 768
6768 768
6836 768
6900 768
6960 768
7024 768
7084 768
7148 711
7212 704
7272 639
7336 608
7396 572
7460 521
7520 480
7584 448
7644 387
7708 352
7768 312
7836 268
7900 248
7960 224
8024 193
8088 192
8148 192
8212 192
8272 192
8336 224
8396 224
8460 254
8520 286
8584 319
8644 384
8708 398
8768 448
8832 496
8900 527
8964 572
9024 608
9088 638
9148 664
9212 704
9272 704
9336 711
9396 736
9460 736
9520 707
9584 704
9644 675
9708 652
9768 632
9832 608
9900 560
9964 515
10024 480
10088 448
10148 399
10212 384
10272 334
10336 312
10396 280
10460 255
10520 248
10584 240
10648 224
10708 224
10772 240
10832 248
10900 255
10964 280
11024 312
11088 332
11148 384
11212 398
11272 448
11336 480
11400 508
11460 540
11524 572
11584 608
11648 624
11708 639
11772 655
11832 671
11896 671
11964 675
12024 671
12088 664
12152 519
12212 636
12276 608
12336 575
12400 551
12460 519
12524 496
12584 451
12648 419
12708 387
12772 384
12832 334
12896 316
12964 287
13028 271
13088 255
13152 255
13212 255
13276 255
13336 263
13400 280
13460 295
13524 318
13584 352
13648 384
13708 391
13772 448
13836 451
13896 496
13964 515
14028 543
14088 572
14152 591
14212 624
14276 632
14336 639
14400 639
14460 639
14524 639
14588 639
14648 632
14712 624
14772 608
14836 575
14896 543
14960 519
15028 496
15088 480
15152 448
15212 412
15276 384
15340 384
15400 352
15464 319
15524 312
15588 291
15648 287
15712 287
15772 287
15836 287
15896 304
15960 316
32 412
92 335
156 255
220 199
280 140
344 96
404 56
468 15
528 0
592 0
652 0
716 0
776 28
840 60
900 112
968 159
1032 224
1096 284
1156 352
1220 415
1280 496
1344 560
1404 632
1468 704
1528 768
1592 792
1652 830
1716 864
1776 896
1840 896
1900 896
1964 896
2032 864
2096 828
2156 783
2220 768
2280 704
2344 632
2404 568
2468 504
2528 448
2592 384
2652 316
2716 255
2780 224
2840 159
2904 126
2964 96
3032 71
3096 63
3156 63
3220 71
3280 96
3344 124
3404 156
3468 193
3532 248
3592 295
3656 384
3716 412
3780 480
3840 526
3904 575
3964 638
4032 704
4096 768
4156 768
4220 792
4284 816
4344 824
4408 828
4468 824
4532 799
4592 775
4656 768
4716 707
4780 668
4840 624
4904 572
4964 512
5028 480
5096 399
5160 352
5220 304
5284 255
5344 224
5408 192
5468 159
5532 135
5592 127
5656 127
5716 127
5780 143
5840 159
5904 192
5968 224
6028 255
6096 316
6160 384
6220 412
6284 455
6344 510
6408 560
6468 608
6532 639
6592 704
6656 707
6720 768
6780 768
6844 768
6904 768
6968 768
7028 768
7096 768
7160 710
7220 704
7284 639
7344 608
7408 568
7472 515
7532 480
7596 448
7656 384
7720 352
7780 304
7844 255
7904 240
7968 224
8028 192
8092 192
8160 192
8220 192
8284 192
8348 199
8408 224
8472 255
8532 286
8596 319
8656 384
8720 399
8780 448
8844 496
8904 527
8968 572
9028 608
9092 638
9160 670
9224 704
9284 707
9348 736
9408 768
9472 768
9532 736
9596 704
9656 704
9720 655
9780 636
9844 608
9904 568
9968 526
10032 496
10092 448
10156 403
10224 384
10284 334
10348 312
10408 280
10472 255
10532 248
10596 240
10656 224
10720 224
10784 224
10844 240
10908 255
10968 271
11032 304
11092 323
11156 384
11224 396
11284 448
11348 480
11408 508
11472 536
11536 572
11596 608
11660 632
11720 639
11784 659
11844 671
11908 704
11968 704
12032 704
12092 671
12156 655
12224 639
12288 624
12348 588
12412 568
12472 527
12536 504
12596 480
12660 448
12720 396
12784 384
12844 352
12908 318
12968 291
13032 275
13092 255
13156 255
13220 255
13288 255
13348 255
13412 271
13472 287
13536 316
13596 334
13660 384
13720 387
13784 415
13844 448
13908 480
13972 511
14032 540
14096 568
14156 585
14220 608
14288 632
14348 639
14412 639
14472 639
14536 639
14596 639
14660 636
14724 624
14784 608
14848 575
14908 551
14972 527
15032 504
15096 480
15156 448
15220 415
15288 387
15348 384
15412 352
15472 319
15536 316
15600 304
15660 287
15724 287
15784 287
15848 287
15908 304
15972 316
40 399
100 319
164 255
232 192
292 127
356 96
420 48
480 15
544 0
604 0
668 0
728 7
792 35
852 71
916 120
976 192
1040 240
1100 287
1164 384
1224 448
1296 508
1356 575
1420 639
1480 704
1544 768
1604 798
1668 831
1728 864
1792 896
1852 896
1916 896
1976 896
2040 864
2100 824
2164 775
2228 768
2296 671
2356 624
2420 551
2480 496
2544 448
2604 384
2668 312
2728 252
2792 195
2852 156
2916 124
2980 96
3040 71
3104 63
3164 63
3228 71
3296 96
3356 124
3420 159
3480 199
3544 254
3604 312
3668 384
3732 415
3792 480
3856 536
3916 590
3980 639
4040 704
4104 768
4164 768
4228 792
4288 807
4356 824
4420 828
4484 816
4544 798
4608 771
4668 768
4732 704
4792 655
4856 624
4916 568
4980 508
5040 449
5104 398
5164 352
5228 295
5288 254
5360 224
5420 192
5484 152
5544 127
5608 126
5668 124
5732 127
5792 135
5856 159
5916 192
5980 224
6040 255
6104 312
6168 384
6228 403
6292 455
6352 510
6416 560
6480 608
6544 639
6604 704
6668 711
6728 768
6792 768
6852 768
6916 768
6976 768
7040 768
7100 768
7164 711
7224 704
7288 639
7348 608
7420 568
7480 512
7544 480
7604 419
7668 384
7728 352
7792 288
7852 255
7916 240
7976 224
8040 192
8100 192
8164 192
8228 192
8288 192
8352 199
8420 224
8480 254
8544 286
8604 319
8668 384
8728 399
8792 448
8852 496
8916 524
8980 568
9040 608
9104 638
9164 664
9228 704
9288 704
9352 736
9412 768
9480 768
9544 711
9604 704
9668 704
9732 655
9792 636
9856 608
9916 568
9980 524
10040 496
10104 448
10164 412
10228 384
10288 352
10352 312
10412 284
10480 255
10544 248
10608 240
10668 224
10732 224
10792 240
10856 240
10916 255
10980 271
11040 304
11104 323
11164 384
11228 391
11288 448
11352 480
11412 504
11476 536
11544 572
11608 608
11668 632
11732 639
11792 657
11856 671
11916 704
11980 704
12040 671
12104 670
12164 655
12228 638
12292 624
12352 588
12416 568
12476 527
12544 504
12608 480
12668 448
12732 399
12792 384
12856 352
12916 319
12980 304
13044 286
13104 271
13168 255
13228 255
13292 255
13352 271
13416 284
13476 304
13544 319
13608 352
13668 384
13732 396
13796 448
13856 451
13920 496
13980 512
14044 542
14104 572
14168 583
14228 608
14292 624
14352 636
14416 639
14476 639
14540 639
14608 636
14672 624
14732 608
14796 590
14856 572
14920 543
14980 519
15044 504
15104 480
15168 448
15228 415
15292 391
15352 384
15416 256
15480 334
15540 319
15608 316
15672 304
15732 304
15796 304
15856 312
15920 316
15980 319
52 391
112 319
176 255
236 192
300 135
360 96
424 60
484 28
552 7
616 0
680 3
740 24
804 56
864 96
928 127
988 192
1052 248
1112 304
1176 384
1236 448
1300 508
1360 572
1424 636
1488 704
1556 768
1616 792
1680 830
1740 864
1804 896
1864 896
1928 896
1988 864
2052 839
2112 816
2176 768
2240 768
2300 671
2364 624
2424 560
2488 496
2548 448
2616 384
2680 304
2740 252
2804 199
2864 159
2928 126
2992 96
3052 96
3116 70
3176 71
3240 96
3300 112
3364 127
3424 159
3488 224
3548 254
3616 316
3680 384
3744 419
3804 480
3868 536
3928 590
3992 639
4052 704
4116 768
4176 768
4240 783
4300 799
4364 816
4424 824
4488 806
4548 796
4620 768
4680 768
4744 704
4804 654
4868 608
4928 560
4992 508
5052 448
5116 396
5176 352
5240 304
5300 255
5364 224
5424 192
5488 159
5552 143
5612 127
5680 127
5744 127
5804 152
5868 192
5928 195
5992 240
6052 270
6116 316
6176 384
6240 408
6304 451
6364 508
6428 547
6488 608
6552 638
6612 671
6680 704
6744 768
6804 768
6868 768
6928 768
6992 768
7056 768
7116 768
7180 704
7240 671
7304 638
7364 608
7428 560
7488 512
7552 480
7612 448
7676 384
7744 352
7808 304
7868 268
7932 248
7992 224
8056 199
8116 192
8180 192
8240 192
8304 195
8364 224
8428 240
8488 255
8552 287
8612 319
8676 384
8744 399
8808 448
8868 480
8932 519
8992 560
9056 590
9116 632
9180 647
9240 671
9304 704
9364 704
9428 705
9492 704
9552 704
9616 704
9676 671
9744 639
9808 624
9868 590
9932 560
9992 519
10056 496
10116 448
10180 412
10244 384
10304 352
10368 318
10428 287
10492 263
10552 254
10616 240
10676 240
10740 240
10808 240
10868 252
10932 255
10996 286
11056 312
11120 335
11180 384
11244 398
11304 448
11368 480
11428 504
11492 527
11552 568
11616 588
11676 624
11740 636
11808 647
11872 659
11932 668
11996 670
12056 664
12120 654
12180 639
12244 632
12304 608
12368 575
12428 547
12492 519
12552 496
12616 480
12676 448
12740 399
12808 384
12872 352
12932 319
12996 312
13056 287
13120 284
13180 271
13244 271
13304 271
13368 286
13428 291
13492 316
13556 327
13616 352
13680 384
13740 399
13804 448
13872 455
13932 496
13996 512
14056 540
14120 568
14180 575
14244 608
14308 624
14368 632
14432 632
14492 636
14556 632
14616 632
14680 624
14740 608
14804 582
14872 568
14932 540
14996 513
15060 496
15120 480
15184 448
15244 415
15308 391
15368 384
15432 384
15492 352
15556 319
15616 318
15680 312
15740 312
15804 312
15864 316
15936 319
15996 335
