424 224
636 252
856 271
1068 291
1280 312
1492 319
1704 334
1924 335
2136 335
2348 335
2560 327
2780 316
2992 295
3204 275
3416 252
3628 225
3844 193
4060 159
4272 127
4484 99
4696 67
4912 39
5128 15
5340 7
5552 7
5764 15
5980 24
6192 35
6408 56
6620 78
6832 103
7048 127
7260 158
7472 188
7684 216
7904 240
8116 255
8328 284
8540 304
8752 318
8972 327
9184 335
9396 335
9608 335
9820 327
10036 319
10248 305
10464 286
10676 255
10888 240
11104 207
11316 177
11528 147
11744 113
11956 83
12172 56
12384 28
12596 7
12808 7
13028 7
13240 15
13452 30
13664 46
13876 63
14096 88
14308 115
14520 143
14732 167
14944 199
15164 227
15376 252
15588 271
15800 291
16012 312
16232 319
16444 334
16656 335
16868 339
17088 335
17300 327
17512 316
17724 295
17936 280
18156 252
18368 224
18580 193
18792 163
19004 127
19224 99
19436 71
19648 39
19860 17
20072 7
20292 7
20504 15
20716 24
20928 35
21140 56
21360 71
21572 99
21784 127
21996 158
22212 184
22428 216
22640 240
22852 255
23064 284
23280 304
23492 318
23708 327
23920 335
24132 337
24348 335
24560 327
24772 319
24988 304
25200 287
25416 255
25628 240
25840 207
26052 177
26268 147
26484 113
26696 81
26908 56
27120 28
27340 7
27552 7
27764 7
27976 15
28188 28
28408 46
28620 63
28832 92
29044 120
29256 143
29476 174
29688 199
29900 225
30112 254
30324 271
30544 291
30756 312
30968 319
31180 334
31392 335
31612 335
31824 335
32036 319
32248 316
32468 295
32680 271
32892 252
33104 224
33316 193
33536 159
33748 127
33960 99
34172 67
34384 39
34604 15
34816 7
35028 7
35240 14
35452 24
35668 35
35884 56
36096 78
36308 99
36520 127
36736 159
36952 188
37164 216
37376 240
37592 255
37804 286
38016 304
38232 319
38444 327
38660 335
38872 339
39084 335
39296 327
39512 319
39728 305
39940 287
40152 255
40364 240
40576 207
40796 176
41008 145
41220 113
41432 83
41644 56
41864 28
42076 7
42288 7
42500 7
42720 15
42932 30
43144 48
43356 63
43568 88
43788 115
44000 143
44212 172
44424 199
44636 225
44852 252
45068 271
45280 291
45492 312
45704 319
45920 334
46136 335
46348 335
46560 334
46772 319
46988 312
47200 295
47416 271
47628 248
47844 224
48056 192
48268 159
48480 127
48696 96
48912 63
49124 39
49336 15
49548 7
49760 7
49980 14
50192 24
50404 35
50616 56
50828 79
51048 103
51260 127
51472 159
51684 192
51904 216
52116 240
52328 255
52540 287
52752 304
52972 319
53184 327
53396 335
53608 335
53820 335
54040 327
54252 319
54464 304
54676 287
54892 231
55104 199
55320 167
55536 135
55748 103
55960 78
56172 48
56388 24
56604 7
56816 7
57028 14
57240 19
57456 31
57668 48
57884 71
58096 96
58312 124
58524 152
58736 179
58948 207
59164 231
59380 255
59592 280
59804 295
60016 316
60228 327
60448 335
60660 339
60872 335
61084 335
61296 319
61516 312
61728 287
61940 270
62152 243
62364 216
62584 184
62796 152
63008 120
63220 92
63440 60
63652 31
63864 7
64076 7
64288 7
64508 15
64720 28
64932 39
65144 63
65356 88
65572 112
65788 140
66000 167
66212 195
66424 224
66640 248
66852 271
67068 287
67280 312
67492 319
67708 332
67920 335
68132 335
68348 335
68564 327
68776 316
68988 295
69200 280
69412 255
69632 224
69844 195
70056 163
70268 127
70480 103
70700 71
70912 39
71124 15
71336 7
71548 7
71768 14
71980 24
72192 33
72404 56
72624 78
72836 99
73048 127
73260 158
73472 184
73692 216
73904 240
74116 255
74328 284
74540 304
74760 319
74972 327
75184 335
75396 344
75608 335
75828 334
76040 319
76252 305
76464 287
76676 255
76896 240
77108 207
77320 184
77532 152
77748 115
77964 88
78176 56
78388 28
78600 7
78816 7
79028 7
79244 15
79456 28
79668 44
79884 63
80096 88
80308 113
80524 143
80736 167
80952 199
81164 225
81376 252
81588 271
81804 295
82020 312
82232 319
82444 335
82656 335
82876 344
83088 335
83300 327
83512 316
83724 295
83944 273
84156 248
84368 224
84580 192
84792 159
85012 127
85224 96
85436 63
85648 39
85860 15
86080 7
86292 7
86504 15
86716 24
86928 35
87148 60
87360 79
87572 103
87784 127
88004 159
88216 192
88428 216
88640 241
88852 255
89072 287
89284 304
89496 319
89708 327
89920 335
90140 337
90352 335
90564 327
90776 319
90988 304
91204 284
91420 255
91632 231
91844 207
92056 176
92272 143
92488 112
92700 79
92912 51
93128 28
93340 7
93552 7
93768 7
93980 17
94196 31
94408 48
94620 67
94832 94
95048 120
95264 152
95476 176
95688 206
95900 231
96112 255
96332 280
96544 295
96756 316
96968 327
97180 335
97400 339
97612 339
97824 335
98036 327
98256 313
98468 295
98680 271
98892 248
99104 224
99324 192
99536 159
99748 127
99960 96
100172 63
100388 35
100604 15
100816 7
101028 7
101240 15
101456 24
101672 39
101884 56
102096 79
102308 103
102524 135
102736 159
102952 192
103164 220
103380 243
103592 255
103804 287
104016 305
104232 319
104448 327
104660 335
104872 337
105084 335
105296 327
105516 319
105728 304
105940 284
106152 255
106364 231
106584 199
106796 172
107008 135
107220 103
107440 71
107652 48
107864 24
108076 7
108288 7
108508 7
108720 19
108932 31
109144 49
109356 71
109568 112
109780 142
110000 167
110212 199
110424 224
110636 252
110848 271
111068 291
111280 312
111492 319
111704 334
111916 335
112136 339
112348 335
112560 327
112772 318
112984 295
113204 280
113416 255
113628 225
113840 195
114052 163
114272 127
114484 99
114696 71
114908 39
115124 17
115340 7
115552 7
115764 14
115976 24
116192 31
116408 56
116620 78
116832 99
117044 127
117260 158
117472 184
117688 216
117900 240
118112 255
118328 286
118540 304
118752 319
118964 327
119184 335
119396 339
119608 335
119820 327
120032 319
120252 305
120464 287
120676 255
120888 240
121100 207
121320 177
121532 143
121744 112
121956 79
122168 49
122388 24
122600 7
122812 7
123024 7
123236 15
123456 31
123668 48
123880 63
124092 94
124312 120
124524 147
124736 176
124948 199
125160 227
125380 255
125592 280
125804 295
126016 312
126228 319
126448 335
126660 335
126872 335
127084 334
127296 319
127516 312
127728 291
127940 271
128152 248
128364 220
128580 192
128796 158
129008 126
129220 96
129436 63
129648 31
129864 14
130076 7
130288 7
130504 15
130716 24
130928 39
131144 60
131356 79
131572 112
131784 135
131996 163
132208 193
132424 220
132640 248
132852 270
133064 287
133276 307
133488 319
133708 334
133920 335
134132 344
134344 335
134564 327
134776 319
134988 304
135200 284
135412 255
135632 231
135844 199
136056 167
136268 135
136480 108
136700 78
136912 48
137124 24
137336 7
137548 7
137768 12
137980 24
138192 31
138404 49
138616 71
138836 96
139048 126
139260 152
139472 184
139692 207
139904 231
140116 255
140328 280
140540 300
140760 318
140972 327
141184 335
141396 337
141608 335
141824 335
142040 319
142252 312
142464 287
142676 255
142892 240
143108 216
143320 184
143532 152
143744 120
143960 88
144172 56
144384 30
144596 7
144816 7
145028 7
145240 15
145452 28
145664 46
145884 63
146096 88
146308 113
146520 143
146732 167
146948 199
147164 224
147376 252
147588 271
147800 291
148016 312
148232 319
148444 334
148656 335
148868 335
149084 335
149296 327
149512 316
149724 295
149940 280
150152 254
150364 224
150576 195
150792 163
151008 127
151220 99
151432 67
151644 39
151856 15
152076 7
152288 7
152500 14
152712 24
152924 35
153144 56
153356 79
153568 103
153780 127
154000 159
154212 192
154424 216
154636 240
154848 255
155068 287
155280 304
155492 319
155704 327
155916 335
156136 344
156348 335
156560 334
156772 319
156984 305
157204 287
157416 255
157628 240
157840 207
158052 176
158272 143
158484 113
158696 79
158908 51
159128 24
159340 7
159552 7
159764 7
159976 15
160192 31
160408 48
160620 63
160832 96
161044 120
161260 147
161472 176
161688 199
161900 231
162112 255
162328 280
162540 295
162752 312
162968 319
163180 335
163396 335
163608 335
163820 335
164032 319
164244 312
164456 287
164668 255
164888 240
165100 211
165312 184
165524 152
165736 120
165956 88
166168 56
166380 30
166592 7
166804 7
167024 7
167236 15
167448 30
167660 39
167880 63
168092 88
168304 115
168516 143
168728 172
168948 199
169160 225
169372 252
169584 271
169796 295
170016 312
170228 319
170440 335
170652 335
170864 337
171080 335
171296 327
171508 316
171720 295
171932 275
172148 252
172364 224
172576 192
172788 159
173004 127
173216 96
173428 63
173644 35
173856 15
174072 7
174284 7
174496 14
174708 24
174924 39
175140 57
175352 79
175564 103
175776 127
175988 159
176208 192
176420 220
176632 241
176844 255
177056 287
177276 305
177488 319
177700 327
177912 335
178132 337
178344 335
178556 327
178768 319
178980 304
179200 284
179412 255
179624 231
179836 199
180048 176
180268 142
180480 103
180692 78
180904 49
181116 24
181336 7
181548 7
181760 14
181972 17
182192 31
182404 49
182616 71
182828 96
183040 124
183256 152
183472 179
183684 207
183896 231
184108 255
184324 281
184540 304
184752 318
184964 327
185176 335
185392 339
185604 339
185820 335
186032 319
186244 312
186460 291
186672 271
186884 248
187100 216
187316 188
187528 156
187740 124
187952 92
188164 63
188384 31
188596 7
188808 7
189020 7
189232 15
189452 28
189664 39
189876 63
190088 88
190300 112
190520 135
190732 167
190944 195
191156 224
191368 248
191588 271
191800 287
192012 312
192224 319
192444 334
192656 335
192868 339
193080 335
193292 327
193512 316
193724 295
193936 280
194148 255
194360 225
194580 193
194792 167
195004 127
195216 99
195428 71
195648 39
195860 15
196072 7
196284 7
196496 14
196716 24
196928 35
197140 56
197352 78
197568 103
197784 127
197996 159
198208 192
198420 216
198636 240
198848 255
199064 287
199276 304
199488 319
199704 327
199916 335
200128 339
200344 335
200556 332
200772 319
200984 304
201196 287
201408 255
201624 240
201840 207
202052 176
202264 143
202476 112
202696 79
202908 56
203120 25
203332 7
203544 7
203764 7
203976 17
204188 30
204400 48
204612 63
204832 96
205044 120
205256 145
205468 176
205680 199
205900 231
206112 255
206324 280
206536 295
206748 316
206968 327
207180 335
207392 339
207604 344
207824 335
208036 327
208248 316
208460 295
208672 271
208892 248
209104 220
209316 192
209528 158
209740 127
209960 96
210172 63
210384 33
210596 14
210808 7
211024 7
211240 15
211452 24
211664 39
211876 60
212092 83
212308 110
212520 135
212732 163
212948 192
213160 224
213372 248
213588 255
213800 287
214016 307
214228 319
214440 327
214652 335
214868 337
215084 335
215296 327
215508 318
215720 304
215932 280
216152 255
216364 227
216576 199
216788 167
217008 135
217220 103
217432 71
217644 39
217856 17
218076 7
218288 7
218500 14
218712 19
218924 35
219136 56
219356 79
219568 103
219780 127
219992 159
220204 192
220424 216
220636 243
220848 255
221060 287
221272 304
221492 319
221704 327
221916 335
222128 339
222340 335
222560 327
222772 319
222984 304
223196 284
223408 255
223628 231
223840 199
224052 167
224264 142
224480 108
224696 76
224908 48
225120 24
225332 7
225548 7
225760 12
225976 19
226188 31
226400 48
226616 71
226828 96
227040 124
227256 152
227468 179
227684 207
227896 231
228108 255
228320 280
228540 304
228752 318
228964 327
229176 335
229388 339
229608 339
229820 335
230032 319
230244 312
230456 291
230676 271
230888 248
231100 216
231312 188
231524 156
231744 124
231956 92
232168 62
232380 31
232592 14
232812 7
233024 7
233236 15
233448 28
233668 39
233880 62
234092 88
234304 112
234516 135
234736 167
234948 195
235160 224
235372 248
235584 271
235804 287
236016 312
236228 319
236440 334
236652 335
236868 339
237084 335
237296 327
237508 318
237720 300
237936 280
238152 255
238364 227
238576 195
238792 163
239004 127
239216 99
239432 71
239644 39
239860 15
240072 7
240284 7
240496 15
240712 24
240928 35
241140 56
241352 76
241564 103
241776 127
241996 158
242208 188
242420 216
242632 240
242844 255
243064 284
243276 304
243488 319
243700 327
243920 335
244132 337
244344 335
244556 327
244768 319
244988 305
245200 287
245412 255
245624 240
245836 207
246056 177
246268 143
246480 113
246692 79
246904 56
247124 28
247336 7
247548 7
247760 7
247972 15
248192 30
248404 48
248616 63
248828 92
249048 120
249260 143
249472 176
249684 199
249896 227
250112 255
250328 280
250540 295
250752 316
250964 319
251180 335
251396 339
251608 339
251820 335
252032 327
252248 316
252460 295
252676 271
252888 252
253100 224
253316 192
253528 159
253740 127
253952 96
254172 63
254384 35
254596 14
254808 7
255020 7
255240 15
255452 24
255664 39
255876 60
256088 79
256304 103
256520 135
256732 159
256944 192
257156 220
257372 248
257584 255
257800 287
258012 305
258224 319
258440 327
258652 335
258864 339
259080 335
259296 327
259508 318
259720 304
259932 280
260144 255
260364 227
260576 199
260788 167
261000 135
261212 103
261432 71
261644 44
261856 19
262068 7
262280 7
262500 14
262712 24
262924 31
263136 51
263356 71
263568 97
263780 127
263992 156
264204 184
264424 211
264636 240
264848 255
265060 284
265272 304
265492 318
265704 327
265916 335
266128 339
266340 335
266560 335
266772 319
266984 312
267196 287
267408 255
267628 240
267840 211
268052 184
268264 152
268480 120
268696 88
268908 56
269120 30
269332 7
269548 7
269764 7
269976 15
270188 28
270400 44
270616 63
270828 88
271044 113
271256 143
271468 167
271684 199
271896 225
272108 252
272324 271
272536 295
272752 312
272964 319
273176 335
273388 337
273596 337
273808 327
274020 319
274232 305
274452 286
274664 255
274876 231
275088 207
275300 176
275520 143
275732 112
275944 79
276156 49
276368 24
276588 7
276800 7
277012 7
277224 17
277444 31
277656 48
277868 67
278080 96
278292 120
278508 152
278724 177
278936 207
279148 231
279360 255
279576 280
279792 295
280004 316
280216 327
280428 335
280644 339
280856 335
281072 335
281284 319
281496 312
281712 287
281924 270
282136 243
282352 216
282568 184
282780 156
282992 120
283204 88
283416 60
283636 31
283848 7
284060 7
284272 7
284484 15
284704 28
284916 46
285128 63
285340 88
285552 112
285772 142
285984 167
286196 195
286408 224
286620 252
286840 271
287052 291
287264 312
287476 319
287696 335
287908 335
288120 339
288332 335
288544 327
288764 316
288976 295
289188 280
289400 254
289612 224
289832 193
290044 163
290256 127
290468 99
290680 71
290900 39
291112 15
291324 7
291536 7
291748 14
291968 24
292180 35
292392 56
292604 78
292820 103
293036 127
293248 159
293460 188
293672 216
293888 240
294100 255
294316 286
294528 304
294740 319
294956 327
295168 335
295380 344
295596 337
295808 334
296024 319
296236 305
296448 287
296660 255
296876 240
297092 207
297304 176
297516 143
297728 112
297948 79
298160 49
298372 24
298584 7
298796 7
299016 7
299228 17
299440 31
299652 48
299864 63
300084 96
300296 120
300508 152
300720 176
300932 199
301152 231
301364 255
301576 280
301788 295
302000 316
302220 319
302432 334
302644 335
302856 335
303072 334
303284 319
303500 312
303712 287
303924 271
304140 248
304352 216
304564 184
304780 156
304992 124
305208 88
305420 60
305632 31
305844 7
306060 7
306276 7
306488 15
306700 24
306912 39
307132 63
307344 88
307556 112
307768 135
307980 167
308200 199
308412 224
308624 248
308836 271
309048 287
309268 312
309480 319
309692 334
309904 335
310116 344
310336 335
310548 327
310760 318
310972 300
311184 280
311404 255
311616 227
311828 199
312040 167
312260 127
312472 103
312684 71
312896 39
313108 19
313328 7
313540 7
313752 14
313964 24
314176 33
314392 56
314608 78
314820 99
315032 127
315244 158
315460 184
315676 216
315888 240
316100 255
316312 284
316528 304
316740 319
316956 327
317168 335
317384 344
317596 335
317808 334
318020 319
318236 312
318452 287
318664 255
318876 240
319088 207
319300 177
319520 143
319732 113
319944 79
320156 56
320368 24
320588 7
320800 7
321012 7
321224 17
321436 31
321656 48
321868 63
322080 96
322292 120
322512 147
322724 176
322936 199
323148 231
323360 255
323580 280
323792 295
324004 312
324216 319
324428 334
324648 335
324860 337
325072 335
325284 319
325496 312
325716 287
325928 271
326140 248
326352 220
326564 192
326784 156
326996 126
327208 96
327420 62
327636 31
327852 12
328064 7
328276 7
328488 15
328700 24
328912 39
329132 60
329344 83
329556 112
329768 135
329980 167
330200 193
330412 224
330624 248
330836 271
331048 287
331268 312
331480 319
331692 327
331904 335
332116 344
332336 335
332548 327
332760 319
332972 304
333184 280
333404 255
333616 227
333828 199
334040 167
334260 127
334472 103
334684 71
334896 39
335108 15
335328 7
335540 7
335752 14
335964 24
336176 31
336396 56
336608 71
336820 99
337032 127
337244 156
337460 184
337676 216
337888 240
338100 255
338316 286
338528 304
338744 319
338956 327
339168 335
339384 339
339596 335
339808 327
340024 319
340236 305
340452 287
340664 255
340876 240
341088 207
341304 176
341520 143
341732 112
341944 79
342156 51
342368 25
342588 7
342800 7
343012 12
343224 15
343444 31
343656 48
343868 63
344080 96
344292 120
344512 147
344724 176
344936 199
345148 231
345360 255
345580 280
345792 295
346004 316
346216 327
346428 335
346648 339
346860 344
347072 335
347284 327
347496 316
347716 295
347928 271
348140 248
348352 224
348572 192
348784 159
348996 127
349208 96
349420 63
349636 35
349852 14
350064 7
350276 7
350488 15
350704 28
350920 39
351132 60
351344 79
351556 108
351772 135
351984 163
352200 193
352412 220
352624 248
352840 270
353052 287
353264 307
353480 319
353696 327
353908 335
354120 339
354332 335
354544 327
354764 318
354976 304
355188 280
355400 255
355612 231
355832 199
356044 167
356256 135
356468 103
356680 71
356900 39
357112 17
357324 7
357536 7
357748 14
357968 24
358180 35
358392 56
358604 71
358824 99
359036 127
359248 158
359460 184
359672 216
359892 240
360104 255
360316 286
360528 304
360740 318
360960 327
361172 335
361384 339
361596 337
361808 334
362028 319
362240 305
362452 287
362664 255
362876 240
363096 207
363308 177
363520 145
363732 115
363948 83
364164 56
364376 28
364588 7
364800 7
365016 7
365228 17
365444 30
365656 48
365868 63
366084 92
366296 120
366508 143
366724 176
366936 199
367152 227
367364 255
367576 280
367788 295
368004 316
368220 327
368432 335
368644 339
368856 344
369076 335
369288 327
369500 316
369712 295
369924 275
370144 252
370356 224
370568 192
370780 159
370992 127
371212 96
371424 63
371636 35
371848 14
372060 7
372280 7
372492 15
372704 25
372916 39
373136 60
373348 81
373560 103
373772 135
373984 159
374204 192
374416 220
374628 248
374840 255
375052 287
375272 305
375484 319
375696 327
375908 335
376120 335
376340 335
376552 327
376764 319
376976 304
377188 284
377404 255
377620 227
377832 199
378044 167
378260 135
378472 103
378688 71
378900 39
379112 19
379328 7
379540 7
379752 14
379968 24
380180 31
380396 56
380608 71
380820 99
381032 127
381248 156
381464 184
381676 216
381888 240
382100 255
382312 284
382532 304
382744 318
382964 334
383176 337
383392 344
383604 335
383816 327
384032 319
384244 304
384460 284
384672 255
384884 231
385096 199
385312 167
385528 135
385740 103
385952 71
386164 48
386376 19
386596 7
386808 7
387020 14
387232 24
387444 31
387664 49
387876 71
388088 97
388300 127
388520 156
388732 184
388944 209
389156 238
389368 255
389588 284
389800 304
390012 318
390224 327
390436 335
390656 339
390868 335
391080 335
391292 319
391504 312
391724 287
391936 255
392148 240
392360 207
392572 184
392788 143
393000 113
393212 81
393424 56
393644 24
393856 7
394068 7
394280 7
394492 17
394712 30
394924 46
395136 63
395348 92
395560 120
395776 143
395992 176
396204 199
396416 227
396628 255
396844 280
397060 295
397272 312
397484 319
397696 335
397912 335
398124 335
398340 335
398552 319
398768 312
398980 295
399192 271
399404 248
399616 224
399836 192
400048 159
400260 127
400472 96
400684 63
400904 35
401116 15
401328 7
401540 7
401752 15
401972 24
402184 39
402396 60
402608 81
402828 103
403040 135
403252 163
403464 192
403676 224
403896 248
404108 270
404320 287
404532 312
404744 319
404964 334
405176 337
405388 344
405600 335
405812 334
406032 319
406244 304
406456 286
406668 255
406880 231
407100 199
407312 167
407524 135
407736 103
407952 71
408168 46
408380 19
408592 7
408804 7
409020 14
409236 24
409448 31
409660 51
409872 71
410088 97
410300 126
410516 156
410728 184
410940 207
411156 240
411368 255
411580 284
411796 304
412008 316
412224 327
412436 335
412648 339
412860 335
413080 327
413292 319
413504 312
413716 287
413928 255
414148 240
414360 207
414572 179
414784 145
414996 115
415216 79
415428 56
415640 28
415852 7
416064 7
416284 7
416496 17
416708 31
416920 48
417132 63
417352 92
417564 120
417776 143
417988 176
418208 199
418420 227
418632 255
418844 280
419056 295
419276 312
419488 319
419700 335
419912 339
420124 339
420344 335
420556 327
420768 316
420980 295
421192 271
421412 248
421624 224
421836 192
422048 159
422260 127
422476 96
422692 63
422904 35
423116 15
423332 7
423544 7
423760 15
423972 24
424184 39
424400 60
424612 79
424824 110
425040 135
425252 163
425468 192
425680 224
425892 248
426104 255
426320 287
426536 312
426748 319
426960 334
427172 337
427384 344
427604 335
427816 327
428028 319
428240 304
428460 284
428672 255
428884 231
429096 199
429308 167
429528 135
429740 103
429952 71
430164 48
430376 17
430596 7
430808 7
431020 12
431232 19
431444 31
431660 51
431876 71
432088 97
432300 127
432512 156
432728 184
432944 209
433156 238
433368 255
433584 284
433796 304
434008 318
434224 327
434436 335
434652 339
434864 335
435076 327
435288 319
435504 305
435720 287
435932 255
436144 240
436356 207
436568 179
436788 143
437000 112
437212 81
437424 56
