516 305
1028 248
1548 174
2060 96
2580 24
3092 14
3612 31
4124 76
4640 135
5152 199
5672 255
6184 318
6704 353
7216 376
7736 376
8248 352
8764 305
9276 241
9796 167
10308 92
10828 19
11340 14
11860 35
12372 79
12888 143
13400 207
13920 255
14432 319
14952 353
15464 371
15984 368
16496 344
17012 295
17524 231
18044 159
18556 79
19076 15
19588 15
20108 39
20620 88
21136 152
21648 216
22168 275
22680 327
23200 359
23712 376
24232 368
24744 344
25260 291
25772 227
26292 152
26804 71
27324 14
27836 15
28356 39
28868 92
29384 156
29896 220
30416 280
30928 327
31448 359
31960 376
32480 368
32992 335
33508 287
34020 220
34540 143
35052 63
35572 7
36084 17
36604 48
37116 99
37632 163
38144 227
38664 287
39176 334
39696 359
40208 384
40728 359
41240 327
41756 280
42268 211
42788 135
43300 60
43820 7
44332 24
44852 51
45364 103
45880 167
46392 231
46912 291
47432 335
47944 368
48460 384
48976 359
49492 327
50004 271
50524 206
51036 127
51556 49
52068 7
52584 24
53100 60
53616 112
54128 176
54648 240
55160 295
55680 339
56192 368
56708 376
57224 355
57740 319
58252 255
58772 192
59284 120
59804 39
60316 7
60832 25
61348 63
61864 120
62376 184
62896 248
63408 304
63928 348
64440 369
64956 376
65472 355
65988 319
66500 255
67020 192
67532 112
68052 35
68564 7
69080 30
69596 63
70112 124
70624 192
71144 254
71656 305
72176 348
72688 368
73204 371
73720 353
74236 312
74748 254
75268 177
75780 99
76300 28
76812 14
77328 31
77844 71
78360 127
78872 199
79392 255
79904 316
80424 352
80936 376
81452 369
81968 352
82484 304
82996 248
83516 167
84028 96
84548 24
85060 14
85576 31
86092 79
86608 135
87120 199
87640 255
88152 319
88672 353
89184 376
89700 371
90216 348
90732 304
91244 240
91764 163
92276 88
92796 15
93308 15
93824 39
94340 88
94856 143
95368 209
95888 271
96400 319
96920 355
97432 376
97948 368
98464 344
98980 287
99492 225
100012 152
100524 71
101044 12
101556 15
102072 44
102588 92
103104 156
103616 220
104136 280
104648 327
105168 359
105680 384
106196 368
106712 339
107228 287
107740 224
108260 143
108772 63
109292 7
109804 15
110320 48
110836 96
111352 159
111864 224
112384 284
112896 327
113416 359
113928 376
114444 364
114960 327
115476 280
115988 211
116508 135
117020 60
117540 7
118052 19
118568 56
119084 103
119600 167
120112 231
120632 287
121144 335
121660 368
122172 384
122692 359
123208 327
123720 271
124240 206
124752 127
125272 51
125784 7
126300 24
126812 56
127332 112
127844 176
128364 240
128876 295
129396 344
129908 368
130424 376
130936 359
131456 319
131968 255
132492 158
133004 79
133524 15
134036 15
134552 39
135068 88
135584 152
136096 216
136616 280
137128 319
137648 359
138160 376
138676 368
139192 339
139708 287
140220 225
140740 152
141252 71
141772 7
142284 17
142800 48
143316 96
143832 159
144344 224
144864 284
145376 327
145896 359
146408 376
146924 359
147440 334
147956 280
148468 216
148988 135
149500 62
150020 7
150532 19
151048 56
151564 103
152080 167
152592 231
153112 287
153624 335
154144 368
154656 384
155172 359
155688 327
156204 280
156716 207
157236 127
157748 56
158268 7
158780 24
159296 56
159812 112
160328 176
160840 240
161360 295
161872 337
162392 368
162904 376
163420 359
163936 319
164452 255
164972 192
165484 115
166004 39
166516 7
167032 28
167544 63
168064 120
168576 188
169096 252
169608 305
170128 348
170640 369
171156 376
171668 355
172188 318
172700 255
173220 188
173732 112
174252 31
174764 7
175280 30
175792 63
176312 127
176824 192
177344 255
177856 312
178376 352
178888 369
179404 376
179916 352
180436 312
180948 248
181468 176
181980 96
182500 24
183012 14
183528 31
184040 78
184560 135
185072 199
185592 255
186104 318
186624 352
187136 376
187652 369
188164 348
188684 304
189196 240
189716 163
190228 88
190748 15
191260 15
191776 35
192288 79
192808 143
193320 207
193840 271
194352 319
194872 355
195384 384
195900 369
196412 348
196932 295
197444 231
197964 158
198476 79
198996 14
199508 15
200024 39
200536 88
201056 152
201568 216
202088 280
202600 319
203120 359
203632 376
204148 368
204660 335
205180 287
205692 224
206212 143
206724 63
207244 7
207756 15
208272 48
208784 97
209304 159
209816 227
210336 287
210848 335
211368 364
211880 384
212396 368
212908 335
213428 281
213940 216
214460 135
214972 62
215492 7
216004 19
216520 49
217032 103
217552 167
218064 231
218584 287
219096 335
219616 368
220128 376
220644 359
221156 327
221676 271
222188 199
222708 124
223220 48
223740 7
224252 24
224768 60
225280 115
225800 179
226312 243
226832 304
227344 344
227864 368
228376 376
228892 355
229404 319
229924 255
230436 192
230956 113
231468 39
231988 7
232500 28
233016 63
233528 124
234048 192
234560 252
235080 305
235592 348
236112 369
236624 384
237140 355
237652 318
238172 255
238684 184
239204 103
239720 31
240236 7
240752 31
241264 71
241784 127
242296 193
242816 255
243328 312
243844 352
244360 369
244876 369
245388 352
245908 304
246420 248
246940 167
247452 94
247968 19
248484 14
249000 33
249512 79
250032 142
250544 207
251064 270
251576 319
252092 355
252608 384
253124 376
253636 348
254156 300
254668 240
255188 159
255700 88
256216 15
256732 15
257248 39
257760 88
258280 147
258792 211
259312 271
259824 319
260340 359
260856 376
261372 368
261884 344
262404 287
262916 225
263436 152
263948 71
264460 7
264980 24
265492 60
266008 112
266524 177
267040 241
267552 300
268072 344
268584 368
269104 384
269616 359
270132 319
270648 255
271164 195
271676 120
272196 39
272708 7
273228 28
273740 63
274256 120
274772 184
275288 248
275800 304
276320 348
276832 369
277352 376
277864 352
278380 316
278896 255
279412 184
279924 103
280444 30
280956 12
281476 31
281988 71
282504 127
283016 195
283536 255
284048 312
284568 352
285080 376
285600 376
286112 352
286628 312
287140 248
287660 172
288172 96
288692 24
289204 14
289724 31
290236 79
290752 135
291264 199
291784 255
292296 319
292816 353
293328 376
293848 371
294360 348
294876 304
295388 240
295908 159
296420 81
296940 15
297452 15
297972 39
298484 88
299000 147
299512 216
300032 271
300544 319
301064 359
301576 376
302096 368
302608 339
303124 287
303636 224
304156 145
304668 71
305188 7
305700 15
306220 48
306732 96
307248 159
307760 224
308280 286
308792 332
309312 366
309824 384
310344 368
310860 335
311372 287
311892 220
312404 142
312924 63
313436 7
313956 19
314468 49
314984 103
315496 163
316016 231
316528 287
317048 335
317560 364
318080 376
318592 359
319108 327
319620 271
320140 199
320652 127
321172 49
321684 7
322204 24
322716 60
323232 112
323744 177
324264 243
324776 295
325296 344
325808 368
326324 376
326840 359
327356 319
327868 255
328388 193
328900 120
329420 39
329932 12
330448 24
330964 63
331480 120
331992 184
332512 252
333024 304
333544 348
334056 368
334572 384
335088 355
335604 316
336116 255
336636 184
337148 103
337668 31
338180 12
338696 31
339212 71
339728 127
340240 195
340760 255
341272 312
341792 352
342304 369
342820 369
343336 352
343852 305
344364 248
344884 167
345396 96
345916 24
346428 15
346944 33
347460 79
347976 135
348488 207
349008 255
349520 319
350040 355
350552 384
351068 371
351584 352
352100 304
352612 240
353132 159
353644 88
354164 15
354676 15
355192 39
355708 88
356224 147
356736 216
357256 271
357768 319
358288 355
358800 376
359316 368
359832 337
360348 287
360860 224
361380 152
361892 71
362412 12
362924 17
363440 46
363956 96
364472 159
364984 224
365504 286
366016 332
366536 364
367048 384
367564 368
368080 335
368596 286
369108 216
369628 142
370140 63
370660 7
371172 19
371688 49
372204 99
372720 163
373232 231
373752 287
374264 335
374784 368
375296 384
375812 359
376328 327
376844 275
377356 206
377876 127
378388 49
378908 7
379420 24
379936 60
380452 112
380968 176
381480 240
382000 295
382512 344
383032 368
383544 376
384060 359
384576 319
385092 255
385612 192
386124 115
386644 39
387156 12
387672 28
388184 63
388704 120
389216 192
389736 252
390248 305
390768 348
391280 369
391796 384
392308 355
392828 318
393340 255
393860 184
394372 103
394892 30
395404 12
395920 31
396440 83
396956 143
397472 211
397984 271
398504 319
399016 355
399536 376
400048 368
400564 344
401080 291
401596 227
402108 152
402628 71
403140 7
403660 15
404172 46
404688 96
405204 158
405720 224
406232 284
406752 327
407264 359
407784 384
408296 368
408812 335
409328 286
409844 220
410356 142
410876 63
411388 7
411908 19
412420 48
412936 99
413452 163
413968 231
414480 287
415000 335
415512 368
416032 384
416544 368
417060 327
417576 280
418092 207
418604 127
419124 49
419636 7
420156 24
420668 56
421184 112
421700 176
422216 240
422728 295
423248 344
423760 368
424280 376
424792 359
425308 319
425824 255
426340 193
426852 120
427372 39
427884 7
428404 24
428916 63
429432 120
429948 188
430464 252
430976 305
431496 348
432008 369
432528 384
433040 359
433556 318
434068 255
434588 188
435100 103
435620 31
436132 12
436652 31
437164 67
437680 127
438192 192
438712 255
439224 312
439744 352
440256 369
440776 369
441288 352
441804 307
442316 248
442836 167
443348 96
443868 19
444380 14
444900 33
445412 79
445928 135
446440 207
446960 255
447472 319
447992 355
448504 376
449024 371
449536 348
450052 304
450564 240
451084 159
451596 88
452116 15
452628 15
453148 39
453660 88
454176 145
454688 216
455208 271
455720 319
456240 359
456752 376
457272 368
457784 344
458300 287
458812 227
459332 152
459844 71
460364 7
460876 15
461396 46
461908 96
462424 159
462936 224
463456 284
463968 327
464488 359
465000 376
465520 368
466032 335
466548 284
467060 216
467580 135
468092 63
468612 7
469128 17
469640 49
470160 103
470672 167
471192 231
471704 287
472220 335
472736 368
473252 384
473764 364
474284 327
474796 280
475316 207
475828 127
476344 49
476860 7
477376 24
477888 56
478408 112
478920 176
479440 240
479952 295
480468 339
480984 368
481500 376
482012 359
482532 319
483044 255
483564 192
484076 120
484592 39
485108 12
485624 28
486136 63
486656 124
487168 192
487688 254
488200 305
488716 352
489232 369
489748 384
490260 355
490780 318
491292 255
491812 184
492324 103
492840 31
493356 14
493872 30
494384 71
494904 127
495416 193
495936 255
496448 312
496964 352
497480 369
497996 376
498508 352
499028 307
499540 248
500060 167
500572 92
501088 17
501604 15
502120 35
502632 79
503152 143
503664 207
504184 270
504696 319
505212 355
505728 376
506244 368
506756 344
507276 295
507788 231
508308 159
508820 79
509336 15
509852 15
510368 39
510880 88
511400 152
511912 216
512432 280
512944 327
513460 359
513976 384
514492 368
515004 344
515524 291
516036 225
516556 152
517068 71
517584 7
518096 15
518616 48
519128 96
519648 159
520160 225
520680 286
521192 327
521708 359
522220 376
522740 364
523252 334
523772 280
524284 211
524804 127
525316 57
525832 7
526344 19
526864 56
527376 103
527896 167
528412 241
528924 295
529444 344
529956 368
530476 376
530988 355
531504 319
532020 255
532536 192
533048 113
533568 35
534080 7
534600 28
535112 63
535628 126
536144 192
536660 255
537172 307
537692 352
538204 369
538724 376
539236 353
539752 312
540268 254
540784 184
541296 103
541816 31
542328 14
542848 31
543360 71
543876 127
544392 195
544908 255
545420 316
545940 352
546452 376
546972 376
547484 352
548000 305
548516 248
549032 167
549544 94
550064 17
550576 15
551096 35
551608 79
552124 142
552640 207
553156 255
553668 319
554188 355
554700 376
555220 368
555732 344
556248 295
556764 231
557280 158
557792 79
558312 15
558824 15
559344 39
559856 88
560372 152
560888 217
561404 280
561916 327
562436 359
562948 384
563468 369
563980 344
564496 287
565012 225
565528 152
566040 71
566560 12
567072 15
567592 48
568104 96
568620 159
569136 224
569652 286
570164 327
570684 359
571196 376
571716 368
572228 332
572744 280
573256 207
573776 127
574292 56
574804 7
575324 24
575836 56
576356 110
576868 174
577384 240
577900 295
578416 339
578928 368
579448 384
579960 359
580480 319
580992 271
581508 199
582024 124
582540 48
583052 7
583572 24
584084 60
584604 115
585116 179
585632 248
586148 304
586664 344
587176 368
587696 384
588208 359
588728 319
589240 255
589756 192
590272 112
590788 31
591300 12
591820 30
592332 63
592852 126
593364 192
593880 255
594396 312
594912 352
595424 369
595944 369
596456 352
596976 312
597488 248
598004 176
598520 97
599036 24
599548 14
600068 31
600580 71
601100 135
601612 199
602128 255
602644 318
603160 353
603672 384
604192 376
604704 352
605224 304
605736 241
606252 167
606768 88
607284 15
607796 15
608316 35
608828 79
609348 143
609860 207
610376 271
610892 319
611408 355
611920 376
612440 368
612952 344
613472 295
613984 227
614500 152
615016 71
615532 7
616044 15
616564 46
617076 96
617596 158
618108 224
618624 284
619140 327
619656 359
620168 384
620688 368
621200 335
621720 287
622232 220
622748 143
623264 63
623780 7
624292 17
624812 48
625324 99
625844 163
626356 227
626872 287
627384 335
627904 368
628416 384
628936 366
629448 327
629968 280
630480 207
630996 127
631508 51
632028 7
632540 24
633060 56
633572 112
634092 176
634604 240
635120 295
635632 344
636152 368
636664 376
637184 359
637696 319
638216 255
638728 193
639244 115
639756 39
640276 7
640788 28
641308 63
641820 120
642340 188
642852 252
643368 304
643880 352
644400 371
644912 384
645432 355
645944 319
646464 255
646976 188
647492 103
648004 31
648524 7
649044 30
649556 71
650076 127
650588 193
651104 255
651616 312
652136 352
652648 369
653168 371
653680 352
654200 305
654712 248
655228 167
655740 92
656260 17
656772 14
657292 35
657804 79
658324 142
658836 207
659352 271
659864 319
660384 366
660896 384
661412 368
661928 335
662444 287
662956 224
663476 142
663988 63
664508 7
665020 19
665536 49
666052 99
666568 163
667080 231
667600 287
668112 335
668632 368
669144 376
669660 359
670176 327
670692 271
671204 199
671724 126
672236 49
672756 7
673268 24
673784 60
674300 113
674816 184
675328 243
675848 304
676360 344
676880 368
677392 384
677908 359
678424 319
678940 255
679452 192
679972 120
680484 39
681004 12
681516 28
682032 63
682548 120
683064 192
683576 252
684096 305
684608 352
685128 376
685640 376
686156 355
686672 316
687188 255
687700 184
688220 103
688732 28
689252 12
689764 31
690280 71
690796 127
691312 199
691824 255
692344 316
692860 352
693372 369
693892 369
694404 348
694924 304
695436 241
695956 167
696468 88
696984 15
697496 15
698016 35
698528 79
699048 143
699560 207
700080 271
700592 319
701108 359
701620 384
702140 369
702652 348
703172 295
703684 231
704204 159
704716 79
705232 14
705744 15
706264 39
706776 88
707296 152
707808 216
708328 280
708840 319
709356 359
709868 376
710388 368
710900 335
711420 287
711932 220
712452 143
712964 63
713480 7
713992 19
714512 48
715024 99
715544 163
716056 227
716576 287
717088 335
717604 368
718116 384
718636 368
719148 327
719668 280
720180 207
720700 127
721212 56
721728 7
722240 24
722760 56
723272 110
723792 167
724304 240
724824 295
725336 344
725852 368
726364 384
726884 359
727396 319
727916 270
728428 199
728944 120
729460 39
729976 7
730488 24
731008 63
731520 120
732040 184
732552 248
733068 304
733584 344
734100 368
734612 376
735132 353
735644 316
736164 255
736676 184
737192 103
737708 31
738224 12
738736 30
739256 67
739768 127
740288 193
740800 255
741316 312
741832 352
742348 376
742860 384
743380 353
743892 312
744412 252
744924 176
745440 96
745956 24
746472 14
746984 31
747504 78
748016 135
748536 199
749048 255
749564 318
750080 353
750596 376
751108 369
751628 344
752140 295
752660 231
753172 159
753688 79
754204 14
754720 15
755232 39
755752 88
756264 152
756784 216
757296 280
757812 327
758328 359
758844 384
759356 368
759876 344
760388 291
760908 225
761420 152
761936 71
762452 14
762968 15
763480 46
764000 96
764512 158
765032 224
765544 284
766060 327
766576 359
767092 376
767612 368
768124 335
768644 284
769156 216
769672 135
770184 60
770704 7
771216 24
771736 56
772248 103
772768 167
773280 231
773796 291
774308 335
774828 368
775340 376
775860 359
776372 319
776892 271
777404 199
777920 126
778432 48
778952 7
779464 24
779984 60
780496 113
781016 179
781528 248
782044 304
782556 344
783076 369
783588 384
784108 359
784620 319
785140 255
785652 193
786168 113
786680 39
787200 12
787712 28
788232 63
788744 124
789264 192
789776 252
790292 305
790804 348
791324 369
791836 376
792352 352
792864 312
793384 248
793896 176
794416 96
794928 24
795444 15
795956 31
796476 79
796988 135
797508 204
798020 255
798540 319
799052 353
799568 376
800080 369
800600 348
801112 304
801632 240
802144 159
802664 88
803176 15
803692 15
804204 35
804724 88
805236 145
805756 216
806268 271
806788 319
807300 359
807816 384
808328 369
808848 344
809360 295
809880 227
810392 152
810912 71
811424 7
811940 15
812452 44
812972 96
813484 159
814004 224
814516 284
815036 327
815548 359
816064 376
816576 366
817096 334
817608 284
818128 216
818640 135
819160 60
819672 7
820188 19
820700 51
821220 103
821732 167
822252 231
822764 291
823284 337
823796 368
824312 384
824824 359
825344 327
825860 271
826372 207
826892 127
827404 49
827924 7
828436 24
828952 60
829464 112
829984 177
830496 241
831016 292
831528 344
832048 368
832560 376
833076 359
833588 319
834108 255
834620 192
835140 112
835652 35
836172 7
836684 28
837200 63
837712 126
838232 192
838744 255
839264 312
839776 352
840296 371
840808 376
841324 352
841836 312
842356 254
842868 177
843388 99
843900 28
844420 14
844932 31
845448 71
845960 127
846480 199
846992 255
847512 318
848024 352
848544 376
849056 376
849572 352
850084 305
850604 241
851116 167
851636 88
852148 15
852668 15
853180 35
853696 83
854208 143
854728 207
855240 271
855760 319
856272 355
856792 376
857304 368
857820 344
858332 291
858852 225
859364 153
859884 71
860396 7
860916 15
861428 39
861944 96
862456 158
862976 224
863488 284
864008 327
864520 359
865040 384
865552 368
866068 335
866580 287
867100 224
867612 143
868132 63
868644 7
869164 17
869676 48
870192 99
870704 163
871224 227
871736 287
872256 335
872768 368
873288 376
873800 359
874316 327
874828 275
875348 207
875860 127
876380 48
876892 7
877412 24
877924 57
878440 112
878952 176
879472 241
879984 295
880504 344
881016 368
881536 384
882048 359
882564 319
883076 255
883596 193
884108 120
884628 39
885140 7
885660 25
886172 63
886688 120
887200 188
887720 252
888232 304
888752 352
889264 369
889784 384
890296 355
890812 318
891324 255
891844 184
892356 103
892876 28
893388 14
893908 31
894420 71
894936 127
895448 195
895968 255
896480 313
897000 352
897512 376
898032 369
898544 352
899060 304
899572 241
900092 167
900612 92
901124 19
901640 15
902156 35
902672 79
903184 143
903704 207
904216 271
904736 319
905248 355
905764 384
906280 376
906796 348
907308 302
907828 231
908340 159
908860 79
909372 14
909888 15
910404 39
910920 92
911432 152
911952 216
912464 280
912984 327
913496 359
914012 376
914528 368
915044 335
915556 287
916076 224
916588 143
917108 63
917620 7
918136 17
918652 48
919168 99
919680 159
920200 231
920712 287
921232 335
921744 366
922260 384
922776 368
923292 334
923804 280
924320 199
924832 124
925352 48
925864 7
926384 24
926896 62
927412 120
927924 184
928444 248
928956 304
929476 344
929988 368
930508 376
931020 355
931536 318
932048 255
932568 188
933080 103
933600 31
934112 12
934632 30
935144 71
935660 127
936172 193
936692 255
937204 312
937724 352
938236 371
938756 376
939268 352
939784 312
940296 248
940816 176
941328 96
941848 24
942360 14
942880 31
943392 78
943908 135
944420 199
944940 255
945452 319
945972 355
946484 376
947004 376
947516 352
948032 304
948544 240
949064 159
949576 83
950096 15
950608 15
951128 39
951640 88
952156 152
952668 216
953188 275
953700 319
954220 359
954732 376
955252 368
955764 339
956280 287
956792 225
957312 152
957824 71
958344 12
958856 15
959376 48
959888 96
960404 159
960916 224
961436 286
961948 334
962468 366
962980 384
963496 368
964012 335
964528 284
965040 220
965560 135
966072 62
966592 7
967104 19
967620 51
968136 103
968652 167
969164 231
969684 287
970196 335
970716 368
971228 376
971744 359
972260 327
972776 271
973288 199
973808 124
974320 48
974840 7
975352 24
975868 62
976384 115
976900 184
977412 248
977932 304
978444 344
978964 369
979476 384
979992 359
980508 319
981024 255
981536 192
982056 112
982568 35
983088 12
983600 28
984116 63
984632 126
985148 192
985660 254
986180 312
986692 352
987212 371
987724 376
988244 353
988760 312
989272 252
989792 177
990304 97
990824 24
991336 14
991852 31
992368 76
992884 135
993396 199
993916 255
994428 318
994948 352
995460 376
995976 369
996492 348
997008 304
997520 240
998040 159
998552 88
999072 15
999584 15
1000100 35
1000616 88
1001132 145
1001644 216
1002164 275
1002676 319
1003196 359
1003708 384
1004224 369
1004740 344
1005256 295
1005768 231
1006288 156
1006800 71
1007320 7
1007832 15
1008348 46
1008860 94
1009380 156
1009892 224
1010412 281
1010924 327
1011444 359
1011956 376
1012472 364
1012984 335
1013504 284
1014016 216
1014536 135
1015048 60
1015568 7
1016080 19
1016596 51
1017108 103
1017628 167
1018140 231
1018660 291
1019172 335
1019692 368
1020204 384
1020720 366
1021232 327
1021752 275
1022264 207
1022784 127
1023296 51
1023816 7
1024328 24
1024844 56
1025356 112
1025876 176
1026388 240
1026908 295
1027420 344
1027940 368
1028452 384
1028968 359
1029480 319
1030000 255
1030512 192
1031032 112
1031544 35
1032064 12
1032576 28
1033092 63
1033604 124
1034124 192
1034636 254
1035156 312
1035668 352
1036188 369
1036700 376
1037216 352
1037728 312
1038248 252
1038760 179
1039280 99
1039792 28
1040312 14
1040824 31
1041340 71
1041852 127
1042372 199
1042884 255
1043404 318
1043916 353
1044436 384
1044948 376
1045464 352
1045976 312
1046496 248
1047008 167
1047528 88
1048040 17
1048560 15
1049072 35
1049588 81
1050100 143
1050620 207
1051132 271
1051652 319
1052164 355
1052684 376
1053196 368
1053712 344
1054224 295
1054744 227
1055256 156
1055776 71
