516 96
1028 158
1544 216
2056 254
2576 270
3088 255
3608 216
4120 143
4640 63
5152 7
5668 19
6180 51
6700 103
7212 163
7732 224
8244 255
8764 255
9276 252
9792 199
10304 127
10824 56
11336 7
11856 24
12368 60
12888 115
13400 176
13916 227
14428 255
14948 255
15460 248
15980 192
16492 121
17012 39
17524 7
18040 28
18552 63
19072 126
19584 184
20104 238
20620 255
21136 255
21652 240
22164 184
22684 108
23196 31
23716 14
24228 31
24744 71
25260 127
25776 193
26288 240
26808 255
27320 255
27840 231
28352 167
28868 96
29384 17
29900 15
30412 35
30932 88
31444 143
31964 199
32476 248
32992 255
33508 255
34024 224
34536 158
35056 79
35568 15
36088 15
36600 44
37116 96
37632 156
38148 216
38660 254
39180 271
39692 255
40212 216
40724 152
41240 71
41756 7
42272 17
42784 49
43304 103
43816 163
44336 220
44848 255
45364 270
45880 252
46396 199
46908 135
47428 56
47940 7
48460 24
48972 56
49488 112
50004 176
50520 225
51032 255
51552 255
52064 243
52584 192
53096 120
53612 44
54128 7
54644 28
55156 63
55676 126
56188 184
56708 231
57220 255
57736 255
58252 240
58768 184
59280 108
59800 31
60312 12
60832 31
61344 71
61860 127
62376 192
62892 240
63404 255
63924 255
64436 231
64956 172
65468 97
65984 24
66500 14
67016 35
67528 81
68048 143
68560 199
69080 248
69592 255
70108 255
70624 224
71140 159
71652 83
72172 14
72684 15
73204 39
73716 96
74232 156
74748 209
75264 252
75776 255
76296 255
76808 211
77328 145
77840 71
78356 7
78872 15
79388 49
79900 103
80420 159
80932 224
81452 255
81964 270
82480 252
82996 207
83512 135
84024 60
84544 7
85056 24
85576 56
86088 112
86604 176
87120 225
87636 255
88148 255
88668 248
89180 193
89700 124
90212 46
90728 7
91244 28
91760 63
92272 124
92792 184
93304 231
93824 255
94336 255
94852 240
95364 184
95884 110
96400 31
96912 12
97432 31
97944 71
98464 127
98976 193
99492 240
100008 255
100524 255
101036 231
101556 167
102068 99
102588 24
103100 15
103616 35
104132 81
104648 143
105160 199
105680 248
106192 255
106712 255
107224 224
107740 159
108256 83
108772 15
109284 15
109804 39
110316 94
110836 152
111348 207
111864 252
112380 255
112896 255
113408 216
113928 145
114440 67
114960 7
115472 19
115988 49
116504 103
117020 163
117532 220
118052 255
118564 270
119084 252
119596 207
120112 135
120628 60
121144 7
121656 24
122176 56
122688 112
123208 176
123720 225
124236 255
124752 270
125268 248
125780 195
126300 124
126812 48
127332 7
127844 28
128360 63
128876 124
129392 184
129904 231
130424 255
130936 255
131456 240
131968 184
132492 96
133004 19
133524 14
134036 39
134552 88
135068 145
135584 206
136096 248
136616 270
137128 255
137648 224
138160 159
138676 79
139192 14
139708 15
140220 46
140740 96
141252 159
141772 216
142284 255
142800 270
143316 255
143832 209
144344 143
144864 63
145376 7
145896 19
146408 56
146924 108
147440 167
147956 224
148468 255
148988 270
149500 252
150020 199
150532 127
151048 51
151564 7
152080 24
152592 62
153112 120
153624 179
154144 231
154656 255
155172 271
155688 248
156204 192
156716 120
157236 39
157748 7
158268 28
158780 71
159296 127
159812 192
160328 240
160840 255
161360 255
161872 236
162392 176
162904 99
163420 24
163936 14
164452 35
164964 79
165484 142
165996 199
166516 248
167028 255
167544 255
168060 225
168576 159
169088 88
169608 15
170120 15
170640 39
171152 92
171668 152
172184 207
172700 254
173212 271
173732 255
174244 224
174764 152
175276 71
175792 7
176308 15
176824 48
177336 99
177856 163
178368 216
178888 255
179400 271
179916 254
180432 207
180948 135
181460 60
181980 7
182492 24
183012 60
183524 112
184040 176
184556 225
185072 255
185584 255
186104 248
186616 193
187136 120
187648 46
188164 7
188676 28
189196 63
189712 126
190224 184
190744 231
191256 255
191776 255
192288 240
192804 184
193320 112
193836 31
194348 12
194868 31
195380 71
195900 135
196412 193
196928 241
197444 255
197960 255
198472 231
198992 172
199504 96
200024 19
200536 14
201052 35
201568 88
202084 143
202596 199
203116 248
203628 255
204148 255
204660 224
205176 158
205692 79
206208 12
206720 15
207240 48
207752 96
208272 159
208784 216
209300 255
209816 271
210332 255
210844 216
211364 143
211876 63
212396 7
212908 19
213424 51
213940 103
214456 167
214968 224
215488 255
216000 271
216520 252
217032 199
217548 127
218064 51
218580 7
219092 24
219612 63
220124 120
220644 177
221156 227
221672 255
222188 255
222704 241
223216 192
223736 113
224248 35
224768 12
225280 28
225796 71
226312 127
226828 192
227340 240
227860 255
228372 255
228892 231
229404 177
229920 99
230436 28
230952 14
231464 31
231984 79
232496 142
233016 199
233528 248
234044 271
234560 255
235076 227
235588 163
236108 88
236620 15
237140 15
237652 39
238168 92
238684 152
239200 207
239712 252
240232 271
240744 255
241264 216
241776 152
242292 71
242808 7
243324 17
243836 48
244356 103
244868 163
245388 220
245900 255
246416 271
246932 252
247448 207
247960 135
248480 56
248992 7
249512 24
250024 56
250540 112
251056 176
251572 227
252084 255
252604 271
253116 248
253636 195
254148 124
254664 46
255176 7
255696 28
256208 63
256728 124
257240 184
257760 236
258272 255
258788 255
259300 240
259820 184
260332 108
260852 31
261364 7
261884 31
262396 78
262912 135
263424 195
263944 241
264464 255
264976 255
265496 225
266008 163
266528 88
267040 15
267556 15
268068 39
268588 92
269100 152
269620 207
270132 248
270652 255
271164 255
271680 216
272192 152
272712 71
273224 7
273744 15
274256 48
274776 99
275288 159
275804 216
276316 255
276836 271
277348 254
277868 207
278380 135
278900 63
279412 7
279928 24
280440 56
280960 112
281472 167
281992 225
282504 255
283024 255
283536 248
284052 195
284564 126
285084 48
285596 7
286116 24
286628 63
287148 124
287660 184
288176 231
288688 255
289208 255
289720 240
290240 184
290752 112
291272 31
291784 14
292300 31
292812 71
293332 127
293844 193
294364 240
294876 255
295396 255
295908 231
296424 167
296936 97
297456 24
297968 14
298488 35
299000 83
299520 143
300032 199
300548 248
301060 255
301580 255
302092 224
302612 159
303124 81
303644 14
304156 15
304672 44
305184 96
305704 156
306216 211
306736 252
307248 255
307768 255
308280 211
308796 143
309308 63
309828 7
310340 17
310860 51
311372 103
311892 167
312404 224
312920 255
313432 270
313952 248
314464 199
314984 127
315496 56
316012 7
316528 24
317044 62
317556 115
318076 177
318588 227
319108 255
319620 255
320140 248
320656 192
321168 120
321688 39
322200 7
322720 28
323232 67
323748 127
324264 192
324780 238
325292 255
325812 255
326324 231
326844 176
327356 103
327872 25
328388 14
328904 31
329416 79
329936 140
330448 199
330968 248
331480 255
331996 255
332512 225
333028 163
333540 88
334060 15
334572 15
335092 39
335604 92
336120 152
336636 207
337152 252
337664 270
338184 255
338696 220
339216 152
339728 71
340244 12
340760 15
341276 48
341788 97
342308 159
342820 216
343340 255
343852 270
344368 254
344884 207
345400 135
345912 60
346432 7
346944 24
347464 56
347976 112
348492 174
349008 224
349524 255
350036 255
350556 248
351068 193
351588 124
352100 48
352616 7
353132 28
353648 63
354160 124
354680 184
355192 231
355712 255
356224 255
356740 240
357252 184
357772 112
358284 31
358804 12
359316 31
359836 71
360348 127
360864 192
361376 240
361896 255
362408 255
362928 231
363440 174
363960 96
364472 24
364988 15
365500 35
366020 88
366532 143
367052 199
367564 248
368084 255
368596 255
369112 224
369624 158
370144 79
370656 15
371176 15
371688 46
372208 96
372720 158
373236 216
373748 254
374268 255
374780 255
375300 211
375812 143
376332 63
376844 7
377360 19
377872 49
378392 103
378904 167
379424 224
379936 255
380456 270
380968 252
381484 199
381996 127
382516 56
383028 7
383548 24
384060 60
384580 120
385092 177
385608 227
386120 255
386640 255
387152 241
387672 192
388184 120
388704 39
389216 7
389732 30
390244 71
390764 127
391276 192
391796 240
392308 255
392828 255
393340 231
393856 176
394368 103
394888 28
395408 12
395920 35
396444 96
396956 158
397476 216
397988 254
398508 255
399020 254
399536 207
400048 143
400568 63
401080 7
401600 19
402112 56
402632 108
403144 167
403660 224
404172 255
404692 270
405204 252
405724 199
406236 127
406756 49
407268 7
407784 24
408296 63
408816 120
409328 177
409848 231
410360 255
410876 255
411392 241
411908 192
412420 120
412940 35
413452 7
413972 30
414484 71
415000 127
415516 192
416032 240
416544 255
417064 255
417576 231
418096 176
418608 99
419124 24
419640 15
420156 35
420668 81
421188 143
421700 199
422220 248
422732 255
423248 255
423764 224
424280 159
424792 88
425312 15
425824 15
426344 39
426856 92
427372 152
427888 207
428404 254
428916 270
429436 255
429948 216
430468 152
430980 71
431496 7
432012 17
432528 48
433040 103
433560 163
434072 217
434592 255
435104 255
435620 252
436136 199
436652 127
437164 56
437684 7
438196 24
438716 60
439228 112
439744 176
440260 227
440776 255
441288 255
441808 248
442320 192
442840 120
443352 46
443868 7
444384 28
444900 63
445412 127
445932 192
446444 231
446964 255
447476 255
447992 240
448508 184
449024 103
449536 31
450056 14
450568 31
451088 76
451600 135
452116 195
452632 241
453148 255
453660 255
454180 227
454692 167
455212 92
455724 15
456240 15
456756 39
457272 88
457784 152
458304 207
458816 248
459336 255
459848 255
460364 216
460880 152
461396 76
461916 12
462428 15
462948 48
463460 99
463976 159
464488 216
465008 255
465520 270
466040 254
466552 207
467072 142
467584 63
468100 7
468612 24
469132 56
469644 112
470164 172
470676 224
471196 255
471708 270
472224 248
472736 199
473256 126
473768 48
474288 7
474800 24
475320 63
475832 124
476348 184
476860 231
477380 255
477892 255
478412 240
478924 184
479444 112
479956 31
480472 12
480984 31
481504 71
482016 127
482536 193
483048 240
483568 255
484080 255
484596 231
485108 174
485628 96
486140 24
486660 14
487172 35
487692 83
488204 143
488720 199
489232 248
489752 270
490264 255
490784 224
491296 159
491816 79
492328 14
492844 15
493356 46
493876 96
494388 158
494908 216
495420 252
495940 255
496452 255
496968 207
497480 143
498000 63
498512 7
499032 17
499544 56
500064 103
500576 167
501092 224
501604 255
502124 270
502636 248
503156 199
503668 127
504188 51
504700 7
505216 24
505728 63
506248 120
506760 177
507280 231
507792 255
508312 255
508824 248
509340 192
509852 120
510372 39
510884 7
511404 28
511916 71
512436 127
512948 192
513464 240
513976 255
514496 255
515008 231
515528 176
516040 99
516560 24
517072 14
517588 33
518100 79
518620 142
519132 199
519652 243
520164 255
520684 255
521196 224
521712 159
522224 88
522744 15
523256 15
523776 39
524288 92
524808 156
525320 207
525836 252
526348 270
526868 255
527380 216
527900 152
528424 63
528940 7
529452 19
529972 51
530484 103
531004 167
531516 224
532032 255
532544 255
533064 248
533576 199
534096 127
534608 51
535128 7
535640 24
536156 63
536668 120
537188 179
537700 231
538220 255
538732 255
539248 241
539760 192
540280 115
540796 39
541308 7
541828 28
542340 71
542860 127
543372 192
543892 240
544404 255
544920 255
545432 238
545952 176
546464 103
546984 24
547496 14
548016 35
548528 79
549044 143
549556 199
550076 248
550588 255
551108 255
551620 224
552140 159
552652 88
553168 15
553680 15
554200 39
554712 94
555232 156
555744 207
556264 252
556776 255
557292 255
557804 216
558324 152
558836 71
559356 7
559868 17
560388 49
560900 103
561416 163
561928 224
562448 255
562960 271
563480 254
563992 207
564512 135
565024 56
565540 7
566052 24
566572 60
567084 113
567604 176
568116 227
568636 255
569148 255
569664 248
570176 192
570696 120
571208 39
571728 7
572240 28
572760 67
573272 127
573788 192
574300 238
574820 255
575332 255
575852 231
576364 177
576884 103
577396 28
577912 14
578424 31
578944 79
579456 135
579976 199
580488 243
581008 255
581520 255
582036 227
582548 167
583068 88
583580 15
584100 15
584612 39
585128 92
585644 152
586160 207
586672 252
587192 270
587704 255
588224 220
588736 152
589252 71
589768 7
590284 15
590796 48
591316 99
591828 159
592348 216
592860 255
593376 255
593892 252
594408 206
594920 135
595440 56
595952 7
596472 24
596984 56
597500 112
598016 176
598532 227
599044 255
599564 255
600076 248
600596 195
601108 124
601624 44
602140 7
602656 28
603168 63
603688 124
604200 184
604720 231
605232 255
605748 255
606264 240
606780 184
607292 110
607812 31
608324 12
608844 31
609356 71
609872 135
610388 193
610904 241
611416 255
611936 255
612448 227
612968 167
613480 92
613996 15
614512 15
615028 39
615548 88
616060 152
616580 207
617092 248
617608 255
618124 255
618640 220
619152 156
619672 78
620184 14
620704 15
621216 48
621732 99
622248 159
622764 216
623276 255
623796 270
624308 255
624828 207
625340 142
625856 63
626368 7
626888 24
627400 56
627920 112
628432 167
628952 224
629464 255
629980 255
630492 248
631012 193
631524 124
632044 48
632556 7
633076 28
633588 63
634104 124
634616 184
635136 231
635648 255
636168 255
636680 240
637200 184
637712 112
638228 31
638740 14
639260 31
639772 71
640292 127
640804 193
641324 241
641836 255
642352 255
642864 231
643384 167
643896 96
644416 24
644928 14
645448 35
645960 83
646476 143
646988 199
647508 248
648020 255
648540 255
649052 224
649572 158
650084 79
650600 12
651112 15
651632 46
652144 96
652664 158
653176 216
653696 254
654208 255
654724 255
655236 209
655756 142
656268 63
656788 7
657300 17
657820 56
658332 108
658848 167
659360 224
659880 255
660404 255
660920 241
661432 192
661952 120
662464 39
662984 7
663496 28
664012 71
664528 127
665044 192
665556 240
666076 255
666588 255
667108 231
667620 177
668136 103
668648 28
669168 14
669680 31
670200 79
670712 135
671232 199
671744 248
672260 255
672772 255
673292 225
673804 163
674324 88
674836 15
675356 15
675868 39
676384 92
676896 152
677416 207
677928 248
678448 255
678960 255
679480 216
679992 152
680508 71
681020 7
681540 17
682052 48
682572 103
683084 159
683604 220
684116 255
684632 270
685144 252
685664 206
686176 135
686696 60
687208 7
687728 24
688240 56
688756 112
689268 176
689788 227
690300 255
690820 271
691332 248
691852 193
692364 124
692880 39
693392 7
693912 28
694424 63
694944 126
695456 184
695976 231
696488 255
697004 255
697516 240
698036 184
698548 103
699068 28
699580 12
700100 31
700612 78
701128 135
701640 195
702160 241
702672 255
703192 255
703704 227
704224 167
704736 92
705252 17
705764 15
706284 39
706796 88
707316 152
707828 207
708348 248
708860 271
709376 255
709888 224
710408 156
710920 78
711440 7
711952 15
712472 48
712984 97
713500 159
714012 216
714532 255
715044 270
715564 254
716076 207
716596 135
717108 63
717624 7
718136 24
718656 56
719172 112
719684 172
720204 224
720716 255
721236 255
721748 248
722264 195
722776 124
723296 48
723808 7
724328 24
724840 63
725360 124
725872 184
726388 231
726900 255
727420 255
727932 240
728452 184
728964 112
729484 31
729996 7
730512 31
731024 71
731544 127
732056 192
732576 240
733088 255
733608 255
734120 231
734636 167
735148 96
735668 19
736180 15
736700 35
737212 88
737732 143
738244 199
738760 248
739272 255
739792 255
740304 224
740824 158
741336 79
741856 12
742368 15
742884 48
743396 96
743916 158
744428 216
744948 255
745460 270
745980 255
746492 211
747008 143
747520 63
748040 7
748552 19
749072 56
749584 103
750104 167
750616 224
751132 255
751644 270
752164 252
752676 199
753196 127
753708 49
754228 7
754740 24
755256 63
755768 120
756288 179
756800 231
757320 255
757832 255
758352 240
758864 192
759380 113
759892 35
760412 7
760924 30
761444 71
761956 127
762476 192
762988 240
763504 255
764016 255
764536 231
765048 176
765568 99
766080 24
766600 14
767112 35
767628 83
768140 142
768660 199
769172 248
769692 270
770204 255
770724 224
771236 159
771752 83
772264 15
772784 15
773296 39
773816 96
774328 156
774848 211
775360 252
775876 270
776388 255
776908 216
777420 143
777940 67
778452 7
778972 17
779484 49
780000 103
780512 167
781032 224
781544 255
782064 255
782576 249
783096 199
783608 127
784124 56
784636 7
785156 24
785668 60
786188 115
786700 177
787220 231
787732 255
788248 270
788760 248
789280 192
789792 120
790312 39
790824 7
791344 28
791856 67
792376 120
792888 184
793404 231
793916 255
794436 255
794948 240
795468 184
795980 112
796496 35
797008 7
797528 31
798040 71
798560 127
799072 192
799592 240
800104 255
800620 255
801132 231
801652 176
802164 99
802684 24
803196 14
803716 35
804228 79
804744 143
805256 199
805776 248
806288 270
806808 255
807320 224
807840 159
808352 88
808868 15
809380 15
809900 39
810412 96
810932 156
811444 211
811964 252
812476 270
812992 255
813504 216
814024 145
814536 67
815056 7
815568 19
816088 51
816600 103
817116 167
817628 224
818148 255
818660 270
819180 252
819692 199
820212 127
820724 56
821240 7
821752 24
822272 60
822784 115
823304 176
823816 231
824336 255
824848 270
825364 248
825876 192
826396 120
826908 39
827428 7
827940 28
828460 67
828972 127
829488 192
830000 240
830520 255
831032 255
831552 236
832064 179
832584 103
833096 28
833612 14
834124 31
834644 79
835156 135
835676 199
836188 248
836708 255
837220 255
837736 224
838248 163
838768 88
839280 15
839800 15
840312 39
840832 88
841344 152
841860 207
842372 252
842892 270
843404 255
843924 220
844436 152
844956 71
845468 12
845984 15
846504 48
847016 99
847536 159
848048 216
848564 255
849080 271
849596 255
850108 207
850628 135
851140 60
851660 7
852172 24
852688 60
853204 112
853720 174
854232 225
854752 255
855264 255
855784 248
856296 193
856812 120
857328 46
857844 7
858356 28
858876 63
859388 126
859908 188
860420 231
860936 255
861452 255
861968 240
862480 184
863000 108
863512 31
864032 12
864544 31
865060 76
865576 135
866092 193
866604 241
867124 270
867636 255
868156 231
868668 167
869184 96
869700 19
870216 15
870728 39
871248 88
871760 147
872280 206
872792 248
873308 255
873824 255
874340 220
874852 156
875372 78
875884 12
876404 15
876916 48
877432 99
877948 159
878464 216
878976 255
879496 271
880008 254
880528 209
881040 143
881556 63
882072 7
882588 24
883100 56
883620 112
884132 167
884652 224
885164 255
885680 271
886196 252
886712 199
887224 127
887744 49
888256 7
888776 24
889288 63
889804 120
890320 184
890836 231
891348 255
891868 255
892380 240
892900 184
893412 112
893928 31
894444 14
894960 31
895472 71
895992 127
896504 192
897024 240
897536 255
898052 255
898568 231
899084 174
899596 97
900116 24
900628 14
901148 33
901660 88
902176 143
902692 199
903208 248
903720 270
904240 255
904752 224
905272 159
905784 81
906300 14
906816 15
907332 39
907844 96
908364 156
908876 216
909396 254
909908 271
910424 255
910940 216
911456 143
911968 63
912488 7
913000 17
913520 51
914032 103
914548 167
915064 224
915580 255
916092 270
916612 248
917124 199
917644 127
918156 56
918672 7
919188 24
919704 63
920216 120
920736 177
921256 231
921768 255
922284 255
922796 248
923316 192
923828 120
924352 63
924868 7
925380 19
925900 56
926412 108
926932 167
927444 224
927960 255
928476 255
928992 248
929504 199
930024 127
930536 48
931056 7
931568 24
932084 63
932600 120
933116 184
933628 231
934148 255
934660 255
935180 240
935692 192
936208 112
936724 35
937240 12
937752 30
938272 71
938784 127
939304 192
939816 240
940332 255
940848 255
941364 231
941876 176
942396 97
942908 24
943428 14
943940 35
944456 81
944972 143
945488 199
946000 248
946520 255
947032 255
947552 224
948064 159
948580 79
949096 14
949612 15
950124 44
950644 96
951156 156
951676 211
952188 252
952704 255
953220 255
953736 216
954248 143
954768 63
955280 7
955800 17
956312 56
956828 103
957344 167
957860 224
958372 255
958892 270
959404 252
959924 199
960436 127
960952 56
961468 7
961984 24
962496 62
963016 115
963528 176
964048 227
964560 255
965076 255
965592 243
966108 192
966620 120
967140 39
967652 7
968172 30
968684 71
969200 127
969716 192
970232 240
970744 255
971264 255
971776 231
972292 176
972804 99
973324 24
973840 14
974352 35
974872 79
975384 135
975904 199
976416 248
976932 255
977448 255
977964 224
978476 163
978996 88
979508 15
980028 15
980540 39
981056 92
981572 152
982088 207
982600 252
983120 270
983632 255
984152 216
984664 152
985180 71
985696 7
986212 15
986724 48
987244 103
987756 163
988276 220
988788 255
989304 255
989820 252
990336 199
990848 127
991368 56
991880 7
992400 24
992912 60
993428 113
993944 176
994460 227
994972 255
995492 255
996004 243
996524 192
997036 120
997552 39
998064 7
998584 28
999096 63
999616 127
1000128 188
1000648 240
1001160 255
1001676 255
1002188 240
1002708 184
1003220 103
1003740 30
1004252 14
1004772 31
1005284 78
1005800 135
1006312 195
1006832 241
1007344 255
1007864 255
1008376 227
1008896 163
1009408 92
1009924 15
1010436 15
1010956 39
1011468 92
1011988 152
1012500 207
1013020 248
1013532 255
1014048 255
1014560 216
1015080 152
1015592 71
1016112 7
1016624 15
1017144 48
1017656 99
1018172 159
1018684 220
1019204 255
1019716 270
1020236 255
1020748 207
1021268 135
1021780 62
1022296 7
1022808 24
1023328 56
1023840 112
1024360 174
1024872 224
1025392 255
1025904 270
1026420 248
1026932 193
1027452 124
1027964 48
1028484 7
1028996 28
1029516 63
1030028 124
1030544 184
1031056 231
1031576 255
1032088 255
1032608 240
1033120 184
1033640 103
1034152 31
1034668 12
1035180 31
1035700 78
1036212 135
1036732 193
1037244 241
1037764 255
1038276 255
1038792 231
1039304 167
1039824 96
1040336 19
1040856 15
1041368 35
1041888 88
1042400 143
1042916 206
1043428 248
1043948 270
1044460 255
1044980 224
1045492 158
1046012 79
1046524 14
1047040 15
1047552 48
1048072 96
1048592 159
1049104 216
1049620 254
1050136 270
1050652 255
1051164 207
1051684 142
1052196 63
1052716 7
1053228 19
1053744 56
1054260 110
1054776 167
1055288 224
1055808 255
