1032 110
1544 56
2060 17
2572 24
3092 48
3604 96
4124 152
4636 216
5152 280
5664 327
6184 371
6696 399
7216 414
7728 408
8248 384
8760 352
9276 295
9788 231
10308 167
10820 103
11340 48
11852 15
12368 24
12884 56
13400 99
13912 159
14432 224
14944 284
15464 335
15976 384
16492 399
17008 412
17524 399
18036 384
18556 335
19068 287
19588 224
20100 159
20616 96
21132 46
21648 15
22160 24
22680 57
23192 103
23712 167
24224 227
24740 287
25256 339
25772 384
26284 408
26804 414
27316 403
27836 384
28352 335
28864 284
29384 224
29896 156
30416 92
30928 39
31444 15
31956 30
32476 62
32988 112
33508 176
34020 240
34540 295
35052 344
35568 384
36080 408
36600 412
37112 399
37632 376
38144 327
38664 271
39176 207
39692 143
40204 83
40724 31
41236 15
41756 31
42268 63
42788 120
43300 184
43816 241
44328 304
44848 352
45360 384
45880 408
46392 414
46912 399
47424 371
47940 319
48452 271
48972 206
49484 142
50004 79
50516 31
51036 15
51548 31
52064 71
52576 124
53096 188
53608 248
54128 305
54640 352
55160 387
55672 408
56188 409
56700 391
57220 368
57732 318
58252 255
58764 195
59284 127
59796 71
60312 28
60824 17
61344 35
61856 79
62376 127
62888 193
63408 255
63920 316
64436 359
64948 391
65468 412
65980 412
66500 396
67012 364
67532 316
68044 255
68560 192
69072 127
69592 63
70104 24
70624 17
71136 39
71656 79
72168 135
72684 199
73196 255
73716 319
74228 359
74748 391
75260 408
75780 408
76292 387
76808 353
77320 305
77840 248
78352 184
78872 115
79384 62
79904 19
80416 24
80932 46
81444 88
81964 147
82476 207
82996 271
83508 319
84028 368
84540 399
85056 414
85568 412
86088 387
86600 352
87120 304
87632 240
88152 176
88664 112
89180 56
89692 15
90212 24
90724 48
91244 96
91756 152
92276 216
92788 280
93304 327
93816 369
94336 399
94848 412
95368 408
95880 384
96396 344
96912 287
97428 231
97940 163
98460 99
98972 48
99492 15
100004 24
100520 56
101036 103
101552 159
102064 225
102584 287
103104 335
103616 384
104132 399
104648 414
105164 408
105676 384
106196 344
106708 287
107228 224
107740 159
108256 96
108772 39
109288 15
109800 28
110320 60
110832 103
111352 167
111864 231
112380 287
112896 344
113412 384
113924 399
114444 412
114956 399
115476 384
115988 334
116504 280
117020 216
117536 147
118048 88
118568 35
119080 15
119600 31
120112 63
120628 120
121144 179
121660 240
122172 304
122692 352
123204 384
123724 408
124236 414
124752 399
125268 376
125784 327
126296 271
126816 207
127328 143
127848 79
128360 31
128876 15
129392 31
129908 67
130420 124
130940 184
131452 248
131972 304
132492 391
133004 412
133524 412
134036 391
134556 359
135068 312
135588 254
136100 192
136616 124
137128 63
137648 24
138160 19
138680 39
139192 88
139712 143
140224 207
140740 255
141252 319
141772 368
142284 398
142804 414
143316 412
143836 391
144348 355
144864 304
145376 248
145896 176
146408 113
146928 56
147440 15
147960 24
148472 48
148988 96
149500 152
150020 216
150532 280
151052 327
151564 371
152084 399
152596 412
153112 408
153624 384
154144 344
154656 291
155176 231
155688 163
156208 99
156720 48
157236 15
157748 28
158268 56
158780 103
159300 167
159812 227
160332 287
160844 344
161360 384
161872 408
162392 415
162904 408
163424 384
163936 344
164456 287
164968 224
165484 156
165996 94
166516 39
167028 15
167548 31
168060 63
168580 112
169092 176
169608 240
170120 295
170640 348
171152 384
171672 408
172184 412
172700 399
173216 376
173732 327
174244 271
174764 207
175276 142
175796 79
176308 31
176824 15
177340 31
177856 71
178368 127
178888 192
179400 252
179920 312
180432 355
180948 391
181464 412
181980 415
182492 399
183012 368
183524 319
184044 255
184556 195
185072 127
185588 71
186104 24
186616 17
187136 39
187648 79
188168 127
188680 195
189196 255
189712 316
190228 359
190740 391
191260 412
191772 408
192288 391
192800 355
193320 312
193836 248
194348 184
194868 120
195380 60
195900 17
196412 24
196928 48
197444 92
197960 152
198472 216
198992 275
199504 327
200024 371
200536 399
201052 414
201568 412
202084 387
202596 352
203116 300
203628 240
204148 174
204660 108
205176 49
205692 15
206208 24
206720 49
207240 97
207752 158
208272 224
208784 284
209300 335
209816 384
210332 399
210844 412
211364 408
211876 384
212396 344
212908 287
213424 224
213940 158
214456 96
214968 39
215488 15
216000 30
216520 62
217032 112
217548 176
218064 240
218580 295
219092 348
219612 384
220124 408
220644 415
221156 408
221672 384
222188 335
222704 280
223216 216
223736 147
224248 88
224768 31
225280 15
225796 31
226312 63
226828 120
227340 184
227860 248
228372 304
228892 352
229404 385
229920 408
230436 412
230952 399
231464 368
231984 319
232496 255
233016 199
233528 127
234044 71
234560 24
235076 17
235588 39
236108 79
236620 135
237140 199
237652 255
238168 318
238684 359
239200 391
239712 412
240232 414
240744 391
241264 359
241776 312
242292 254
242808 192
243324 124
243836 63
244356 24
244868 24
245388 39
245900 88
246416 143
246932 207
247448 255
247960 319
248480 368
248992 391
249512 414
250024 408
250540 387
251056 352
251572 304
252084 240
252604 176
253116 112
253636 51
254148 15
254664 24
255176 51
255696 97
256208 159
256728 224
257240 284
257760 335
258272 384
258788 403
259300 415
259820 408
260332 384
260852 344
261364 287
261884 225
262396 163
262912 97
263424 46
263944 15
264464 48
264980 92
265492 152
266012 216
266524 275
267044 327
267556 376
268076 399
268588 415
269104 412
269616 387
270136 352
270648 295
271168 231
271680 167
272196 103
272712 48
273228 15
273740 24
274260 56
274772 103
275292 163
275804 231
276320 287
276836 344
277352 384
277864 408
278384 414
278896 408
279416 384
279928 335
280444 280
280960 220
281476 152
281988 92
282508 35
283020 15
283540 31
284052 63
284568 115
285084 177
285600 241
286112 304
286632 352
287144 385
287664 408
288176 415
288692 399
289208 376
289724 327
290236 271
290756 207
291268 140
291788 79
292300 28
292816 15
293332 35
293848 71
294360 127
294880 192
295392 255
295912 312
296424 355
296940 391
297456 408
297972 412
298484 396
299004 359
299516 316
300036 255
300548 192
301064 126
301580 63
302096 24
302608 19
303128 39
303648 81
304160 143
304676 206
305192 255
305708 319
306220 368
306740 399
307252 415
307772 412
308284 391
308800 355
309316 305
309832 248
310344 177
310864 112
311376 56
311896 15
312408 24
312924 48
313436 96
313956 156
314468 220
314988 280
315500 332
316020 376
316532 399
317048 414
317560 408
318080 384
318592 344
319112 287
319624 227
320144 159
320656 97
321172 39
321684 15
322204 25
322716 60
323236 103
323748 167
324268 231
324780 287
325296 344
325808 384
326328 408
326840 415
327360 408
327872 384
328392 335
328904 284
329420 220
329932 152
330452 88
330964 35
331484 15
331996 31
332516 63
333028 120
333544 179
334056 243
334576 304
335088 352
335608 387
336120 408
336640 412
337152 399
337668 369
338180 319
338700 255
339212 199
339732 135
340244 71
340764 28
341276 17
341792 35
342304 71
342824 127
343336 192
343856 255
344368 316
344888 359
345400 391
345916 412
346428 415
346948 399
347460 364
347980 318
348492 255
349012 192
349524 126
350040 63
350552 19
351072 19
351584 39
352104 88
352616 143
353136 207
353648 270
354164 319
354676 368
355196 398
355708 412
356228 408
356740 387
357260 352
357772 304
358288 240
358800 176
359320 110
359832 51
360352 15
360864 24
361384 51
361896 97
362412 159
362924 224
363444 284
363956 335
364476 384
364988 403
365508 415
366020 408
366536 384
367048 348
367568 287
368080 227
368600 159
369112 97
369632 44
370144 15
370660 28
371172 60
371692 110
372204 167
372724 231
373236 291
373756 344
374268 384
374784 408
375296 412
375816 399
376328 384
376848 327
377360 275
377876 216
378388 145
378908 79
379424 31
379936 15
380456 31
380968 67
381488 124
382000 188
382520 252
383032 305
383548 355
384060 391
384580 412
385092 415
385612 399
386124 369
386644 319
387156 255
387672 199
388184 135
388704 71
389216 28
389736 17
390248 35
390768 78
391280 127
391796 195
392308 255
392828 316
393340 359
393860 391
394372 412
394892 412
395404 391
395920 359
396432 287
396948 224
397464 158
397976 96
398496 39
399008 15
399528 28
400040 63
400556 113
401072 176
401588 240
402100 295
402620 348
403132 384
403652 408
404164 412
404680 399
405196 376
405712 327
406224 271
406744 207
407256 142
407776 79
408288 28
408804 15
409320 33
409836 71
410348 127
410868 192
411380 255
411900 312
412412 359
412928 391
413444 412
413960 415
414472 399
414992 368
415504 319
416024 255
416536 195
417052 127
417568 67
418084 24
418596 17
419116 39
419628 83
420148 142
420660 199
421176 255
421692 319
422208 368
422720 396
423240 412
423752 412
424272 391
424784 355
425300 304
425816 243
426332 176
426844 112
427364 56
427876 15
428392 24
428904 49
429424 96
429940 158
430452 224
430972 284
431484 335
432004 384
432516 403
433032 415
433548 408
434064 385
434576 348
435096 291
435608 231
436128 163
436640 99
437156 46
437672 15
438188 28
438700 56
439220 103
439732 167
440252 231
440764 287
441280 344
441796 384
442312 408
442824 414
443344 403
443856 384
444376 334
444888 280
445404 216
445920 143
446436 88
446948 31
447468 15
447980 31
448500 67
449012 124
449528 188
450040 252
450560 307
451072 355
451592 391
452104 412
452624 415
453136 399
453652 369
454164 319
454684 255
455196 199
455716 127
456228 71
456748 24
457260 17
457776 39
458288 79
458808 127
459320 195
459840 255
460352 318
460872 359
461384 391
461900 412
462412 412
462932 391
463444 359
463964 307
464476 252
464996 184
465508 115
466024 60
466536 17
467056 24
467568 48
468088 96
468600 152
469120 216
469632 280
470148 327
470660 376
471180 399
471692 415
472212 412
472724 387
473244 352
473756 295
474272 231
474784 167
475304 103
475816 48
476336 15
476848 24
477368 56
477880 99
478396 159
478908 225
479428 287
479940 335
480460 384
480972 403
481492 414
482004 408
482520 384
483032 335
483552 284
484064 220
484584 152
485096 88
485616 31
486128 15
486644 31
487156 63
487676 120
488188 184
488708 248
489220 304
489740 352
490252 387
490768 412
491280 415
491800 399
492312 376
492832 327
493344 271
493864 207
494376 135
494892 79
495404 28
495924 15
496436 35
496956 71
497468 127
497988 192
498500 255
499016 312
499528 359
500048 391
500560 409
501080 412
501592 396
502112 359
502624 316
503140 255
503652 192
504172 124
504692 63
505204 19
505720 24
506236 46
506752 88
507264 147
507784 209
508296 271
508816 327
509328 369
509844 399
510360 415
510876 412
511388 391
511908 352
512420 304
512940 240
513452 176
513968 112
514484 56
515000 15
515512 24
516032 49
516544 97
517064 159
517576 224
518092 284
518608 335
519124 384
519636 399
520156 414
520668 408
521188 384
521700 344
522216 287
522732 224
523248 159
523760 96
524280 39
524792 15
525312 31
525824 63
526340 113
526856 176
527372 240
527884 300
528400 376
528920 399
529432 415
529952 412
530464 387
530980 352
531492 295
532012 231
532524 167
533044 103
533556 49
534072 15
534588 24
535104 56
535616 99
536136 159
536648 225
537168 287
537680 335
538196 384
538712 408
539228 415
539740 408
540260 384
540772 337
541292 284
541804 224
542320 152
542836 88
543352 31
543864 15
544384 31
544896 63
545416 120
545928 184
546444 248
546960 304
547476 352
547988 387
548508 408
549020 415
549540 399
550052 371
550568 319
551084 255
551600 199
552112 135
552632 78
553144 28
553664 15
554176 35
554692 71
555208 127
555724 192
556236 255
556756 312
557268 359
557788 391
558300 412
558816 414
559332 398
559848 359
560360 316
560880 255
561392 192
561912 120
562424 62
562940 17
563456 24
563972 46
564484 88
565004 147
565516 216
566036 271
566548 327
567064 371
567580 399
568096 412
568608 412
569128 387
569640 352
570160 295
570672 240
571188 167
571704 103
572220 49
572732 15
573252 24
573764 51
574284 99
574796 159
575312 225
575828 286
576344 335
576856 384
577376 408
577888 415
578408 408
578920 384
579436 344
579952 287
580468 224
580980 156
581500 92
582020 35
582532 15
583048 31
583560 63
584080 120
584592 177
585112 243
585624 304
586144 352
586656 385
587172 408
587684 415
588204 399
588716 376
589236 327
589748 271
590268 206
590780 135
591296 78
591808 30
592328 15
592840 35
593360 71
593872 127
594392 192
594904 255
595420 312
595932 359
596452 391
596964 412
597484 414
597996 399
598516 368
599028 318
599544 255
600056 192
600576 124
601088 63
601608 19
602120 24
602640 44
603152 88
603668 143
604180 207
604700 271
605212 327
605732 369
606244 399
606764 414
607276 412
607792 387
608304 352
608824 304
609336 240
609856 167
610368 103
610888 51
611400 15
611916 24
612428 51
612948 97
613460 159
613980 224
614492 286
615012 335
615524 384
616040 408
616552 415
617072 408
617584 384
618104 344
618616 287
619136 224
619648 159
620164 96
620676 39
621196 15
621708 30
622228 62
622740 113
623260 176
623772 240
624288 295
624800 352
625320 385
625832 408
626352 415
626864 399
627384 376
627896 327
628412 271
628924 207
629444 135
629956 79
630476 28
630988 15
631504 31
632020 71
632536 127
633048 192
633568 255
634080 312
634600 359
635112 391
635628 414
636144 415
636660 399
637172 368
637692 319
638204 255
638724 192
639236 127
639752 63
640268 24
640784 19
641296 39
641816 88
642328 143
642848 207
643360 271
643876 319
644392 368
644908 399
645420 412
645940 412
646452 387
646972 352
647484 304
648000 240
648516 176
649032 110
649544 56
650064 15
650576 24
651096 51
651608 97
652124 159
652640 224
653156 286
653668 335
654188 384
654700 408
655220 415
655732 408
656248 384
656760 344
657280 287
657796 225
658308 159
658828 96
659340 39
659860 15
660376 31
660896 63
661408 120
661928 184
662440 241
662960 304
663472 352
663988 387
664500 408
665020 415
665532 399
666052 376
666564 319
667084 255
667596 199
668112 135
668624 71
669144 24
669656 17
670176 35
670688 79
671208 135
671720 199
672236 255
672748 319
673268 359
673784 391
674296 414
674816 414
675328 391
675848 359
676360 312
676876 252
677388 184
677908 120
678420 60
678940 19
679452 24
679972 46
680484 88
681000 147
681512 211
682032 271
682544 327
683064 369
683576 399
684096 414
684608 412
685124 391
685636 352
686156 295
686668 240
687188 167
687700 103
688220 48
688732 15
689248 24
689760 56
690280 103
690792 163
691312 227
691824 287
692344 344
692856 384
693372 408
693884 415
694404 408
694916 384
695436 339
695948 284
696468 220
696980 152
697496 92
698008 39
698528 15
699040 31
699560 63
700072 115
700592 176
701104 240
701620 300
702132 352
702652 387
703164 408
703684 415
704196 399
704716 376
705228 327
705744 271
706256 207
706776 135
707288 78
707808 28
708320 15
708840 35
709352 76
709868 127
710380 192
710900 255
711412 316
711932 359
712444 391
712964 412
713476 412
713992 391
714504 359
715024 316
715536 255
716056 192
716568 124
717088 63
717600 24
718116 19
718628 39
719148 88
719660 143
720180 207
720692 271
721212 319
721724 368
722240 399
722752 414
723272 412
723784 391
724304 353
724816 304
725336 241
725848 176
726364 108
726876 56
727396 15
727908 24
728428 56
728940 99
729460 159
729972 224
730488 287
731000 335
731520 384
732032 403
732552 415
733064 408
733584 384
734096 344
734612 287
735124 224
735644 158
736156 96
736676 39
737188 15
737708 30
738220 62
738736 112
739248 176
739768 240
740280 295
740800 352
741312 385
741832 408
742344 415
742860 408
743372 384
743892 327
744404 271
744924 207
745436 143
745956 79
746468 30
746984 15
747496 31
748016 71
748536 127
749048 192
749564 255
750080 312
750596 359
751108 391
751628 412
752140 412
752660 398
753172 359
753688 316
754204 255
754720 192
755232 124
755752 63
756264 24
756784 19
757296 39
757812 88
758328 143
758844 207
759356 271
759876 319
760388 368
760908 399
761420 414
761936 412
762452 391
762968 355
763480 304
764000 243
764512 176
765032 112
765544 49
766060 15
766576 24
767092 51
767604 97
768124 159
768636 224
769156 284
769668 335
770184 384
770700 399
771216 414
771728 408
772248 384
772760 344
773280 287
773792 224
774308 156
774824 96
775340 39
775852 15
776372 30
776884 62
777404 112
777916 176
778432 240
778948 295
779464 352
779976 385
780496 408
781008 415
781528 408
782040 384
782556 327
783072 275
783588 207
784100 143
784620 79
785132 31
785652 15
786164 31
786680 71
787196 127
787712 192
788224 254
788744 312
789256 355
789776 391
790288 412
790804 412
791320 398
791836 359
792352 295
792868 231
793384 167
793896 103
794416 48
794928 15
795448 28
795960 56
796476 103
796992 163
797508 231
798020 287
798540 344
799052 384
799572 408
800084 415
800600 408
801116 384
801632 335
802144 280
802664 216
803176 147
803696 79
804208 31
804724 15
805236 31
805756 67
806268 124
806788 188
807300 252
807820 312
808332 353
808848 391
809360 412
809880 415
810392 399
810912 368
811424 319
811944 255
812456 199
812972 127
813484 71
814004 24
814516 17
815036 39
815548 79
816068 127
816580 199
817096 255
817608 318
818128 359
818640 391
819160 412
819672 412
820192 391
820704 355
821220 312
821732 248
822252 184
822764 113
823284 56
823796 15
824316 24
824828 49
825344 96
825856 156
826376 224
826888 280
827408 335
827920 384
828440 403
828952 415
829468 412
829980 385
830500 348
831012 295
831532 231
832044 163
832564 99
833076 44
833592 15
834104 28
834624 56
835136 103
835656 167
836168 231
836688 287
837200 344
837716 384
838228 408
838748 414
839260 408
839780 384
840292 335
840812 280
841324 216
841840 143
842352 79
842872 31
843384 15
843904 31
844416 71
844936 127
845448 192
845964 254
846476 312
846996 359
847508 391
848028 412
848540 415
849060 399
849572 368
850088 319
850600 255
851120 195
851640 127
852152 71
852668 24
853184 17
853700 39
854212 79
854732 135
855244 199
855764 255
856276 319
856792 368
857308 398
857824 414
858336 412
858856 391
859368 359
859888 305
860400 248
860916 177
861432 112
861948 56
862460 15
862980 24
863492 48
864012 97
864524 158
865040 224
865556 284
866072 335
866584 384
867104 408
867616 415
868136 408
868648 385
869164 344
869680 287
870196 227
870708 159
871228 96
871740 39
872260 15
872772 28
873288 60
873804 112
874320 167
874832 231
875352 295
875864 344
876384 384
876896 408
877412 415
877928 408
878444 384
878956 334
879476 275
879988 211
880508 143
881020 79
881536 28
882052 15
882568 31
883080 71
883600 127
884112 192
884632 255
885144 312
885660 359
886176 391
886692 412
887204 415
887724 399
888236 368
888756 319
889268 255
889784 193
890300 127
890816 63
891328 24
891848 19
892360 39
892880 83
893392 140
893908 199
894424 255
894940 319
895452 368
895972 399
896484 414
897004 412
897516 391
898032 355
898548 304
899064 248
899576 176
900096 112
900608 51
901128 15
901640 24
902156 51
902672 99
903188 159
903700 224
904220 286
904732 335
905252 384
905764 408
906280 415
906796 408
907312 384
907824 344
908344 287
908856 224
909376 159
909888 96
910404 39
910920 15
911436 28
911948 63
912468 112
912980 174
913500 240
914012 295
914528 348
915044 385
915560 408
916072 415
916592 403
917104 384
917624 327
918136 271
918652 207
919168 143
919684 79
920196 28
920716 15
921228 33
921748 71
922260 127
922776 192
923292 255
923808 316
924324 384
924836 408
925356 414
925868 399
926384 376
926900 327
927416 271
927928 206
928448 135
928960 79
929480 30
929992 15
930508 35
931024 71
931540 127
932052 193
932572 255
933084 316
933604 359
934116 391
934632 414
935148 415
935664 399
936176 368
936696 318
937208 255
937728 192
938240 126
938756 63
939272 19
939788 19
940300 39
940820 88
941332 143
941852 207
942364 271
942880 319
943396 368
943912 399
944424 414
944944 412
945456 387
945976 352
946488 300
947004 238
947520 167
948036 103
948548 48
949068 15
949580 24
950100 56
950612 103
951128 163
951644 227
952160 287
952672 344
953192 384
953704 408
954224 415
954736 408
955252 384
955768 344
956284 286
956796 224
957316 156
957828 92
958348 35
958860 15
959376 31
959892 63
960408 115
960920 176
961440 240
961952 300
962472 352
962984 385
963500 408
964016 415
964532 399
965044 376
965564 319
966076 255
966596 199
967108 135
967624 71
968140 24
968656 17
969168 35
969688 79
970200 127
970720 199
971232 255
971748 319
972260 364
972780 398
973292 414
973812 415
974324 398
974844 359
975356 316
975872 254
976384 192
976904 124
977416 62
977936 19
978448 24
978968 46
979480 88
979996 143
980508 211
981028 271
981544 327
982056 369
982576 399
983088 414
983608 408
984120 387
984636 352
985152 295
985668 231
986180 167
986700 103
987212 48
987732 15
988244 24
988760 56
989276 103
989792 167
990304 231
990824 291
991336 344
991856 384
992368 408
992884 415
993400 408
993916 384
994428 339
994948 284
995460 220
995980 152
996492 88
997008 35
997524 15
998040 31
998552 63
999072 120
999584 179
1000104 248
1000616 304
1001132 352
1001648 387
1002164 408
1002676 414
1003196 399
1003708 369
1004228 319
1004740 255
1005256 199
1005772 127
1006288 71
1006800 24
1007320 17
1007832 39
1008352 79
1008864 135
1009380 199
1009896 255
1010412 319
1010924 368
1011444 399
1011956 415
1012476 415
1012988 391
1013504 359
1014016 312
1014536 248
1015048 184
1015568 120
1016080 60
1016600 17
1017112 19
1017628 48
1018140 92
1018660 152
1019172 216
1019692 280
1020204 327
1020724 371
1021236 399
1021752 415
1022264 408
1022784 387
1023296 352
1023816 295
1024328 231
1024848 163
1025360 97
1025876 39
1026388 15
1026908 28
1027420 60
1027940 112
1028452 167
1028972 231
1029484 295
1030000 348
1030512 384
1031032 408
1031544 415
1032064 408
1032576 384
1033096 335
1033608 280
1034124 216
1034636 152
1035156 88
1035668 31
1036188 15
1036700 31
1037220 63
1037732 120
1038248 184
1038760 248
1039280 305
1039792 353
1040312 387
1040824 409
1041344 414
1041856 399
1042372 368
1042884 319
1043404 255
1043916 195
1044436 127
1044948 67
1045468 24
1045980 19
1046496 39
1047008 79
1047528 142
1048040 199
1048560 255
1049072 319
1049592 368
1050104 399
1050620 414
1051132 414
1051652 391
1052164 355
1052684 312
1053196 248
1053716 184
1054228 115
1054744 60
1055256 17
1055776 24
