516 284
1028 216
1544 142
2056 71
2576 15
3088 15
3608 39
4120 88
4640 152
5152 216
5668 275
6180 327
6700 368
7212 387
7732 391
8244 384
8764 348
9276 295
9792 227
10304 158
10824 81
11336 19
11856 15
12368 33
12888 79
13400 135
13916 199
14428 255
14948 319
15460 359
15980 384
16492 391
17008 384
17524 352
18040 300
18552 240
19072 163
19584 92
20104 28
20616 14
21132 31
21648 71
22164 127
22676 192
23196 255
23708 313
24228 355
24740 384
25256 391
25772 387
26288 359
26800 312
27320 252
27832 184
28352 103
28864 39
29380 14
29896 24
30412 63
30924 120
31444 184
31956 248
32476 304
32988 352
33504 384
34020 391
34536 385
35048 359
35568 319
36080 255
36600 192
37112 120
37628 46
38144 7
38660 24
39172 56
39692 112
40204 176
40724 240
41236 295
41752 348
42268 384
42784 391
43296 391
43816 369
44328 327
44848 271
45360 199
45876 127
46392 62
46908 12
47420 17
47940 48
48452 96
48972 159
49484 224
50000 287
50516 335
51032 369
51544 391
52064 391
52576 376
53096 335
53608 280
54124 216
54640 135
55156 63
55668 14
56188 15
56700 44
57220 96
57732 152
58248 220
58764 280
59280 334
59792 368
60312 391
60824 391
61344 384
61860 344
62372 287
62892 224
63404 152
63924 79
64436 17
64956 15
65468 35
65984 79
66496 140
67016 207
67528 255
68048 319
68560 359
69080 385
69592 391
70108 384
70620 352
71140 295
71652 231
72172 163
72684 88
73204 24
73716 15
74232 31
74744 71
75264 127
75776 199
76296 255
76808 318
77328 359
77840 384
78356 391
78868 384
79388 352
79900 304
80420 243
80932 172
81452 97
81964 31
82480 14
82992 30
83512 63
84024 124
84544 192
85056 254
85576 312
86088 352
86604 384
87116 391
87636 387
88148 359
88668 316
89180 255
89700 184
90212 112
90728 39
91240 7
91760 24
92272 60
92792 113
93304 176
93824 241
94336 302
94852 348
95364 384
95884 391
96396 387
96916 359
97428 319
97948 255
98460 193
98976 120
99488 49
100008 7
100520 24
101040 56
101552 103
102072 167
102584 231
103100 295
103612 344
104132 384
104644 391
105164 391
105676 369
106196 327
106708 275
107224 207
107736 127
108256 63
108768 7
109288 17
109800 48
110320 96
110832 158
111348 224
111860 284
112380 334
112892 368
113412 387
113924 391
114444 376
114956 335
115472 280
115984 216
116504 142
117016 71
117536 14
118048 15
118568 44
119080 88
119596 152
120108 216
120628 280
121140 327
121660 368
122172 391
122692 391
123204 384
123720 344
124232 291
124752 227
125264 156
125784 81
126296 19
126816 15
127328 35
127844 79
128356 135
128876 199
129388 255
129908 319
130420 359
130940 385
131452 391
131968 384
132492 319
133004 255
133524 192
134036 113
134552 44
135064 7
135584 24
136096 60
136616 112
137128 176
137644 240
138160 300
138676 348
139188 384
139708 391
140220 387
140740 366
141252 319
141768 255
142284 195
142800 120
143312 56
143832 12
144344 24
144864 56
145376 103
145892 167
146408 231
146924 291
147436 344
147956 384
148468 391
148988 391
149500 376
150016 332
150532 280
151048 207
151560 127
152080 62
152592 7
153112 19
153624 48
154140 96
154656 159
155172 224
155684 286
156204 335
156716 371
157236 387
157748 391
158264 376
158780 335
159296 280
159808 211
160328 135
160840 63
161360 14
161872 15
162392 44
162908 92
163420 156
163940 220
164452 280
164972 334
165484 368
166000 391
166516 391
167032 384
167544 344
168064 287
168576 224
169096 152
169608 79
170124 15
170640 15
171156 39
171668 79
172188 143
172700 207
173220 271
173732 319
174248 364
174764 385
175280 391
175792 384
176312 344
176824 295
177344 231
177856 158
178372 79
178884 19
179404 15
179916 33
180436 79
180948 135
181468 199
181980 255
182496 319
183008 359
183528 387
184040 391
184560 384
185072 352
185592 304
186104 241
186620 167
187132 97
187652 30
188164 14
188684 31
189196 67
189716 127
190228 192
190744 255
191256 312
191776 355
192288 384
192808 391
193320 384
193840 355
194352 312
194868 248
195380 176
195900 103
196412 31
196932 14
197444 28
197964 63
198476 124
198992 192
199504 252
200024 312
200536 352
201056 384
201568 391
202088 385
202600 359
203116 318
203628 255
204148 188
204660 112
205180 46
205692 7
206212 24
206724 60
207240 112
207752 176
208272 240
208784 300
209304 348
209816 384
210336 391
210848 391
211364 368
211876 319
212396 255
212908 195
213428 120
213940 49
214460 7
214972 24
215488 56
216000 103
216520 167
217032 231
217552 295
218064 344
218584 384
219096 391
219612 391
220124 368
220644 327
221156 271
221676 199
222188 127
222708 60
223220 12
223736 19
224248 48
224768 99
225280 159
225800 225
226312 287
226832 335
227344 376
227860 391
228372 391
228892 384
229404 335
229924 284
230436 216
230956 135
231468 67
231984 14
232496 15
233016 44
233528 92
234048 152
234560 220
235080 280
235592 327
236108 368
236620 387
237140 391
237660 384
238172 337
238688 286
239204 220
239720 143
240232 71
240752 15
241264 15
241784 39
242296 88
242812 152
243328 216
243844 280
244356 327
244876 368
245388 391
245908 391
246420 384
246936 348
247452 295
247968 231
248480 159
249000 88
249512 24
250032 15
250544 35
251060 79
251576 135
252092 199
252604 255
253124 319
253636 359
254156 384
254668 391
255184 384
255700 352
256216 304
256728 231
257248 163
257760 92
258280 24
258792 14
259308 31
259824 71
260340 127
260852 195
261372 255
261884 318
262404 359
262916 385
263432 391
263948 384
264476 335
264992 284
265504 220
266024 143
266536 71
267056 14
267568 15
268084 39
268596 88
269116 152
269628 216
270148 280
270660 327
271180 368
271692 391
272208 391
272720 384
273240 344
273752 291
274272 227
274784 156
275304 79
275816 19
276332 15
276844 35
277364 79
277876 135
278396 206
278908 255
279428 319
279940 359
280456 385
280968 391
281488 384
282000 352
282520 295
283032 231
283552 159
284064 88
284580 24
285092 15
285612 35
286128 79
286644 135
287160 199
287672 255
288192 319
288704 359
289224 387
289736 391
290252 384
290768 352
291284 304
291796 241
292316 167
292828 96
293348 30
293860 14
294376 31
294892 67
295408 127
295920 192
296440 255
296952 312
297472 355
297984 384
298500 391
299016 387
299532 359
300044 312
300564 252
301076 177
301596 103
302108 31
302624 12
303140 28
303656 63
304168 120
304688 188
305200 252
305720 305
306232 352
306748 384
307264 391
307780 385
308292 359
308812 316
309324 255
309844 184
310356 112
310872 39
311388 12
311904 24
312416 60
312936 115
313448 177
313968 243
314480 304
314996 352
315512 384
316028 391
316540 391
317060 368
317572 319
318092 255
318604 195
319120 120
319636 49
320152 7
320664 24
321184 56
321696 103
322216 167
322728 231
323244 295
323760 344
324276 384
324788 391
325308 387
325820 368
326340 319
326852 270
327368 199
327880 127
328400 56
328912 7
329432 24
329944 51
330464 103
330976 163
331492 231
332004 287
332524 344
333036 384
333556 391
334068 391
334588 376
335100 335
335616 280
336128 216
336648 135
337160 63
337680 12
338192 17
338712 44
339224 96
339740 156
340252 220
340772 280
341284 334
341804 369
342316 387
342836 391
343348 384
343864 335
344376 286
344896 216
345408 143
345928 71
346440 14
346960 15
347472 39
347988 88
348500 152
349020 216
349532 280
350052 327
350564 368
351084 391
351596 391
352112 384
352624 344
353144 291
353656 227
354176 156
354688 79
355208 19
355720 15
356236 35
356748 79
357268 135
357780 199
358300 255
358812 319
359332 359
359844 387
360360 391
360880 384
361392 352
361912 300
362424 231
362944 159
363456 92
363972 24
364484 15
365004 31
365516 78
366036 127
366548 199
367068 255
367580 319
368096 359
368608 384
369128 391
369640 384
370160 352
370672 304
371188 243
371704 167
372220 96
372732 31
373252 14
373764 30
374284 63
374796 127
375312 192
375828 254
376344 312
376856 353
377376 384
377888 391
378408 387
378920 359
379436 316
379952 254
380468 184
380980 108
381500 35
382012 12
382532 24
383044 63
383560 120
384076 184
384592 248
385104 304
385624 352
386136 384
386656 391
387168 385
387684 359
388200 318
388716 255
389228 192
389748 113
390260 46
390780 12
391292 24
391808 60
392324 112
392840 176
393352 240
393872 295
394384 348
394904 384
395416 391
395932 391
396444 359
396956 316
397476 254
397988 184
398508 103
399020 35
399536 7
400052 28
400568 63
401080 120
401600 184
402112 248
402632 305
403144 352
403660 384
404176 391
404692 387
405204 368
405724 319
406236 255
406756 192
407268 120
407784 48
408300 7
408816 24
409328 56
409848 112
410360 174
410880 240
411392 295
411908 348
412424 384
412940 391
413452 391
413972 368
414484 327
415004 255
415516 199
416032 124
416548 56
417064 7
417576 24
418096 56
418608 103
419128 167
419640 231
420156 295
420676 344
421188 384
421708 391
422220 391
422740 369
423252 327
423768 271
424280 199
424800 127
425312 60
425832 12
426344 19
426864 48
427376 99
427892 159
428404 225
428924 287
429436 335
429956 376
430468 391
430988 391
431500 384
432016 335
432528 284
433048 216
433560 142
434080 63
434592 12
435112 15
435624 46
436140 96
436652 156
437172 224
437684 284
438204 334
438716 368
439236 391
439748 391
440264 384
440776 335
441296 286
441808 220
442328 143
442840 71
443360 14
443872 15
444388 39
444900 92
445420 152
445932 216
446452 280
446964 327
447484 368
447996 391
448512 398
449024 384
449544 348
450056 295
450576 227
451088 156
451608 79
452120 17
452636 15
453148 35
453668 79
454180 142
454700 207
455212 270
455732 319
456244 359
456760 385
457272 391
457792 384
458304 348
458824 295
459336 231
459856 159
460368 88
460884 19
461396 14
461916 35
462428 79
462948 135
463460 204
463980 255
464492 319
465008 359
465520 387
466040 391
466552 384
467072 352
467584 304
468104 240
468616 167
469132 96
469644 28
470164 14
470676 31
471196 71
471708 127
472224 192
472740 255
473256 316
473768 355
474288 384
474800 391
475320 384
475832 355
476348 312
476864 248
477380 176
477892 99
478412 31
478924 12
479444 31
479956 67
480472 127
480988 192
481504 255
482016 312
482536 353
483048 384
483568 391
484080 387
484596 359
485112 316
485628 254
486140 184
486660 108
487172 39
487692 12
488204 24
488720 63
489236 120
489752 184
490264 248
490784 304
491296 352
491816 384
492328 396
492844 387
493360 368
493876 319
494388 255
494908 192
495428 112
495940 39
496456 7
496972 24
497488 60
498000 112
498520 177
499032 243
499552 304
500064 352
500580 384
501096 391
501612 387
502124 368
502644 319
503156 255
503676 192
504188 124
504704 48
505220 7
505736 24
506248 56
506768 108
507280 167
507800 238
508312 295
508828 344
509344 384
509860 396
510372 391
510892 371
511404 327
511924 271
512436 204
512952 127
513464 60
513984 12
514496 19
515016 49
515528 99
516048 163
516560 227
517076 287
517588 335
518108 376
518620 391
519140 391
519652 369
520172 327
520684 273
521200 207
521712 135
522232 62
522744 7
523264 17
523776 48
524296 97
524808 159
525324 225
525836 287
526356 335
526868 376
527388 391
527900 396
528420 368
528936 319
529452 255
529968 192
530480 120
531000 48
531512 7
532032 24
532544 56
533060 103
533572 167
534092 240
534604 295
535124 344
535636 384
536156 391
536668 391
537184 371
537696 327
538216 271
538728 199
539248 127
539760 56
540280 7
540792 24
541308 49
541820 103
542340 163
542852 231
543372 287
543884 339
544404 376
544916 391
545432 391
545944 368
546464 327
546976 271
547496 207
548008 127
548528 60
549040 12
549556 19
550068 48
550588 97
551100 159
551620 225
552132 287
552652 335
553164 376
553680 391
554192 391
554712 384
555224 339
555744 284
556256 216
556776 143
557288 71
557804 14
558316 15
558836 44
559348 88
559868 152
560380 216
560900 280
561412 327
561928 368
562440 387
562960 391
563472 384
563992 337
564504 287
565024 220
565536 143
566052 71
566564 15
567084 15
567596 39
568116 88
568628 147
569148 216
569660 280
570176 327
570688 368
571208 391
571720 391
572240 384
572752 348
573272 295
573784 227
574300 158
574812 81
575332 19
575844 15
576364 35
576876 78
577396 140
577908 206
578424 255
578936 319
579456 359
579968 385
580488 391
581000 384
581516 352
582028 295
582548 231
583064 159
583576 88
584096 24
584608 15
585128 35
585640 76
586160 135
586672 199
587188 255
587700 319
588220 359
588732 387
589252 391
589764 384
590284 352
590796 304
591312 240
591824 167
592344 96
592856 30
593376 14
593888 31
594408 71
594920 127
595436 193
595948 255
596468 316
596980 355
597500 385
598012 391
598532 385
599044 359
599560 312
600072 248
600592 176
601104 103
601624 31
602136 7
602656 28
603168 63
603684 124
604196 192
604716 254
605228 312
605748 352
606260 384
606780 391
607292 387
607808 359
608320 316
608840 254
609352 184
609872 110
610384 39
610904 7
611416 28
611932 62
612444 115
612964 184
613476 248
613996 304
614508 352
615028 384
615540 391
616056 391
616568 368
617088 319
617600 255
618120 193
618632 120
619152 48
619664 7
620180 24
620692 56
621212 110
621724 174
622244 240
622756 295
623276 344
623788 384
624304 391
624816 387
625336 368
625848 319
626368 255
626880 199
627400 126
627912 56
628428 7
628940 24
629460 56
629972 103
630492 167
631004 231
631524 291
632036 344
632552 384
633064 391
633584 391
634096 376
634616 334
635128 280
635648 207
636160 135
636676 63
637188 14
637708 19
638220 48
638740 96
639252 159
639772 224
640284 284
640800 335
641312 369
641832 387
642344 391
642864 376
643376 335
643896 280
644408 216
644924 135
645436 63
645956 14
646468 15
646988 46
647500 92
648020 156
648532 224
649048 284
649560 334
650080 369
650592 391
651112 391
651624 384
652144 344
652656 287
653172 224
653684 152
654204 76
654716 15
655236 15
655748 39
656268 83
656780 143
657296 207
657816 271
658328 319
658848 368
659360 387
659876 391
660400 368
660920 319
661432 255
661948 199
662460 124
662980 56
663492 7
664012 24
664524 51
665040 103
665556 167
666072 231
666584 291
667104 344
667616 384
668136 391
668648 391
669164 376
669680 335
670196 280
670708 207
671228 127
671740 63
672260 7
672772 17
673288 48
673804 96
674320 159
674832 224
675352 287
675864 335
676384 376
676896 391
677412 391
677928 376
678444 335
678956 280
679476 211
679988 135
680508 63
681020 12
681536 17
682052 46
682568 96
683080 158
683600 224
684112 284
684632 335
685144 376
685660 391
686176 391
686692 384
687204 344
687724 287
688240 224
688752 152
689272 71
689784 15
690304 15
690816 39
691336 88
691848 147
692364 216
692876 271
693396 327
693908 368
694428 387
694940 391
695460 384
695972 344
696488 287
697000 225
697520 152
698032 79
698552 15
699064 15
699584 39
700096 83
700612 143
701124 207
701644 271
702156 319
702676 368
703188 387
703708 391
704220 384
704736 348
705248 295
705768 231
706280 159
706800 88
707312 24
707832 15
708344 31
708860 78
709372 135
709892 199
710404 255
710924 319
711436 359
711952 387
712468 396
712984 384
713496 352
714016 304
714528 240
715048 167
715560 96
716076 24
716592 15
717108 31
717620 71
718140 127
718652 195
719172 255
719684 316
720200 359
720716 384
721232 391
721744 384
722264 353
722776 305
723296 243
723808 167
724324 97
724840 31
725356 14
725868 30
726388 67
726900 127
727420 192
727932 255
728448 312
728964 355
729480 384
729992 398
730512 387
731024 359
731544 316
732056 252
732572 184
733088 103
733604 35
734116 12
734636 28
735148 63
735668 120
736180 188
736696 248
737212 305
737728 352
738240 384
738760 391
739272 385
739792 359
740304 316
740820 254
741336 184
741852 112
742364 39
742884 12
743396 24
743916 62
744428 120
744944 184
745460 248
745976 304
746488 352
747008 384
747520 396
748040 391
748552 368
749068 319
749584 255
750100 192
750612 120
751132 48
751644 7
752164 24
752676 56
753192 112
753708 176
754224 240
754736 295
755256 344
755768 384
756288 391
756800 391
757316 368
757832 319
758348 255
758860 195
759380 124
759892 51
760412 7
760924 24
761440 56
761956 103
762472 167
762992 236
763504 295
764024 344
764536 384
765052 391
765564 391
766084 369
766596 327
767116 271
767628 206
768148 127
768660 62
769176 7
769688 19
770208 48
770720 96
771240 159
771752 224
772272 287
772784 335
773300 376
773812 391
774332 391
774844 376
775364 335
775876 280
776396 209
776908 135
777424 63
777936 12
778456 17
778968 48
779488 96
780000 159
780520 224
781032 286
781548 335
782060 376
782580 391
783092 391
783612 384
784124 335
784644 286
785156 216
785672 143
786184 71
786704 15
787216 15
787736 39
788248 88
788768 152
789280 216
789796 280
790308 327
790828 368
791340 391
791860 398
792380 376
792896 332
793412 280
793928 207
794440 127
794960 62
795472 12
795992 19
796504 48
797020 97
797536 159
798052 224
798564 287
799084 335
799596 376
800116 391
800628 391
801144 376
801660 334
802176 280
802688 207
803208 135
803720 63
804240 12
804752 15
805268 48
805780 96
806300 159
806812 224
807332 284
807848 335
808360 376
808880 391
809392 391
809912 384
810424 344
810940 287
811456 224
811972 143
812484 71
813004 15
813516 15
814036 39
814548 88
815064 152
815580 216
816096 280
816608 327
817128 368
817640 387
818160 391
818672 384
819188 344
819704 287
820220 224
820732 152
821252 71
821764 15
822284 15
822796 39
823312 88
823828 147
824344 216
824856 275
825376 327
825888 368
826408 391
826920 391
827436 384
827952 344
828468 295
828980 227
829500 158
830012 81
830532 19
831044 15
831560 35
832076 79
832592 135
833104 206
833624 255
834136 319
834656 364
835168 387
835684 391
836200 384
836716 352
837228 304
837748 236
838260 159
838780 88
839292 24
839808 15
840324 31
840840 78
841352 135
841872 199
842384 255
842904 319
843416 359
843932 385
844448 391
844964 384
845476 352
845996 304
846508 240
847028 167
847540 96
848056 28
848572 14
849088 31
849600 71
850120 127
850632 193
851152 255
851664 316
852180 359
852696 385
853212 396
853724 387
854244 355
854756 312
855276 248
855788 176
856304 99
856820 31
857336 14
857848 28
858368 63
858880 126
859400 192
859912 254
860428 312
860944 353
861460 384
861972 391
862492 384
863004 359
863524 312
864036 252
864552 179
865068 103
865584 35
866096 12
866616 28
867128 63
867648 124
868160 184
868676 252
869192 312
869708 353
870220 384
870740 396
871252 391
871772 364
872284 319
872800 255
873316 192
873832 112
874344 46
874864 12
875376 24
875896 60
876408 112
876924 176
877440 241
877956 302
878468 348
878988 384
879500 391
880020 387
880532 366
881048 319
881564 255
882080 192
882600 120
883112 48
883632 7
884144 24
884660 56
885172 112
885692 176
886204 240
886724 295
887236 348
887756 384
888268 391
888784 391
889296 368
889816 327
890328 271
890848 199
891360 127
891880 56
892392 7
892908 19
893420 49
893940 103
894452 167
894972 231
895484 287
896004 344
896516 384
897032 391
897544 391
898064 369
898576 327
899096 271
899608 207
900128 127
900640 60
901156 7
901668 19
902188 48
902700 99
903220 163
903732 227
904252 287
904764 339
905280 384
905792 391
906312 391
906824 376
907344 335
907856 280
908376 211
908888 135
909404 63
909916 14
910436 15
910948 46
911468 96
911980 156
912500 224
913012 284
913528 335
914040 369
914560 391
915072 391
915592 384
916104 339
916624 286
917136 220
917652 143
918164 67
918684 14
919196 15
919716 39
920228 92
920748 152
921260 216
921776 280
922288 327
922808 368
923320 391
923840 391
924360 384
924876 344
925388 287
925908 224
926420 152
926940 71
927452 15
927968 15
928484 39
929000 88
929512 152
930032 216
930544 273
931064 327
931576 368
932092 387
932608 391
933124 384
933636 344
934156 287
934668 224
935188 152
935700 79
936216 15
936732 15
937248 35
937760 83
938280 143
938792 207
939312 271
939824 319
940340 368
940856 391
941372 398
941884 384
942404 352
942924 295
943436 231
943952 159
944464 88
944984 24
945496 15
946016 35
946528 76
947048 135
947560 199
948076 255
948588 319
949108 359
949620 385
950140 391
950652 384
951172 352
951684 304
952200 240
952712 163
953232 92
953744 24
954264 15
954776 31
955296 71
955808 127
956324 199
956836 255
957356 318
957868 359
958388 385
958900 398
959420 385
959932 355
960448 312
960960 248
961480 176
961992 99
962512 31
963024 12
963544 30
964056 63
964572 124
965084 192
965604 254
966116 312
966636 353
967148 384
967668 391
968180 387
968696 359
969208 316
969728 252
970240 184
970760 103
971272 35
971792 14
972304 30
972820 63
973332 120
973852 188
974364 252
974884 307
975396 352
975916 384
976428 391
976944 387
977456 359
977976 318
978488 255
979008 192
979520 113
980040 39
980552 12
981068 24
981580 60
982100 112
982612 176
983132 241
983644 302
984164 352
984676 384
985192 391
985704 391
986224 368
986736 319
987256 255
987768 195
988288 120
988800 49
989316 7
989828 24
990348 56
990860 103
991380 172
991892 238
992412 295
992924 344
993440 384
993952 391
994472 387
994984 368
995504 319
996016 255
996536 199
997048 127
997564 56
998076 7
998596 24
999108 51
999628 103
1000140 163
1000660 231
1001172 287
1001688 344
1002200 384
1002720 391
1003232 391
1003752 376
1004264 335
1004784 280
1005296 207
1005812 135
1006324 62
1006844 7
1007356 19
1007876 48
1008388 96
1008908 159
1009420 224
1009936 286
1010448 335
1010968 376
1011480 391
1012000 391
1012512 376
1013032 335
1013544 280
1014060 216
1014572 135
1015092 63
1015604 14
1016124 15
1016636 46
1017152 96
1017664 158
1018184 224
1018700 284
1019212 335
1019732 376
1020244 391
1020764 391
1021276 384
1021796 344
1022308 287
1022824 224
1023336 152
1023856 71
1024368 15
1024888 15
1025400 39
1025920 88
1026432 145
1026948 216
1027460 271
1027980 327
1028492 368
1029012 387
1029524 391
1030044 384
1030556 344
1031072 287
1031584 224
1032104 152
1032616 76
1033136 15
1033648 15
1034168 39
1034680 88
1035196 145
1035708 216
1036228 271
1036740 327
1037260 368
1037772 391
1038292 396
1038804 384
1039320 352
1039832 295
1040352 231
1040864 159
1041384 88
1041896 24
1042416 15
1042928 33
1043444 79
1043956 135
1044476 199
1044988 255
1045508 319
1046020 359
1046540 387
1047052 391
1047568 384
1048080 352
1048600 302
1049112 240
1049632 159
1050144 92
1050664 24
1051176 14
1051692 31
1052204 78
1052724 135
1053236 199
1053756 255
1054268 319
1054788 359
1055300 385
1055816 391
