212 248
424 224
636 193
848 167
1068 135
1280 99
1492 71
1704 39
1916 15
2136 7
2348 7
2560 15
2772 24
2992 39
3204 60
3416 79
3628 103
3840 135
4060 159
4272 192
4484 216
4696 238
4908 255
5128 271
5340 280
5552 286
5764 287
5976 284
6192 271
6408 255
6620 238
6832 216
7044 184
7260 152
7476 124
7688 92
7900 60
8116 31
8328 7
8540 7
8756 7
8968 15
9184 31
9396 48
9608 63
9820 96
10036 120
10252 145
10464 176
10676 199
10888 224
11100 243
11320 255
11532 271
11744 284
11956 287
12176 286
12388 280
12600 255
12812 248
13024 224
13244 199
13456 167
13668 135
13880 103
14092 71
14312 39
14524 15
14736 7
14948 7
15160 14
15380 24
15592 39
15804 56
16016 79
16228 103
16448 127
16660 159
16872 188
17084 209
17304 231
17516 254
17728 255
17940 280
18152 286
18368 286
18584 280
18796 271
19008 255
19220 231
19436 211
19652 184
19864 152
20076 120
20288 92
20504 60
20716 30
20932 7
21144 7
21356 7
21572 15
21784 30
21996 46
22212 63
22428 92
22640 120
22852 143
23064 176
23276 199
23496 224
23708 241
23920 255
24132 271
24344 281
24564 287
24776 286
24988 280
25200 255
25412 248
25632 225
25844 199
26056 167
26268 142
26480 103
26700 76
26912 48
27124 19
27336 7
27556 7
27768 14
27980 24
28192 35
28404 56
28624 79
28836 103
29048 127
29260 158
29472 184
29692 207
29904 231
30116 252
30328 255
30540 280
30760 286
30972 287
31184 284
31396 271
31608 255
31828 240
32040 216
32252 188
32464 156
32680 126
32896 96
33108 60
33320 31
33532 7
33748 7
33960 7
34176 15
34388 28
34600 39
34816 63
35028 88
35240 113
35456 143
35668 167
35884 195
36096 224
36308 240
36520 255
36736 271
36952 280
37164 287
37376 286
37588 280
37808 255
38020 248
38232 225
38444 199
38656 174
38876 142
39088 108
39300 78
39512 48
39724 19
39944 7
40156 7
40368 14
40580 24
40792 35
41012 56
41224 71
41436 103
41648 127
41860 159
42080 184
42292 207
42504 231
42716 252
42932 255
43144 280
43360 286
43572 287
43784 284
44000 271
44212 255
44424 240
44640 216
44852 192
45068 158
45280 127
45492 96
45704 63
45920 33
46136 12
46348 7
46560 7
46772 15
46992 28
47204 39
47416 63
47628 88
47840 113
48060 143
48272 167
48484 195
48696 220
48908 240
49128 255
49340 271
49552 284
49764 287
49976 287
50196 280
50408 255
50620 252
50832 227
51044 206
51264 176
51476 143
51688 112
51900 79
52120 49
52332 24
52544 7
52756 7
52968 7
53188 24
53400 33
53612 51
53824 71
54036 99
54256 127
54468 156
54680 184
54900 224
55112 243
55324 255
55536 271
55748 284
55968 287
56180 286
56392 280
56604 255
56824 248
57036 224
57248 199
57460 167
57672 135
57888 103
58104 71
58316 39
58528 17
58740 7
58956 7
59168 14
59384 24
59596 35
59808 56
60024 79
60236 103
60448 127
60664 159
60876 188
61092 211
61304 231
61516 254
61728 255
61948 280
62160 286
62372 286
62584 280
62796 271
63016 255
63228 238
63440 211
63652 184
63864 156
64084 120
64296 92
64508 60
64720 31
64932 7
65152 7
65364 7
65576 15
65788 30
66000 48
66220 63
66432 92
66644 120
66856 143
67076 176
67288 199
67500 224
67712 248
67924 255
68144 275
68356 284
68568 287
68780 286
68992 280
69212 255
69424 248
69636 225
69848 199
70060 167
70280 135
70492 103
70704 71
70916 48
71128 17
71348 7
71560 7
71772 14
71984 24
72200 35
72412 56
72628 79
72840 103
73052 127
73268 159
73480 188
73692 207
73908 231
74120 254
74336 255
74548 280
74760 286
74972 287
75188 280
75404 271
75616 255
75828 238
76040 211
76260 184
76472 156
76684 120
76896 92
77108 60
77328 30
77540 7
77752 7
77964 7
78176 15
78396 31
78608 48
78820 63
79032 92
79244 120
79464 145
79676 174
79888 199
80100 224
80312 241
80532 255
80744 271
80956 280
81168 286
81388 284
81600 280
81812 255
82024 248
82236 224
82456 195
82668 167
82880 135
83092 103
83304 71
83524 39
83736 15
83948 7
84160 7
84372 14
84588 24
84804 35
85016 56
85228 79
85440 103
85656 127
85872 159
86084 192
86296 211
86512 231
86724 254
86936 255
87152 280
87364 286
87580 287
87792 284
88004 271
88216 255
88432 238
88648 216
88860 184
89072 156
89284 124
89496 92
89716 60
89928 31
90140 7
90352 7
90564 7
90784 15
90996 30
91208 46
91420 63
91640 92
91852 120
92064 143
92276 176
92488 199
92708 224
92920 248
93132 255
93344 271
93556 284
93776 287
93988 286
94200 280
94412 255
94624 248
94844 225
95056 199
95268 167
95480 135
95692 103
95912 71
96124 39
96336 15
96548 7
96768 7
96980 14
97192 24
97404 35
97616 56
97832 79
98048 103
98260 127
98472 159
98684 188
98900 216
99116 231
99328 254
99540 255
99752 280
99968 286
100180 286
100392 280
100608 271
100820 255
101036 231
101248 211
101460 184
101672 152
101892 120
102104 88
102316 60
102528 30
102740 7
102960 7
103172 7
103384 15
103596 30
103808 48
104028 63
104240 92
104452 120
104664 145
104876 176
105096 199
105308 224
105520 248
105732 255
105944 271
106164 284
106376 287
106588 286
106800 280
107016 255
107232 248
107444 224
107656 199
107868 167
108084 135
108296 103
108512 71
108724 46
108936 17
109152 7
109364 7
109576 15
109788 24
110000 39
110212 62
110424 83
110644 112
110856 135
111068 163
111280 192
111492 216
111708 240
111924 255
112136 271
112348 280
112560 287
112776 287
112988 280
113204 271
113416 255
113628 231
113844 207
114056 177
114268 152
114484 115
114700 83
114912 56
115124 24
115336 7
115548 7
115768 7
115980 19
116192 31
116404 49
116616 71
116836 96
117048 126
117260 152
117472 177
117684 199
117904 225
118116 248
118328 255
118540 275
118752 284
118972 287
119184 284
119396 271
119608 255
119828 241
120040 220
120252 192
120464 159
120676 127
120896 99
121108 63
121320 35
121532 14
121744 7
121964 7
122176 15
122388 24
122600 39
122812 62
123032 88
123244 112
123456 135
123668 163
123880 192
124096 216
124308 240
124520 255
124732 271
124952 280
125164 287
125376 287
125588 280
125800 270
126020 252
126232 231
126444 207
126656 179
126868 147
127088 113
127300 81
127512 56
127724 24
127936 7
128156 7
128368 12
128580 17
128792 31
129004 49
129224 71
129436 97
129648 126
129860 152
130076 184
130292 206
130504 227
130716 248
130928 255
131144 280
131356 286
131572 287
131784 286
131996 280
132212 255
132424 243
132636 224
132852 193
133064 163
133280 127
133492 97
133704 63
133916 39
134136 14
134348 7
134560 7
134772 15
134984 24
135204 39
135416 63
135628 83
135840 112
136052 135
136272 163
136484 192
136696 216
136908 240
137120 255
137340 271
137552 280
137764 287
137976 287
138188 280
138408 255
138620 254
138832 231
139044 207
139264 176
139476 143
139688 112
139900 81
140112 51
140332 24
140544 7
140756 7
140968 7
141180 17
141400 31
141612 49
141824 71
142036 97
142248 127
142468 156
142680 179
142892 207
143104 227
143316 248
143532 255
143748 275
143960 284
144172 286
144388 284
144600 271
144816 255
145028 241
145240 220
145456 192
145668 159
145880 127
146096 96
146308 63
146524 33
146736 14
146948 7
147160 7
147376 15
147592 24
147804 39
148016 63
148228 88
148440 112
148660 135
148872 167
149084 192
149296 220
149516 240
149728 255
149940 271
150152 280
150364 287
150584 287
150796 280
151008 270
151220 254
151432 231
151652 199
151864 176
152076 143
152288 112
152500 81
152720 49
152932 24
153144 7
153356 7
153568 7
153788 19
154000 31
154212 49
154424 71
154644 97
154856 127
155068 156
155280 184
155492 206
155708 227
155924 248
156136 255
156348 280
156560 286
156776 287
156992 284
157204 271
157416 255
157628 241
157844 216
158056 192
158272 159
158484 127
158696 96
158912 63
159124 35
159336 14
159548 7
159768 7
159980 15
160192 24
160404 39
160616 63
160836 88
161048 113
161260 142
161472 167
161684 193
161900 220
162116 240
162328 255
162540 271
162752 280
162968 286
163180 286
163396 280
163608 255
163820 248
164036 227
164244 199
164456 176
164676 142
164888 110
165100 78
165312 48
165524 24
165744 7
165956 7
166168 14
166380 19
166592 31
166812 56
167024 76
167236 99
167448 127
167660 158
167880 184
168092 207
168304 231
168516 252
168728 255
168944 280
169160 286
169372 286
169584 284
169800 271
170012 255
170228 240
170440 216
170652 184
170868 156
171080 124
171292 94
171508 60
171720 31
171936 7
172148 7
172360 7
172572 15
172788 28
173004 46
173216 63
173428 88
173640 115
173852 143
174072 172
174284 195
174496 224
174708 241
174928 255
175140 271
175352 284
175564 287
175776 287
175996 280
176208 255
176420 252
176632 227
176844 199
177064 174
177276 142
177488 110
177700 79
177912 48
178128 24
178344 7
178556 7
178768 14
178980 24
179196 33
179412 56
179624 76
179836 103
180052 127
180264 158
180476 184
180692 207
180904 231
181120 254
181332 255
181544 280
181756 286
181972 287
182188 284
182400 271
182612 255
182824 240
183036 216
183256 192
183468 156
183680 126
183892 92
184112 60
184324 31
184536 7
184748 7
184960 7
185180 15
185392 28
185604 46
185816 63
186028 92
186248 120
186460 143
186672 167
186884 195
187096 224
187316 243
187528 255
187740 271
187952 280
188164 286
188384 284
188596 280
188808 255
189020 248
189240 224
189452 199
189664 167
189876 135
190088 103
190304 71
190520 46
190732 17
190944 7
191156 7
191372 15
191588 24
191800 35
192012 57
192224 79
192440 103
192652 127
192868 159
193080 192
193292 207
193508 231
193720 254
193932 255
194148 280
194364 286
194576 287
194788 280
195000 271
195212 255
195432 236
195644 216
195856 184
196068 156
196280 124
196500 89
196712 60
196924 31
197136 7
197348 7
197568 7
197780 15
197992 30
198204 48
198416 63
198636 92
198848 120
199060 143
199272 174
199492 199
199704 224
199916 243
200128 255
200340 271
200560 286
200772 287
200984 287
201196 280
201408 255
201628 248
201840 224
202052 199
202264 167
202476 135
202696 103
202908 71
203120 44
203332 15
203544 7
203764 7
203976 14
204188 24
204400 35
204616 56
204832 79
205044 103
205256 127
205468 159
205684 192
205896 211
206112 231
206324 254
206536 255
206752 280
206964 286
207176 286
207392 280
207604 271
207820 255
208032 231
208244 207
208456 184
208672 152
208888 120
209100 88
209312 56
209524 28
209744 7
209956 7
210168 7
210380 15
210592 30
210812 48
211024 67
211236 96
211448 120
211660 145
211880 176
212092 199
212304 224
212516 248
212728 255
212948 273
213160 284
213372 287
213584 286
213796 280
214016 255
214228 248
214440 224
214652 195
214868 167
215080 135
215296 103
215508 71
215720 39
215936 15
216148 7
216360 7
216576 14
216788 24
217004 35
217216 56
217428 79
217640 103
217856 135
218072 159
218284 192
218496 216
218708 231
218924 255
219136 271
219348 284
219568 287
219780 287
219992 280
220204 255
220416 252
220636 227
220848 199
221060 176
221272 143
221492 112
221704 78
221916 48
222128 24
222340 7
222560 7
222772 14
222984 24
223196 31
223408 56
223628 76
223840 99
224052 127
224264 158
224476 184
224696 207
224908 231
225120 252
225332 255
225544 280
225764 284
225976 286
226188 280
226400 271
226616 255
226832 240
227044 216
227256 188
227468 156
227684 124
227900 92
228112 62
228324 31
228536 7
228752 7
228964 7
229180 15
229392 28
229604 44
229820 63
230032 92
230244 120
230460 143
230672 172
230888 199
231100 224
231312 243
231524 255
231744 271
231956 284
232168 287
232380 286
232592 280
232812 255
233024 248
233236 225
233448 199
233660 167
233880 135
234092 103
234304 71
234516 48
234728 19
234948 7
235160 7
235372 12
235584 24
235796 35
236016 56
236228 79
236440 103
236652 127
236868 159
237084 188
237296 209
237508 231
237720 254
237936 270
238148 280
238364 287
238576 287
238788 284
239004 271
239216 255
239428 240
239644 216
239856 188
240072 158
240284 124
240496 92
240708 60
240928 31
241140 7
241352 7
241564 7
241776 15
241996 28
242208 48
242420 63
242632 92
242844 120
243064 143
243276 176
243488 199
243700 224
243912 241
244132 255
244344 271
244556 284
244768 287
244980 286
245200 280
245412 255
245624 248
245836 224
246056 195
246268 167
246480 135
246692 103
246904 71
247124 39
247336 15
247548 7
247760 7
247972 15
248192 24
248404 35
248616 60
248828 79
249040 103
249260 127
249472 159
249684 192
249896 216
250108 231
250324 255
250540 270
250752 280
250964 284
251180 287
251392 284
251608 271
251820 255
252032 238
252248 207
252460 184
252672 152
252888 120
253100 88
253316 56
253528 30
253740 7
253952 7
254168 7
254384 15
254596 31
254808 48
255020 67
255232 96
255452 120
255664 147
255876 176
256088 199
256308 224
256520 248
256732 255
256944 273
257156 284
257376 287
257588 286
257800 280
258012 255
258224 248
258444 224
258656 195
258868 167
259080 135
259292 103
259512 71
259724 39
259936 15
260148 7
260360 7
260580 14
260792 24
261004 35
261216 56
261436 79
261648 103
261860 127
262072 159
262284 192
262500 216
262716 231
262928 255
263140 270
263352 280
263568 286
263784 287
263996 280
264208 271
264420 255
264636 231
264848 207
265064 184
265276 152
265488 120
265704 88
265916 56
266128 28
266340 7
266560 7
266772 7
266984 17
267196 31
267408 48
267628 71
267840 96
268052 124
268264 152
268476 176
268692 199
268908 225
269120 248
269332 255
269544 271
269760 284
269972 287
270188 284
270400 275
270612 255
270828 248
271040 224
271252 193
271468 163
271684 127
271896 99
272108 63
272320 39
272532 15
272752 7
272964 7
273176 15
273388 24
273608 39
273824 63
274036 88
274248 115
274460 143
274672 167
274892 195
275104 224
275316 241
275528 255
275740 271
275960 284
276172 287
276384 287
276596 280
276816 255
277028 252
277240 227
277452 199
277664 174
277884 143
278096 112
278308 79
278520 48
278732 24
278952 7
279164 7
279376 12
279588 24
279800 35
280020 56
280232 78
280444 103
280656 127
280868 158
281088 184
281300 207
281512 231
281724 252
281940 255
282156 280
282368 287
282580 287
282792 284
283008 271
283224 255
283436 240
283648 216
283860 192
284076 156
284288 126
284504 94
284716 62
284928 31
285144 7
285356 7
285568 7
285784 15
285996 28
286212 46
286424 63
286636 92
286848 120
287068 143
287280 172
287492 195
287704 224
287916 241
288136 255
288348 271
288560 284
288772 286
288984 284
289204 275
289416 255
289628 248
289840 224
290052 199
290272 167
290484 135
290696 103
290908 71
291120 46
291340 15
291552 7
291764 7
291976 14
292196 24
292408 35
292620 56
292832 79
293044 103
293264 127
293476 159
293688 192
293900 211
294112 231
294332 254
294544 270
294756 280
294968 286
295180 287
295400 280
295612 271
295824 255
296036 238
296248 216
296464 184
296680 152
296892 121
297104 92
297320 56
297532 30
297748 7
297960 7
298172 7
298388 15
298600 30
298812 48
299028 63
299240 92
299456 120
299668 145
299880 176
300092 199
300308 224
300524 248
300736 255
300948 275
301160 284
301372 287
301592 286
301804 280
302016 255
302228 248
302448 224
302660 199
302872 167
303084 135
303296 103
303516 71
303728 39
303940 15
304152 7
304364 7
304584 15
304796 24
305008 39
305220 56
305432 79
305648 103
305864 127
306076 159
306288 192
306500 216
306716 231
306932 255
307144 270
307356 280
307572 286
307784 286
307996 280
308212 271
308424 255
308640 231
308852 207
309064 184
309276 152
309492 120
309708 88
309920 56
310132 28
310344 7
310556 7
310776 7
310988 15
311200 31
311412 48
311632 71
311844 96
312056 124
312268 152
312480 177
312700 199
312912 225
313124 248
313336 255
313548 275
313768 286
313980 287
314192 284
314404 280
314616 255
314836 248
315048 224
315260 193
315472 163
315684 127
315904 99
316116 71
316328 39
316540 15
316760 7
316972 7
317184 15
317396 24
317608 39
317824 60
318040 83
318252 112
318464 135
318676 163
318892 192
319108 216
319320 240
319532 255
319744 271
319960 280
320172 287
320388 287
320600 284
320812 271
321028 255
321240 231
321452 207
321668 184
321884 147
322096 120
322308 88
322520 56
322732 28
322952 7
323164 7
323376 12
323588 17
323800 31
324020 49
324232 71
324444 96
324656 124
324868 152
325088 177
325300 206
325512 227
325724 248
325936 255
326156 280
326368 284
326580 287
326792 284
327012 271
327224 255
327436 241
327648 224
327860 193
328080 159
328288 135
328500 103
328720 71
328932 39
329144 15
329356 7
329576 7
329788 15
330000 24
330212 39
330424 60
330644 81
330856 110
331068 135
331280 159
331492 192
331712 216
331924 238
332136 255
332348 271
332560 280
332780 286
332992 286
333204 280
333416 271
333628 255
333848 231
334060 207
334272 184
334484 152
334700 120
334916 88
335128 56
335340 28
335552 7
335768 7
335980 7
336196 17
336408 31
336620 48
336836 71
337048 96
337260 124
337476 152
337688 177
337904 206
338116 225
338328 248
338540 255
338756 275
338972 286
339184 287
339396 286
339608 280
339828 255
340040 248
340252 224
340464 195
340676 167
340896 127
341108 103
341320 67
341532 39
341744 15
341964 7
342176 7
342388 14
342600 24
342812 39
343032 60
343244 83
343456 110
343668 135
343880 159
344100 192
344312 216
344524 238
344736 255
344956 271
345168 280
345380 286
345592 286
345804 280
346024 271
346236 254
346448 231
346660 206
346872 177
347092 145
347304 115
347516 83
347728 59
347940 24
348156 7
348372 7
348584 12
348796 17
349008 31
349224 49
349436 71
349652 97
349864 126
350080 152
350292 179
350504 206
350716 227
350932 248
351148 255
351360 280
351572 284
351784 287
351996 284
352216 271
352428 255
352640 241
352852 220
353064 192
353284 159
353496 127
353708 97
353920 63
354132 39
354352 14
354564 7
354776 7
354988 15
355208 28
355420 39
355632 62
355844 88
356056 112
356276 140
356488 167
356700 192
356912 220
357124 240
357340 255
357556 271
357768 284
357980 287
358192 287
358408 280
358620 270
358836 255
359048 231
359260 206
359476 177
359688 145
359900 115
360116 81
360332 49
360544 24
360756 7
360968 7
361180 7
361400 17
361612 31
361824 51
362036 71
362248 97
362468 127
362680 156
362892 184
363104 207
363316 227
363536 248
363748 255
363960 280
364172 284
364392 287
364604 284
364816 271
365028 255
365240 240
365460 217
365672 192
365884 159
366096 127
366308 96
366528 63
366740 31
366952 12
367164 7
367376 7
367596 15
367808 28
368020 39
368232 63
368444 88
368664 113
368876 142
369088 167
369300 193
369516 220
369732 241
369944 255
370156 271
370368 280
370584 287
370800 286
371012 280
371224 255
371436 252
371652 225
371864 199
372080 176
372292 143
372504 112
372720 79
372932 48
373144 24
373360 7
373572 7
373788 12
374000 24
374212 33
374424 56
374644 78
374856 99
375068 127
375280 156
375492 184
375712 207
375924 231
376136 252
376348 255
376560 280
376780 286
376992 287
377204 284
377416 271
377628 255
377848 240
378060 216
378272 192
378484 159
378696 127
378916 96
379128 63
379340 31
379552 12
379772 7
379984 7
380196 15
380408 28
380620 39
380840 63
381052 88
381264 115
381476 143
381688 167
381908 195
382120 224
382332 240
382544 255
382756 271
382972 284
383192 287
383404 286
383616 280
383828 255
384040 248
384260 224
384472 199
384684 167
384896 135
385108 103
385328 71
385540 46
385752 15
385964 7
386184 7
386396 14
386608 24
386820 35
387032 56
387252 79
387464 103
387676 127
387888 159
388100 188
388320 211
388532 231
388744 254
388956 270
389168 280
389388 286
389600 287
389812 284
390024 271
390236 255
390456 240
390668 216
390880 184
391092 156
391308 124
391524 88
391736 60
391948 31
392160 7
392376 7
392588 7
392804 15
393016 30
393228 48
393444 63
393656 96
393868 120
394084 145
394296 176
394512 199
394724 224
394936 248
395148 255
395364 271
395580 284
395792 287
396004 286
396216 280
396436 255
396648 248
396860 225
397072 199
397284 167
397504 135
397716 103
397928 71
398140 39
398352 15
398572 7
398784 7
398996 14
399208 24
399420 35
399640 60
399852 79
400064 103
400276 127
400488 159
400708 192
400920 216
401132 231
401344 255
401564 270
401776 280
401988 286
402200 287
402412 280
402632 271
402844 255
403056 231
403268 207
403480 184
403700 152
403912 120
404124 88
404336 56
404548 28
404764 7
404980 7
405192 7
405404 17
405620 31
405832 48
406048 71
406260 96
406472 124
406688 152
406900 176
407112 199
407328 225
407540 248
407756 255
407968 280
408180 284
408392 287
408608 286
408824 275
409036 255
409248 248
409460 224
409672 195
409892 163
410104 127
410316 103
410528 71
410748 39
410960 15
411172 7
411384 7
411596 15
411816 24
412028 39
412240 60
412452 83
412664 110
412884 135
413096 163
413308 192
413520 216
413732 240
413952 255
414164 271
414376 280
414588 287
414800 287
415020 284
415232 271
415444 255
415656 231
415876 207
416088 179
416300 152
416512 120
416724 88
416944 56
417156 24
417368 7
417580 7
417792 7
418008 17
418224 31
418436 49
418648 71
418860 97
419076 124
419292 152
419504 177
419716 206
419928 225
420144 248
420356 255
420572 275
420784 284
421000 286
421212 284
421424 275
421636 255
421852 243
422068 220
422280 192
422492 159
422704 127
422916 97
423136 63
423348 35
423560 14
423772 7
423984 7
424204 15
424416 24
424628 39
424840 62
425052 88
425272 112
425484 135
425696 167
425908 192
426128 220
426340 240
426552 255
426764 271
426976 280
427196 286
427408 287
427620 280
427832 255
428044 254
428264 231
428476 206
428688 176
428900 143
429112 112
429332 79
429544 51
429756 24
429968 7
430180 7
430400 12
430612 17
430824 31
431036 51
431252 71
431468 99
431680 127
431892 156
432104 179
432320 207
432532 227
432748 248
432960 255
433172 280
433388 286
433600 287
433812 284
434028 273
434240 255
434456 241
434668 220
434880 192
435092 159
435308 127
435524 96
435736 63
435948 35
436160 14
436380 7
436592 7
436804 15
437016 24
437228 39
437448 63
