916 192
1832 56
2752 12
3672 81
4588 195
5504 275
6420 271
7340 176
8260 39
9176 15
10096 96
11016 209
11932 280
12852 255
13772 159
14684 28
15600 19
16520 112
17440 224
18360 286
19276 255
20196 143
21116 15
22032 28
22944 124
23864 231
24784 286
25700 248
26620 127
27540 7
28456 31
29376 135
30296 243
31216 286
32128 231
33044 112
33964 7
34884 46
35800 152
36720 254
37640 286
38556 224
39476 96
40396 7
41308 56
42224 163
43144 255
44064 284
44984 207
45900 79
46820 7
47740 63
48656 179
49568 255
50488 280
51408 195
52324 63
53244 12
54164 79
55080 192
56000 271
56920 271
57840 184
58752 48
59668 15
60588 92
61508 206
62424 280
63344 255
64264 167
65180 31
66100 17
67020 103
67932 216
68852 284
69768 255
70688 152
71608 19
72524 24
73444 120
74364 227
75280 286
76192 248
77112 127
78032 12
78948 31
79868 127
80788 240
81708 287
82624 240
83544 115
84464 7
85376 39
86292 143
87212 248
88132 286
89048 225
89968 97
90888 7
91804 51
92724 159
93644 255
94556 284
95476 216
96392 81
97312 7
98232 63
99148 176
100068 255
100988 280
101904 199
102816 63
103736 7
104656 71
105572 192
106492 271
107412 271
108332 184
109248 49
110168 15
111088 88
112000 199
112916 280
113836 255
114756 167
115672 35
116592 17
117512 103
118428 216
119348 284
120268 255
121180 156
122100 24
123016 24
123936 115
124856 224
125772 284
126692 252
127612 135
128528 7
129440 31
130360 127
131280 240
132196 286
133116 240
134036 120
134956 7
135872 39
136792 143
137712 248
138624 287
139540 231
140460 103
141380 7
142296 49
143216 159
144136 255
145052 284
145972 216
146892 83
147804 7
148724 62
149640 174
150560 255
151480 280
152396 199
153316 63
154236 7
155152 71
156068 192
156984 271
157904 280
158824 192
159740 56
160660 12
161580 88
162496 199
163416 280
164336 271
165248 167
166164 39
167084 15
168004 99
168920 216
169840 281
170760 255
171676 152
172596 24
173516 24
174428 113
175348 225
176264 286
177184 252
178104 135
179020 15
179940 31
180860 127
181776 240
182692 287
183608 241
184528 124
185448 7
186364 39
187284 143
188204 248
189120 286
190040 227
190960 99
191872 7
192788 48
193708 159
194628 255
195544 284
196464 216
197384 88
198304 7
199220 62
200140 176
201052 255
201972 281
202888 199
203808 67
204728 7
205644 71
206564 192
207484 271
208400 275
209316 188
210232 56
211152 15
212072 88
212988 199
213908 280
214828 270
215744 167
216664 39
217584 15
218496 99
219412 216
220332 284
221252 255
222168 156
223088 24
224008 24
224928 113
225844 225
226764 286
227676 252
228596 135
229512 14
230432 31
231352 127
232268 240
233188 287
234108 240
235024 120
235940 12
236860 81
237780 199
238692 280
239608 271
240528 176
241448 39
242364 15
243284 96
244204 211
245120 280
246040 255
246960 156
247872 25
248792 24
249708 113
250628 224
251548 284
252464 252
253384 135
254304 14
255220 30
256132 127
257052 240
257972 287
258888 243
259808 120
260728 7
261644 39
262564 143
263484 248
264404 286
265316 227
266232 99
267152 7
268072 49
268988 159
269908 255
270828 284
271744 216
272664 83
273584 7
274496 62
275416 176
276332 255
277252 280
278172 199
279088 63
280008 7
280928 71
281844 192
282756 271
283676 271
284596 184
285512 49
286432 15
287352 92
288272 199
289188 280
290108 255
291028 167
291940 31
292856 17
293776 103
294696 220
295612 284
296532 255
297452 152
298368 19
299288 28
300208 120
301120 227
302040 286
302956 249
303876 127
304796 7
305712 31
306632 135
307552 240
308468 286
309380 238
310300 112
311220 7
312136 39
313056 152
313976 254
314896 287
315812 224
316732 96
317652 7
318564 56
319480 163
320400 255
321320 286
322236 207
323156 76
324076 7
324992 63
325912 184
326832 271
327744 280
328664 192
329580 56
330500 7
331420 79
332336 199
333256 280
334176 271
335092 176
336008 39
336924 15
337844 96
338760 209
339680 284
340600 255
341520 159
342436 24
343356 24
344276 112
345188 224
346104 286
347024 254
347944 135
348860 12
349780 30
350700 127
351616 240
352536 287
353456 240
354368 124
355288 7
356204 39
357124 143
358044 248
358960 286
359880 231
360800 99
361716 7
362632 48
363548 159
364468 255
365388 284
366304 216
367224 81
368144 7
369060 63
369980 176
370900 255
371812 280
372728 199
373648 63
374568 7
375484 71
376404 192
377324 271
378244 280
379160 184
380080 48
380992 14
381912 88
382828 204
383748 280
384668 255
385584 163
386504 31
387424 19
388340 103
389256 220
390172 284
391092 255
392012 152
392928 17
393848 28
394768 120
395684 231
396604 287
397524 248
398436 127
399352 7
400272 31
401192 135
402108 241
403028 287
403948 236
404868 112
405784 7
406704 46
407616 152
408536 255
409452 284
410372 224
411292 94
412208 7
413128 56
414048 167
414964 255
415880 284
416796 207
417716 71
418636 7
419552 67
420472 184
421392 271
422308 280
423228 192
424148 56
425060 14
425976 81
426896 195
427816 280
428732 271
429652 174
430572 39
431492 15
432408 97
433328 216
434240 284
435160 255
436076 156
436996 24
437916 24
438832 113
439752 224
440672 284
441588 254
442504 135
443420 14
444340 31
445260 127
446176 238
447096 286
448016 240
448932 120
449852 7
450772 39
451684 143
452600 248
453520 287
454440 227
455360 99
456276 7
457196 49
458116 159
459032 255
459952 286
460864 216
461784 83
462700 7
463620 63
464540 176
465456 255
466376 280
467296 195
468212 63
469128 7
470044 78
470964 216
471880 284
472800 255
473716 152
474636 19
475548 24
476468 120
477384 227
478304 286
479224 252
480144 127
481060 7
481980 31
482900 135
483812 241
484728 287
485648 240
486568 112
487484 7
488404 39
489324 152
490240 252
491160 286
492080 224
492992 96
493912 7
494828 56
495748 167
496668 255
497584 284
498504 207
499424 71
500340 7
501260 67
502172 184
503092 271
504008 280
504928 192
505848 56
506768 7
507684 81
508604 199
509524 280
510436 271
511352 176
512272 39
513192 15
514108 99
515028 216
515948 284
516864 255
517784 156
518704 24
519616 24
520536 113
521452 225
522372 286
523292 254
524208 135
525128 14
526048 31
526964 127
527884 240
528796 287
529716 240
530636 120
531552 7
532472 39
533392 145
534308 252
535228 286
536148 225
537060 96
537976 7
538896 51
539816 159
540732 255
541652 284
542572 216
543488 79
544408 7
545328 63
546240 177
547160 255
548076 280
548996 195
549916 63
550832 7
551752 79
552672 193
553588 271
554508 271
555420 176
556340 44
557260 15
558176 96
559096 207
560016 280
560932 255
561852 159
562772 28
563684 24
564600 112
565520 224
566440 286
567356 255
568276 143
569196 15
570116 30
571032 127
571952 236
572864 286
573784 241
574700 120
575620 7
576540 39
577456 143
578376 248
579296 287
580212 227
581132 103
582044 7
582964 48
583884 159
584800 255
585720 287
586640 216
587556 83
588476 7
589396 63
590308 176
591224 255
592144 280
593064 195
593980 63
594900 7
595820 79
596740 192
597656 271
598576 271
599488 184
600408 48
601324 15
602244 92
603164 207
604080 280
605000 255
605920 163
606836 31
607756 17
608668 103
609588 220
610508 284
611424 255
612344 143
613264 15
614180 28
615100 124
616020 231
616932 286
617852 248
618768 127
619688 7
620608 31
621524 135
622444 248
623364 287
624280 231
625200 112
626112 7
627032 46
627948 156
628868 255
629788 286
630704 224
631624 89
632544 7
633460 60
634380 167
635292 255
636212 280
637132 206
638048 71
638968 7
639888 67
640804 188
641724 271
642644 280
643556 192
644476 56
645392 14
646312 88
647232 199
648148 280
649068 271
649988 167
650904 35
651824 15
652736 99
653656 216
654572 280
655492 255
656412 152
657328 24
658248 24
659168 120
660088 227
661004 286
661916 254
662836 135
663756 12
664672 31
665592 127
666512 240
667428 286
668348 240
669268 120
670180 7
671100 39
672016 147
672936 252
673856 286
674772 224
675692 96
676612 7
677528 56
678448 163
679360 255
680280 284
681196 211
682116 79
683036 7
683952 63
684872 179
685792 255
686712 280
687628 195
688540 62
689460 7
690380 79
691296 193
692216 271
693136 271
694052 176
694972 39
695892 15
696804 96
697724 207
698640 280
699560 255
700480 159
701396 28
702316 24
703236 112
704152 224
705072 287
705988 206
706904 71
707816 7
708736 67
709656 188
710572 271
711492 280
712412 192
713328 56
714248 12
715168 88
716084 199
717000 280
717916 271
718836 167
719756 35
720672 15
721592 99
722512 216
723428 284
724348 255
725268 152
726180 24
727096 24
728016 120
728936 227
729852 287
730772 252
731692 127
732612 7
733528 31
734440 127
735360 241
736280 287
737196 240
738116 112
739036 7
739952 46
740872 152
741792 254
742708 286
743624 224
744540 94
745460 7
746380 56
747296 167
748216 255
749136 284
750052 207
750972 71
751892 7
752804 71
753720 184
754640 271
755560 280
756480 192
757396 56
758316 12
759236 88
760152 199
761064 280
761984 271
762904 172
763820 35
764740 15
765660 99
766576 216
767496 284
768416 255
769332 152
770248 24
771164 24
772084 120
773004 227
773920 287
774840 252
775760 127
776676 7
777596 31
778516 127
779428 240
780344 286
781264 236
782184 112
783104 7
784020 44
784940 152
785860 254
786776 286
787688 224
788608 96
789528 7
790444 56
791364 167
792284 255
793200 284
794120 207
795040 76
795960 7
796872 67
797788 184
798708 271
799628 280
800544 192
801464 56
802384 12
803300 88
804220 199
805140 280
806052 271
806968 167
807888 35
808808 15
809728 99
810644 216
811564 284
812484 255
813400 152
814312 24
815232 24
816152 120
817068 227
817988 287
818908 252
819824 127
820744 7
821664 31
822584 127
823496 240
824412 286
825332 240
826252 112
827168 7
828088 39
829008 152
829924 255
830844 287
831764 224
832676 96
833596 7
834512 56
835432 167
836352 255
837268 284
838188 207
839108 71
840024 7
840936 71
841856 184
842776 271
843692 275
844612 192
845532 56
846448 14
847368 83
848288 199
849208 280
850120 271
851036 174
851956 39
852876 15
853792 99
854712 216
855632 284
856548 255
857468 152
858388 24
859300 24
860220 120
861136 227
862056 286
862976 248
863892 127
864812 7
865732 31
866648 135
867560 240
868480 287
869400 240
870316 113
871236 7
872156 44
873076 152
873992 254
874912 287
875832 224
876744 96
877660 7
878580 56
879500 167
880416 255
881336 284
882256 207
883172 71
884092 7
885012 67
885924 184
886844 271
887760 280
888680 192
889600 56
890516 14
891436 83
892356 199
893272 280
894184 271
895104 176
896024 39
896940 15
897860 97
898780 216
899700 284
900616 255
901536 156
902456 24
903368 24
904284 113
905204 225
906124 286
907040 254
907960 135
908880 7
909796 31
910716 127
911636 240
912548 287
913468 240
914384 120
915304 7
916224 39
917140 152
918060 252
918980 287
919896 224
920812 96
921728 7
922648 56
923568 163
924484 255
925404 284
926324 207
927240 78
928160 7
929080 63
929992 184
930908 270
931828 280
932748 193
933664 60
934584 7
935504 79
936420 195
937340 280
938260 271
939172 176
940092 39
941012 30
941928 126
942848 231
943768 286
944680 243
945600 124
946516 7
947436 35
948356 143
949272 248
950192 287
951112 231
952028 103
952948 7
953860 48
954780 159
955696 255
956616 286
957536 216
958456 83
959372 7
960292 63
961212 176
962124 255
963040 280
963960 199
964880 63
965796 7
966716 78
967636 192
968552 275
969472 271
970392 179
971304 48
972224 15
973140 96
974060 207
974980 280
975896 255
976816 159
977736 28
978652 24
979572 112
980484 224
981404 284
982320 255
983240 142
984160 15
985080 30
985996 127
986916 231
987836 287
988748 248
989664 126
990584 7
991504 39
992420 143
993340 248
994260 287
995176 231
996096 103
997016 7
997928 49
998848 159
999764 255
1000684 284
1001604 216
1002520 79
1003440 7
1004360 63
1005276 177
1006196 255
1007108 280
1008028 195
1008944 63
1009864 7
1010784 78
1011704 192
1012620 275
1013540 271
1014460 184
1015372 48
1016288 15
1017208 92
1018128 207
1019044 280
1019964 255
1020884 159
1021800 28
1022720 24
1023640 112
1024552 224
1025472 286
1026388 255
1027308 142
1028228 15
1029144 30
1030064 127
1030984 240
1031900 287
1032820 241
1033732 124
1034652 7
1035572 39
1036488 143
1037408 248
1038328 286
1039244 227
1040164 99
1041084 7
1041996 49
1042912 159
1043832 255
1044752 284
1045668 216
1046588 79
1047508 7
1048424 63
1049344 179
1050264 270
1051176 280
1052096 195
1053012 63
1053932 7
1054852 79
1055768 193
1056688 275
1057608 271
1058524 177
1059444 39
1060356 15
1061276 96
1062196 207
1063112 280
1064032 255
1064952 159
1065868 28
1066788 24
1067708 112
1068620 224
1069536 286
1070456 255
1071376 142
1072292 14
1073212 31
1074132 127
1075052 240
1075968 287
1076888 241
1077800 120
1078720 7
1079636 39
1080556 143
1081476 248
1082392 286
1083312 225
1084232 97
1085148 7
1086068 56
1086980 159
1087900 255
1088820 284
1089736 216
1090656 79
1091576 7
1092492 63
1093412 179
1094332 270
1095244 280
1096160 195
1097080 62
1098000 12
1098916 79
1099836 195
1100756 275
1101676 271
1102592 176
1103512 39
1104424 15
1105344 96
1106260 211
1107180 284
1108100 255
1109016 159
1109936 24
1110856 24
1111772 112
1112692 225
1113604 287
1114524 255
1115444 135
1116360 12
1117280 31
1118200 127
1119116 240
1120036 287
1120956 240
1121868 120
1122784 7
1123704 39
1124624 152
1125544 252
1126460 286
1127380 224
1128300 97
1129216 7
1130136 56
1131048 163
1131968 255
1132884 286
1133804 209
1134724 79
1135640 7
1136560 63
1137480 184
1138396 270
1139316 280
1140228 193
1141148 56
1142068 12
1142984 81
1143904 199
1144824 275
1145740 271
1146660 176
1147580 39
1148492 15
1149408 97
1150328 216
1151248 284
1152168 255
1153084 158
1154004 24
1154924 24
1155840 113
1156760 227
1157672 286
1158592 254
1159508 135
1160428 7
1161348 31
1162264 127
1163184 240
1164104 287
1165024 240
1165940 113
1166852 7
1167772 39
1168692 152
1169608 254
1170528 287
1171448 224
1172364 96
1173284 7
1174204 56
1175116 167
1176036 271
1176948 280
1177868 192
1178784 51
1179704 15
1180620 88
1181540 199
1182460 280
1183380 255
1184296 167
1185216 31
1186128 17
1187048 103
1187964 220
1188884 284
1189804 255
1190720 147
1191640 17
1192560 28
1193476 120
1194396 231
1195308 287
1196228 248
1197148 127
1198064 7
1198984 35
1199904 135
1200820 248
1201740 286
1202660 231
1203572 103
1204488 7
1205408 48
1206328 158
1207244 255
1208164 286
1209084 216
1210004 88
1210920 7
1211840 62
1212752 176
1213672 255
1214588 284
1215508 199
1216428 63
1217344 7
1218264 71
1219184 192
1220100 271
1221020 271
1221932 184
1222852 48
1223772 14
1224688 92
1225608 207
1226528 280
1227444 255
1228364 163
1229284 30
1230196 19
1231112 103
1232032 224
1232952 286
1233872 255
1234788 143
1235708 15
1236628 28
1237544 124
1238464 231
1239376 287
1240296 248
1241212 124
1242132 7
1243052 35
1243968 143
1244888 248
1245808 287
1246724 227
1247644 103
1248556 7
1249476 48
1250396 159
1251312 255
1252232 286
1253152 216
1254068 83
1254988 7
1255908 63
1256820 176
1257736 255
1258656 280
1259576 195
1260496 63
1261412 7
1262332 78
1263252 192
1264168 271
1265088 271
1266000 177
1266920 46
1267836 15
1268756 96
1269676 207
1270592 280
1271512 255
1272432 159
1273352 28
1274268 19
1275180 112
1276100 224
1277020 286
1277936 255
1278856 142
1279776 14
1280692 31
1281612 127
1282532 238
1283444 286
1284360 241
1285280 120
1286200 7
1287120 39
1288036 143
1288956 248
1289876 287
1290792 227
1291712 97
1292624 7
1293544 51
1294460 159
1295380 255
1296300 284
1297216 211
1298136 79
1299056 7
1299976 63
1300892 177
1301804 255
1302724 280
1303644 193
1304560 62
1305480 12
1306400 79
1307316 195
1308236 280
1309156 271
1310068 176
1310988 39
1311904 15
1312824 96
1313744 209
1314660 284
1315580 255
1316500 159
1317416 24
1318336 24
1319248 112
1320168 224
1321084 284
1322004 254
1322924 135
1323844 12
1324760 31
1325680 127
1326600 240
1327516 287
1328428 240
1329348 120
1330268 7
1331184 39
1332104 147
1333024 252
1333940 287
1334860 227
1335780 96
1336692 7
1337612 56
1338528 163
1339448 255
1340368 284
1341284 207
1342204 71
1343124 7
1344040 63
1344960 184
1345872 271
1346792 280
1347708 192
1348628 56
1349548 12
1350468 83
1351384 199
1352304 280
1353224 271
1354140 174
1355052 39
1355972 15
1356892 97
1357808 216
1358728 284
1359648 255
1360564 152
1361484 24
1362404 24
1363316 120
1364236 227
1365152 286
1366072 252
1366992 127
1367908 7
1368828 31
1369748 135
1370664 241
1371584 287
1372496 240
1373416 113
1374332 7
1375252 39
1376172 152
1377092 254
1378008 287
1378928 224
1379848 94
1380764 7
1381676 56
1382596 167
1383516 255
1384432 280
1385352 206
1386272 71
1387188 7
1388108 71
1389028 188
1389940 271
1390860 280
1391776 192
1392696 56
1393616 14
1394532 88
1395452 199
1396372 280
1397288 271
1398208 167
1399120 35
1400040 17
1400960 103
1401876 216
1402796 284
1403716 255
1404632 152
1405552 17
1406472 28
1407388 120
1408300 231
1409220 287
1410140 248
1411060 79
1411976 7
1412896 63
1413816 184
1414732 271
1415648 280
1416564 193
1417484 60
1418404 14
1419320 79
1420240 199
1421160 280
1422076 271
1422996 176
1423916 39
1424828 15
1425744 96
1426664 211
1427584 284
1428500 255
1429420 156
1430340 24
1431260 24
1432176 113
1433088 225
1434008 287
1434928 252
1435844 135
1436764 7
1437684 31
1438600 127
1439520 240
1440440 287
1441356 240
1442272 115
1443188 7
1444108 44
1445028 152
1445944 254
1446864 287
1447784 224
1448700 96
1449620 7
1450540 56
1451452 167
1452368 255
1453288 284
1454208 207
1455128 71
1456044 7
1456964 71
1457884 184
1458800 271
1459712 280
1460632 192
1461552 56
1462468 14
1463388 88
1464308 199
1465224 280
1466144 271
1467064 167
1467980 35
1468896 15
1469812 99
1470732 216
1471652 284
1472568 255
1473488 152
1474408 17
1475324 28
1476244 120
1477164 231
1478076 287
1478992 248
1479912 127
1480832 7
1481752 31
1482668 135
1483588 243
1484508 287
1485424 231
1486336 110
1487256 7
1488176 46
1489092 156
1490012 255
1490932 287
1491848 220
1492768 88
1493688 7
1494608 60
1495520 172
1496436 255
1497356 284
1498276 199
1499192 63
1500112 7
1501032 71
1501948 192
1502868 271
1503788 275
1504700 184
1505620 48
1506536 14
1507456 92
1508376 206
1509292 280
1510212 255
1511132 163
1512048 31
1512960 19
1513880 103
1514800 220
1515716 284
1516636 255
1517556 143
1518472 15
1519392 28
1520312 126
1521232 231
1522144 286
1523060 248
1523980 126
1524900 7
1525816 35
1526736 143
1527656 248
1528572 287
1529492 231
1530412 103
1531324 7
1532244 49
1533160 159
1534080 255
1535000 284
1535916 216
1536836 81
1537756 7
1538672 63
1539584 176
1540504 255
1541424 280
1542340 195
1543260 63
1544180 12
1545100 79
1546016 192
1546936 273
1547856 271
1548768 184
1549684 48
1550604 15
1551524 96
1552440 207
1553360 280
1554280 255
1555196 159
1556116 28
1557036 24
1557948 112
1558868 224
1559784 286
1560704 255
1561624 142
1562540 15
1563460 31
1564380 127
1565296 238
1566208 287
1567128 243
1568048 124
1568964 7
1569884 39
1570804 143
1571724 248
1572640 287
1573560 227
1574480 99
1575392 7
1576308 49
1577228 159
1578148 255
1579064 284
1579984 216
1580904 79
1581820 7
1582740 63
1583660 177
1584572 255
1585492 280
1586408 195
1587328 63
1588248 7
1589164 79
1590084 193
1591004 275
1591920 271
1592836 177
1593752 39
1594672 15
1595588 96
1596508 207
1597428 280
1598348 255
1599264 159
1600184 28
1601104 24
1602016 112
1602932 224
1603852 286
1604772 255
1605688 140
1606608 14
1607528 31
1608444 127
1609364 240
1610284 287
1611196 240
1612116 120
1613032 7
1613952 39
1614872 145
1615788 252
1616708 286
1617628 225
1618544 96
1619460 7
1620376 56
1621296 163
1622216 255
1623132 284
1624052 207
1624972 78
1625888 7
1626808 63
1627728 184
1628640 270
1629556 280
1630476 192
1631396 60
1632312 14
1633232 81
1634152 195
1635072 280
1635988 271
1636908 174
1637820 39
1638740 15
1639656 97
1640576 216
1641496 284
1642412 255
1643332 156
1644252 24
1645168 24
1646084 159
1647004 255
1647920 284
1648832 216
1649752 88
1650672 7
1651588 63
1652508 176
1653428 255
1654348 284
1655264 199
1656184 63
1657104 7
1658016 76
1658932 192
1659852 271
1660772 271
1661688 179
1662608 48
1663528 15
1664444 96
1665364 207
1666276 280
1667196 255
1668116 159
1669032 30
1669952 24
1670872 112
1671788 224
1672708 286
1673628 255
1674544 143
1675456 15
1676376 30
1677296 127
1678212 238
1679132 287
1680052 241
1680972 120
1681888 7
1682808 39
1683728 143
1684640 248
1685556 286
1686476 225
1687396 97
1688312 7
1689232 56
1690152 163
1691068 255
1691988 284
1692900 216
1693820 79
1694740 7
1695656 63
1696576 179
1697496 270
1698412 280
1699332 193
1700252 60
1701168 7
1702084 79
1703000 195
1703920 275
1704840 271
1705756 176
1706676 39
1707596 15
1708512 99
1709432 216
1710352 284
1711264 255
1712180 156
1713100 24
1714020 24
1714936 115
1715856 227
1716776 286
1717696 252
1718612 135
1719524 7
1720444 31
1721364 127
1722280 240
1723200 287
1724120 240
1725036 112
1725956 7
1726876 39
1727792 152
1728708 254
1729624 287
1730544 224
1731464 96
1732380 7
1733300 56
1734220 167
1735136 255
1736056 284
1736976 207
1737888 71
1738804 7
1739724 71
1740644 185
1741560 271
1742480 280
1743400 184
1744320 51
1745236 15
1746148 88
1747068 199
1747988 280
1748904 255
1749824 167
1750744 35
1751660 17
1752580 103
1753500 220
1754416 284
1755332 255
1756248 152
1757168 19
1758088 24
1759004 120
1759924 231
1760844 287
1761760 248
1762680 127
1763600 7
1764512 31
1765428 135
1766348 248
1767268 287
1768184 231
1769104 103
1770024 7
1770944 48
1771860 158
1772772 255
1773692 286
1774612 220
1775528 88
1776448 7
1777368 60
1778284 174
1779204 255
1780124 284
1781040 199
1781956 63
1782872 7
1783792 71
1784712 192
1785628 271
1786548 275
1787468 184
1788384 48
1789304 15
1790224 94
1791136 207
1792052 281
1792972 255
1793892 163
1794812 31
1795728 19
1796648 103
1797568 224
1798484 286
1799396 255
1800316 143
1801236 15
1802152 28
1803072 127
1803992 231
1804908 287
1805828 248
1806748 124
1807664 7
1808580 39
1809496 143
1810416 248
1811336 287
1812252 231
1813172 103
1814092 7
1815008 49
1815928 159
1816848 255
1817760 286
1818676 216
1819596 83
1820516 7
1821436 63
1822352 177
1823272 255
1824192 280
1825108 195
1826020 63
1826940 7
1827860 79
1828776 193
1829696 275
1830616 271
1831532 179
1832452 48
1833372 15
1834292 96
1835204 207
1836120 280
1837040 255
1837960 159
1838876 28
1839796 24
1840716 112
1841632 224
1842552 284
1843472 254
1844384 135
1845304 14
1846220 30
1847140 127
1848060 240
1848976 287
1849896 240
1850816 120
1851732 7
1852644 39
1853564 143
1854484 248
1855400 287
1856320 227
1857240 97
1858156 7
1859076 56
1859996 163
1860916 255
1861828 284
1862744 207
1863664 78
1864584 7
1865500 63
1866420 184
1867340 271
1868256 280
1869176 192
1870096 56
1871008 12
1871928 81
1872844 195
1873764 280
1874684 271
1875600 176
1876520 39
1877440 15
1878356 97
1879268 216
1880188 284
