60 63
124 81
184 103
248 120
312 135
372 156
436 167
496 188
560 199
620 216
684 225
748 241
808 254
872 255
932 280
996 287
1060 304
1124 316
1188 319
1248 335
1312 348
1372 355
1436 368
1496 384
1560 384
1624 391
1684 399
1748 412
1808 415
1872 428
1932 433
1996 448
2064 451
2128 460
2188 467
2252 476
2312 481
2376 487
2436 496
2500 504
2564 511
2624 515
2688 524
2748 527
2812 536
2872 543
2936 547
3000 551
3068 560
3128 568
3192 572
3252 575
3316 575
3380 588
3440 591
3504 600
3564 604
3628 608
3688 611
3752 615
3812 624
3876 632
3940 632
4000 638
4064 639
4132 639
4192 639
4256 654
4320 655
4380 664
4444 664
4504 670
4568 671
4628 671
4692 679
4756 684
4816 688
4880 689
4940 696
5004 696
5064 704
5132 704
5196 707
5260 711
5320 711
5384 718
5444 719
5508 719
5568 728
5632 728
5696 732
5756 736
5820 736
5880 737
5944 743
6004 743
6068 743
6136 748
6200 768
6260 768
6324 768
6384 768
6448 768
6508 768
6572 768
6636 768
6696 768
6760 768
6820 768
6884 768
6944 743
7008 743
7072 737
7132 736
7200 728
7264 719
7324 711
7388 705
7452 704
7512 688
7576 679
7636 668
7700 655
7760 639
7824 632
7884 615
7948 600
8012 575
8072 568
8136 543
8204 527
8264 508
8328 487
8392 467
8452 448
8516 423
8576 399
8640 384
8700 353
8764 327
8828 304
8888 284
8952 255
9012 231
9076 207
9136 177
9204 152
9268 124
9332 97
9392 71
9456 48
9516 17
9580 7
9640 1
9704 1
9768 1
9828 1
9892 3
9952 3
10016 3
10076 3
10140 7
10204 7
10272 7
10332 7
10396 14
10456 15
10520 17
10584 24
10644 28
10708 31
10768 35
10832 48
10892 49
10956 60
11016 63
11080 71
11144 83
11204 92
11272 103
11336 112
11396 124
11460 127
11524 142
11584 152
11648 159
11708 167
11772 184
11832 192
11896 199
11960 216
12020 224
12084 231
12144 240
12208 252
12276 255
12340 270
12400 280
12464 287
12524 295
12588 304
12648 312
12712 316
12772 319
12836 327
12900 335
12960 344
13024 348
13084 352
13148 355
13208 359
13272 368
13340 368
13404 376
13464 384
13528 384
13588 384
13652 384
13716 384
13776 384
13840 384
13900 384
13964 384
14024 384
14088 384
14148 384
14212 376
14276 368
14344 366
14404 359
14468 355
14528 352
14592 344
14656 339
14716 327
14780 319
14840 318
14904 312
14964 295
15028 291
15092 280
15152 271
15216 255
15276 255
15344 241
15408 227
15472 220
15532 207
15596 195
15656 184
15720 176
15780 159
15844 152
15904 135
15968 124
16032 112
16088 92
16152 79
16212 63
16276 56
16336 39
16404 30
16468 15
16532 7
16592 7
16656 7
16716 3
16780 3
16840 3
16904 3
16968 7
17028 7
17092 7
17152 7
17216 7
17276 14
17340 15
17408 19
17472 24
17532 24
17596 30
17656 31
17720 35
17780 39
17844 48
17908 56
17968 60
18032 63
18092 71
18156 79
18216 88
18280 92
18344 99
18404 103
18472 113
18536 120
18596 127
18660 135
18724 143
18784 152
18848 159
18908 167
18972 176
19032 184
19096 192
19156 199
19220 207
19284 216
19344 224
19408 225
19476 231
19536 240
19600 248
19664 254
19724 255
19788 255
19848 255
19912 271
19972 280
20036 284
20100 287
20160 287
20224 295
20284 295
20348 302
20408 304
20476 304
20540 304
20604 312
20664 307
20728 312
20788 312
20852 312
20912 312
20976 312
21040 307
21100 304
21164 305
21224 304
21288 304
21348 295
21412 291
21476 287
21544 284
21604 280
21668 275
21728 271
21792 255
21856 255
21916 252
21980 248
22040 240
22104 231
22164 224
22228 220
22288 207
22352 199
22416 193
22476 188
22544 179
22608 167
22668 159
22732 152
22796 143
22856 127
22920 127
22980 115
23044 103
23104 97
23168 92
23232 79
23292 71
23356 63
23416 51
23480 46
23540 35
23612 28
23672 24
23736 15
23796 7
23860 7
23920 7
23984 7
24044 7
24108 7
24172 7
24232 7
24296 7
24356 12
24420 14
24480 15
24544 15
24612 19
24676 24
24736 24
24800 30
24860 31
24924 39
24988 39
25048 48
25112 49
25172 56
25236 63
25296 63
25360 71
25420 79
25484 88
25548 96
25616 99
25676 108
25740 113
25800 124
25864 127
25928 135
25988 143
26052 152
26112 158
26176 163
26236 167
26300 177
26364 188
26424 192
26488 199
26548 206
26612 216
26680 217
26744 224
26804 227
26868 231
26928 240
26992 248
27052 252
27116 255
27176 255
27240 255
27304 255
27364 271
27428 273
27488 280
27552 280
27612 284
27684 284
27744 287
27808 287
27868 287
27932 287
27992 287
28056 287
28120 287
28180 287
28244 287
28304 286
28368 286
28428 284
28492 280
28552 280
28616 271
28684 271
28748 255
28808 255
28872 255
28932 255
28996 252
29060 248
29120 240
29184 231
29244 227
29308 220
29368 216
29432 207
29492 199
29556 192
29620 192
29680 184
29748 167
29812 159
29872 156
29936 147
30000 135
30060 127
30124 124
30184 115
30248 103
30308 99
30372 92
30436 81
30496 71
30560 63
30620 60
30684 51
30752 39
30816 35
30876 30
30940 24
31000 17
31064 14
31124 7
31188 7
31248 7
31312 7
31376 7
31436 7
31500 7
31560 7
31624 14
31684 14
31756 15
31816 15
31880 19
31940 24
32004 24
32064 30
32124 31
32188 35
32248 39
32312 48
32372 51
32436 56
32496 63
32560 63
32624 71
32692 79
32752 88
32816 96
32876 99
32940 103
33004 112
33064 120
33128 127
33188 135
33252 142
33312 152
33376 156
33440 159
33500 167
33564 176
33624 184
33692 192
33756 195
33820 199
33880 207
33944 216
34004 220
34068 224
34128 231
34192 236
34252 240
34316 248
34380 252
34440 255
34504 255
34564 255
34628 255
34688 271
34760 271
34820 280
34884 280
34944 280
35008 284
35068 284
35132 286
35196 284
35256 287
35320 286
35380 287
35444 284
35504 286
35568 280
35628 284
35692 280
35760 280
35824 271
35884 271
35948 255
36008 255
36072 255
36136 255
36196 255
36260 248
36320 243
36384 240
36444 231
36508 225
36572 224
36632 216
36696 207
36764 199
36824 192
36888 188
36952 177
37012 172
37076 159
37136 156
37200 143
37260 142
37324 127
37384 126
37448 115
37512 112
37572 99
37636 96
37696 88
37760 79
37828 67
37892 62
37952 56
38016 48
38076 39
38140 31
38200 30
38264 24
38328 15
38388 14
38452 7
38512 7
38576 7
38636 7
38700 7
38760 7
38832 7
38892 12
38956 12
39016 15
39080 15
39140 17
39204 24
39268 24
39328 28
39392 31
39452 35
39516 35
39576 44
39640 48
39704 56
39764 56
39832 62
39896 67
39956 71
40020 79
40084 88
40144 96
40208 97
40268 103
40332 112
40392 120
40456 126
40516 127
40580 142
40644 145
40704 156
40768 159
40828 167
40896 176
40960 184
41024 192
41084 193
41148 199
41208 207
41272 216
41332 220
41396 224
41460 227
41520 231
41584 240
41644 243
41708 248
41768 252
41832 255
41900 255
41964 255
42024 255
42088 271
42148 271
42212 271
42272 280
42336 280
42400 280
42460 280
42524 284
42584 284
42648 284
42708 284
42772 280
42836 280
42904 280
42964 280
43028 280
43088 271
43152 271
43216 255
43276 255
43340 255
43400 255
43464 254
43524 252
43588 243
43648 240
43712 231
43776 227
43836 224
43900 216
43968 207
44028 199
44092 195
44156 192
44216 184
44280 176
44340 167
44404 159
44464 156
44528 143
44592 135
44652 127
44716 124
44776 113
44840 103
44900 99
44968 92
45032 81
45096 71
45156 63
45220 60
45280 56
45344 48
45404 39
45468 31
45532 28
45592 24
45656 15
45716 15
45780 7
45840 7
45904 7
45968 7
46036 7
46096 7
46160 7
46220 12
46284 14
46348 15
46408 15
46472 17
46532 19
46596 24
46656 28
46720 30
46780 31
46844 35
46908 39
46968 48
47036 56
47100 56
47160 63
47224 67
47288 71
47348 79
47412 88
47472 96
47536 99
47596 103
47660 112
47724 120
47784 127
47848 127
47908 142
47972 145
48040 156
48104 159
48168 163
48228 172
48292 179
48352 184
48416 192
48480 195
48540 206
48604 207
48664 216
48728 224
48788 225
48852 231
48916 240
48984 241
49044 248
49108 252
49168 255
49232 255
49296 255
49356 255
49420 270
49480 271
49544 271
49604 275
49668 280
49728 280
49792 280
49856 280
49916 284
49984 284
50048 284
50108 284
50172 284
50236 280
50296 280
50360 280
50420 271
50484 271
50544 270
50608 255
50672 255
50732 255
50796 255
50856 252
50920 248
50988 240
51052 231
51112 231
51176 224
51236 220
51300 216
51360 207
51424 199
51484 192
51548 188
51612 177
51672 174
51736 159
51796 158
51860 152
51920 140
51984 127
52048 124
52112 120
52176 110
52236 99
52300 96
52360 88
52424 79
52484 71
52548 63
52608 56
52672 49
52736 39
52796 35
52860 30
52920 24
52984 17
53052 15
53112 12
53176 7
53240 7
53300 7
53364 7
53424 7
53488 7
53548 7
53612 14
53676 15
53736 15
53800 15
53860 19
53924 24
53984 24
54052 30
54116 31
54180 39
54240 39
54304 48
54364 51
54428 56
54488 63
54552 63
54616 71
54676 79
54740 88
54800 92
54864 96
54924 103
54988 112
55048 120
55120 126
55180 127
55244 135
55304 143
55368 152
55428 159
55492 163
55556 174
55616 179
55680 188
55740 192
55804 199
55864 206
55928 207
55992 216
56052 224
56120 225
56184 231
56244 240
56308 241
56372 248
56432 252
56496 255
56556 255
56620 255
56680 255
56744 270
56804 271
56868 271
56932 275
56992 280
57056 280
57124 280
57184 284
57248 284
57312 284
57372 284
57436 284
57496 280
57560 280
57620 280
57684 280
57748 271
57808 271
57872 270
57932 255
57996 255
58056 255
58120 255
58188 252
58252 248
58312 240
58376 236
58436 227
58500 224
58560 220
58624 216
58688 207
58748 199
58812 193
58872 188
58936 184
58996 172
59060 167
59124 159
59192 147
59252 143
59316 127
59376 127
59440 120
59504 112
59564 103
59628 96
59688 88
59752 79
59812 71
59876 63
59936 56
60000 49
60064 39
60124 39
60192 31
60256 24
60316 17
60380 15
60444 14
60504 7
60568 7
60628 7
60692 7
60752 7
60816 7
60880 7
60940 12
61004 14
61064 15
61128 15
61188 17
61256 24
61320 25
61384 30
61444 31
61508 35
61568 39
61632 46
61692 48
61756 56
61820 60
61880 63
61944 71
62004 78
62068 83
62128 88
62192 96
62260 103
62324 112
62384 120
62448 126
62508 127
62572 135
62636 143
62696 152
62760 158
62820 163
62884 172
62944 176
63008 184
63068 192
63132 195
63196 199
63264 207
63324 216
63388 224
63448 227
63512 231
63576 240
63636 241
63700 248
63760 252
63824 255
63884 255
63948 255
64012 255
64072 271
64136 271
64196 273
64260 280
64328 280
64392 284
64452 281
64516 284
64576 284
64640 284
64704 286
64764 284
64828 284
64888 280
64952 280
65012 280
65076 280
65136 271
65200 271
65264 255
65332 255
65392 255
65456 255
65516 254
65580 248
65644 241
65704 238
65768 231
65828 224
65892 220
65952 216
66016 207
66080 199
66140 193
66204 185
66264 177
66328 167
66396 159
66460 156
66520 152
66584 142
66644 127
66708 127
66768 120
66832 112
66892 103
66956 96
67020 88
67080 79
67144 71
67204 63
67268 56
67328 48
67400 39
67460 31
67524 30
67584 24
67648 17
67708 14
67772 7
67836 7
67896 7
67960 7
68020 7
68084 7
68144 7
68208 7
68268 14
68332 15
68400 15
68464 19
68524 19
68588 24
68648 28
68712 30
68776 31
68836 35
68900 39
68960 44
69024 49
69084 56
69148 62
69212 63
69272 71
69336 78
69396 88
69464 92
69528 97
69592 103
69652 112
69716 120
69776 126
69840 127
69900 135
69964 147
70024 152
70088 159
70152 163
70212 174
70276 179
70336 184
70400 192
70468 199
70532 206
70592 207
70656 216
70716 224
70780 227
70840 231
70904 240
70968 241
71028 248
71092 252
71152 255
71216 255
71276 255
71340 255
71400 255
71472 271
71532 271
71596 280
71656 280
71720 280
71780 280
71844 284
71908 280
71968 284
72032 284
72092 280
72156 280
72216 280
72280 280
72344 271
72404 271
72468 271
72532 270
72596 255
72660 255
72720 255
72784 255
72844 252
72908 248
72968 240
73032 231
73092 227
73156 224
73220 216
73280 209
73344 199
73404 199
73468 192
73536 184
73596 177
73660 167
73724 163
73784 156
73848 152
73908 135
73972 127
74032 124
74096 113
74160 110
74220 99
74284 96
74344 81
74408 78
74468 67
74536 63
74600 56
74664 48
74724 39
74788 35
74848 30
74912 24
74972 15
75036 15
75100 7
75160 7
75224 7
75284 7
75348 7
75408 7
75472 7
75532 7
75604 14
75664 15
75728 15
75788 17
75852 19
75912 24
75976 28
76040 31
76100 31
76164 35
76224 39
76288 48
76348 49
76412 56
76476 62
76536 63
76604 71
76668 79
76728 83
76792 92
76856 96
76916 103
76980 112
77040 120
77104 124
77164 127
77228 135
77288 143
77352 152
77416 159
77476 167
77540 176
77608 177
77668 188
77732 193
77796 199
77856 207
77920 209
77980 216
78044 224
78104 227
78168 231
78232 240
78292 241
78356 248
78416 252
78480 255
78540 255
78604 255
78672 255
78736 271
78796 271
78860 275
78920 280
78984 280
79044 280
79108 284
79172 284
79232 284
79296 284
79356 284
79420 284
79480 281
79544 280
79608 280
79676 280
79736 271
79800 271
79860 270
79924 255
79988 255
80048 255
80112 255
80172 252
80240 241
80304 240
80364 231
80428 227
80488 224
80552 216
80612 207
80676 199
80740 193
80800 192
80864 184
80924 176
80988 167
81056 159
81120 152
81180 143
81244 135
81304 127
81368 120
81428 110
81492 103
81556 96
81616 88
81680 79
81740 71
81804 63
81864 60
81928 56
81988 48
82052 39
82120 31
82184 28
82244 19
82308 15
82368 12
82432 7
82496 7
82556 7
82620 7
82680 7
82744 7
82804 7
82868 12
82932 14
82992 15
83056 15
83124 17
83184 24
83248 24
83312 30
83372 31
83436 35
83496 39
83560 46
83620 48
83684 56
83744 60
83808 63
83872 67
83932 76
83996 79
84056 88
84124 96
84188 103
84252 112
84312 113
84376 124
84436 127
84500 135
84560 143
84624 152
84688 158
84748 159
84812 167
84872 176
84936 184
84996 192
85060 195
85120 199
85192 207
85252 216
85316 224
85376 225
85440 231
85500 238
85564 240
85628 248
85688 252
85752 255
85812 255
85876 255
85936 255
86000 255
86064 271
86124 271
86192 280
86256 280
86316 280
86380 280
86444 284
86504 284
86568 284
86628 284
86692 284
86752 284
86816 284
86876 280
86940 280
87004 280
87064 271
87128 271
87188 255
87256 255
87320 255
87384 255
87444 254
87508 248
87568 241
87632 240
87692 231
87756 227
87820 224
87880 216
87944 207
88004 204
88068 195
88128 192
88192 184
88260 176
88324 167
88384 159
88448 152
88508 143
88572 135
88632 127
88696 124
88760 113
88820 103
88884 97
88944 92
89008 83
89068 71
89132 63
89196 60
89264 56
89324 46
89388 39
89448 31
89512 28
89576 24
89636 15
89700 14
89760 7
89824 7
89884 7
89948 7
90008 7
90072 7
90136 7
90196 12
90260 14
90328 15
90388 15
90452 17
90516 24
90576 24
90640 28
90700 31
90764 31
90824 35
90888 39
90952 48
91012 51
91076 60
91136 63
91200 67
91260 71
91328 81
91392 88
91456 96
91516 99
91580 110
91640 113
91704 124
91764 127
91828 135
91892 143
91952 152
92016 156
92076 159
92140 167
92200 176
92264 184
92332 192
92396 195
92456 199
92520 207
92580 216
92644 224
92708 224
92768 231
92832 231
92892 240
92956 248
93016 252
93080 255
93140 255
93204 255
93268 255
93328 255
93396 271
93460 271
93520 275
93584 280
93648 280
93708 280
93772 284
93832 280
93896 284
93956 284
94020 284
94084 280
94144 284
94208 280
94268 280
94332 280
94400 271
94464 271
94524 255
94588 255
94648 255
94712 255
94772 254
94836 252
94896 248
94960 240
95024 231
95084 227
95148 224
95208 216
95272 207
95332 199
95404 195
95464 192
95528 184
95588 176
95652 167
95712 159
95776 152
95840 143
95900 135
95964 127
96024 120
96088 112
96148 103
96212 96
96272 88
96332 79
96396 71
96456 63
96520 60
96584 51
96644 44
96708 39
96768 31
96832 28
96892 19
96956 15
97020 12
97080 7
97148 7
97212 7
97272 7
97336 7
97400 7
97460 7
97524 12
97584 14
97648 15
97708 15
97772 19
97832 24
97896 24
97960 28
98020 31
98084 35
98152 39
98212 39
98276 48
98340 56
98400 60
98464 63
98524 71
98588 78
98648 83
98712 92
98776 96
98836 103
98900 112
98960 115
99024 124
99084 127
99148 135
99216 143
99280 152
99340 158
99404 163
99464 167
99528 177
99588 184
99652 192
99716 195
99776 206
99840 207
99900 216
99964 224
100024 225
100088 231
100152 240
100220 241
100280 248
100344 254
100404 255
100468 255
100532 255
100592 255
100656 270
100716 271
100780 271
100840 275
100904 280
100964 280
101028 284
101092 284
101152 284
101220 286
101284 286
101344 284
101408 284
101472 284
101532 280
101596 280
101656 280
101720 271
101780 271
101844 271
101908 255
101968 255
102032 255
102092 254
102156 248
102216 241
102284 240
102348 231
102412 227
102472 224
102536 216
102596 207
102660 199
102720 192
102784 192
102848 184
102908 176
102972 163
103032 159
103096 152
103156 143
103220 135
103288 127
103352 120
103412 112
103476 103
103536 96
103600 92
103664 79
103724 71
103788 63
103848 60
103912 49
103972 46
104036 35
104096 31
104160 24
104224 17
104292 15
104352 7
104416 7
104476 7
104540 7
104604 7
104664 7
104728 7
104788 7
104852 14
104912 15
104976 15
105040 15
105100 19
105164 24
105224 28
105288 28
105356 31
105420 35
105480 39
105544 46
105604 48
105668 56
105728 60
105792 63
105852 71
105916 79
105980 79
106040 92
106104 96
106164 103
106228 110
106288 120
106360 126
106420 127
106484 135
106544 143
106608 152
106668 158
106732 163
106796 167
106856 177
106920 184
106980 192
107044 195
107104 199
107168 207
107228 216
107292 224
107356 225
107424 231
107484 238
107548 240
107608 248
107672 252
107736 255
107796 255
107860 255
107920 255
107984 270
108044 271
108108 271
108172 275
108232 280
108296 280
108356 280
108424 280
108488 284
108552 284
108612 280
108676 280
108736 280
108800 280
108860 280
108924 275
108984 271
109048 271
109112 255
109172 255
109236 255
109296 255
109360 255
109428 252
109492 248
109552 240
109616 231
109676 231
109740 224
109800 220
109864 216
109928 206
109988 199
110052 192
110112 192
110176 176
110236 174
110300 159
110360 156
110424 147
110492 135
110556 127
110616 124
110680 120
110740 103
110804 99
110868 92
110928 88
110992 79
111052 71
111116 63
111176 56
111240 48
111304 39
111364 35
111428 30
111496 24
111556 15
111620 14
111684 7
111744 7
111808 7
111868 7
111932 7
111992 7
112056 7
112116 7
112180 14
112244 14
112312 15
112372 17
112436 19
112496 24
112560 24
112624 31
112684 31
112748 39
112808 39
112872 48
112940 56
113000 56
113064 63
113128 63
113188 71
113252 79
113312 88
113376 96
113436 97
113500 103
113564 112
113624 120
113688 126
113748 127
113812 142
113872 145
113936 156
114004 159
114068 167
114128 176
114192 184
114252 192
114316 195
114376 199
114440 207
114504 211
114564 220
114628 224
114688 227
114752 231
114812 240
114876 248
114940 248
115008 254
115068 255
115132 255
115192 255
115256 255
115320 270
115380 271
115444 275
115504 280
115568 280
115628 280
115692 284
115752 284
115816 284
115880 284
115940 284
116008 284
116072 284
116132 280
116196 280
116260 280
116320 273
116384 271
116444 270
116508 255
116568 255
116632 255
116696 255
116756 252
116820 248
116880 240
116944 231
117004 231
117072 224
117136 220
117200 216
117260 207
117324 199
117384 192
117448 184
117508 177
117572 172
117636 159
117696 156
117760 147
117820 142
117884 127
117944 127
118008 120
118076 103
118140 99
118200 92
118264 88
118324 76
118388 71
118452 62
118512 56
118576 48
118636 39
118700 33
118760 31
118824 24
118884 17
118948 15
119012 12
119080 7
119140 7
119204 7
119264 7
119328 7
119392 7
119452 7
119516 12
119576 15
119640 15
119700 15
119764 19
119828 24
119888 28
119952 28
120012 31
120076 35
120144 39
120208 46
120268 49
120332 56
120392 62
120456 67
120516 71
120580 79
120640 88
120704 96
120768 97
120828 103
120892 112
120952 120
121016 127
121076 127
121148 142
121208 145
121272 156
121332 159
121396 167
121456 176
121520 184
121584 188
121644 192
121708 199
121768 207
121832 209
121892 220
121956 224
122016 227
122080 231
122144 240
122212 248
122272 248
122336 254
122396 255
122460 255
122524 255
122584 255
122648 271
122708 271
122772 273
122832 280
122896 280
122960 280
123020 281
123084 280
123144 284
123212 284
123276 284
123340 284
123400 284
123464 280
123524 280
123588 280
123648 275
123712 271
123772 271
123836 255
123900 255
123960 255
124024 255
124084 254
124148 248
124216 240
124280 231
124340 227
124404 224
124464 220
124528 211
124588 206
124652 199
124716 192
124776 184
124840 176
124900 167
124964 159
125024 156
125088 145
125148 142
125212 127
125280 124
125344 115
125404 103
125468 97
125528 92
125592 83
125656 76
125716 63
125780 63
125840 56
125904 48
125964 39
126028 31
126092 28
126152 24
126216 15
126284 12
126344 7
126408 7
126472 7
126532 7
126596 7
126656 7
126720 7
126780 12
126844 14
126904 15
126968 15
127032 17
127092 19
127156 24
127216 28
127284 31
127348 31
127412 39
127472 39
127536 48
127596 56
127660 56
127720 63
127784 67
127848 71
127908 79
127972 88
128032 96
128096 99
128156 103
128220 112
128280 120
