108 79
220 112
332 143
452 176
564 199
676 225
788 252
900 271
1012 295
1124 316
1236 334
1352 352
1464 376
1580 387
1692 408
1804 419
1916 433
2032 448
2144 463
2256 480
2368 487
2480 504
2596 513
2708 527
2820 540
2932 547
3044 560
3156 569
3268 575
3380 590
3496 600
3612 608
3724 615
3836 624
3948 632
4060 639
4176 639
4288 655
4400 664
4512 671
4628 679
4740 686
4856 696
4968 700
5080 704
5192 707
5304 711
5416 719
5528 728
5648 732
5760 736
5872 739
5984 743
6096 752
6208 768
6320 768
6432 768
6544 768
6664 768
6776 768
6888 768
7000 768
7112 743
7224 737
7336 728
7448 716
7560 704
7680 679
7792 664
7904 639
8016 615
8128 583
8240 556
8352 519
8464 487
8576 451
8696 412
8808 369
8920 327
9032 286
9144 240
9256 195
9372 152
9484 103
9596 60
9712 15
9824 1
9936 1
10052 1
10164 3
10276 7
10388 7
10500 14
10612 24
10728 30
10844 39
10956 56
11068 67
11180 88
11292 103
11404 124
11516 143
11628 163
11748 188
11860 206
11972 225
12084 248
12196 255
12308 284
12420 295
12532 318
12644 327
12764 348
12876 359
12988 376
13100 384
13212 391
13324 403
13436 412
13548 415
13660 423
13780 428
13892 432
14004 432
14116 432
14228 423
14340 423
14452 415
14568 408
14680 399
14796 387
14908 384
15020 359
15132 345
15248 327
15360 312
15472 287
15584 271
15696 248
15812 224
15928 199
16040 176
16152 152
16264 127
16376 103
16488 79
16600 56
16712 31
16832 12
16944 3
17056 3
17168 3
17280 7
17392 7
17504 14
17616 15
17728 24
17840 31
17960 39
18072 51
18184 63
18296 79
18408 92
18520 103
18632 124
18744 135
18856 156
18976 172
19088 192
19200 206
19312 224
19424 240
19536 252
19648 255
19764 280
19876 287
19992 304
20104 316
20216 319
20328 335
20444 344
20556 352
20668 353
20780 359
20892 359
21008 366
21124 368
21236 364
21348 359
21460 359
21572 352
21684 352
21796 339
21908 327
22028 319
22140 307
22252 295
22364 280
22476 255
22588 248
22700 231
22812 216
22924 195
23044 177
23156 159
23268 135
23380 120
23492 103
23604 83
23716 63
23828 48
23940 31
24060 15
24172 7
24284 3
24396 7
24508 7
24620 7
24732 14
24844 17
24960 24
25076 31
25188 39
25300 49
25412 63
25524 71
25640 88
25752 103
25864 120
25976 127
26092 147
26204 159
26320 177
26432 192
26544 207
26656 224
26768 240
26880 252
26992 255
27112 275
27224 287
27336 295
27448 307
27560 318
27672 319
27784 327
27896 335
28008 339
28128 344
28240 348
28352 348
28464 348
28576 344
28688 344
28800 335
28912 327
29032 319
29144 312
29256 304
29368 287
29480 280
29600 255
29712 252
29824 231
29936 220
30048 199
30160 184
30272 167
30384 152
30496 127
30616 112
30728 96
30840 79
30952 63
31064 48
31176 31
31288 17
31400 7
31512 7
31632 7
31744 7
31856 7
31968 14
32080 17
32192 24
32308 31
32420 35
32532 48
32644 62
32760 71
32872 88
32988 97
33100 113
33212 127
33324 143
33436 159
33548 176
33660 192
33780 199
33892 220
34004 231
34116 248
34228 255
34340 271
34452 280
34564 287
34676 304
34796 312
34908 319
35020 319
35132 327
35244 335
35356 335
35468 344
35580 344
35692 344
35812 339
35924 335
36036 334
36148 327
36260 319
36372 312
36484 304
36596 291
36708 284
36828 271
36940 255
37052 240
37164 224
37276 209
37388 193
37504 177
37616 159
37728 143
37844 127
37956 110
38068 96
38180 78
38296 62
38408 48
38520 31
38632 17
38744 7
38860 7
38976 7
39088 7
39200 7
39312 15
39424 15
39536 24
39648 31
39760 39
39880 48
39992 62
40104 71
40216 88
40328 97
40440 113
40552 127
40664 143
40776 159
40896 176
41008 192
41120 199
41232 220
41344 231
41456 248
41568 255
41680 271
41792 280
41912 287
42024 304
42136 312
42248 319
42360 319
42472 327
42584 335
42696 337
42812 344
42928 344
43040 344
43152 344
43264 335
43376 334
43492 327
43604 319
43716 316
43828 305
43944 295
44056 284
44172 271
44284 255
44396 243
44508 227
44620 216
44732 195
44844 184
44964 159
45076 145
45188 127
45300 112
45412 96
45524 79
45636 63
45748 48
45860 31
45980 24
46092 7
46204 7
46316 7
46428 7
46540 7
46652 15
46764 15
46876 24
46996 31
47108 35
47220 48
47332 60
47444 67
47556 79
47668 96
47780 112
47892 124
48008 142
48124 156
48236 167
48348 184
48460 199
48572 216
48688 227
48800 241
48912 255
49024 255
49140 280
49252 287
49364 295
49476 312
49588 316
49700 319
49812 327
49924 335
50036 335
50156 335
50268 344
50380 339
50492 335
50604 335
50716 327
50828 319
50940 319
51056 312
51172 304
51284 291
51396 284
51508 271
51620 255
51732 241
51848 227
51960 216
52072 195
52188 177
52300 159
52412 143
52528 127
52640 112
52752 96
52864 79
52976 62
53088 48
53204 31
53320 19
53432 12
53544 7
53656 7
53768 7
53880 7
53992 14
54104 15
54224 24
54336 30
54448 39
54560 48
54672 60
54784 71
54896 83
55008 96
55120 112
55240 127
55352 142
55464 158
55576 167
55688 188
55800 199
55912 216
56024 227
56136 241
56256 255
56368 255
56480 280
56592 287
56704 295
56816 307
56928 316
57044 319
57156 327
57272 335
57384 335
57496 337
57608 339
57724 339
57836 335
57952 335
58064 334
58176 327
58288 319
58400 312
58520 304
58632 291
58744 284
58856 271
58968 255
59080 241
59192 227
59308 211
59420 195
59536 177
59648 159
59760 143
59872 127
59988 112
60100 96
60212 79
60324 63
60436 48
60552 31
60668 17
60780 7
60892 7
61004 7
61116 7
61228 7
61340 14
61452 15
61572 24
61684 31
61796 39
61908 48
62020 60
62132 71
62244 81
62356 96
62468 112
62588 127
62700 142
62812 158
62924 167
63036 188
63148 199
63260 216
63372 227
63484 241
63604 255
63716 255
63828 280
63940 287
64052 295
64164 307
64276 316
64388 319
64504 327
64620 334
64732 335
64844 335
64956 339
65068 335
65184 335
65296 334
65408 327
65520 319
65636 319
65748 312
65860 304
65976 287
66088 280
66200 255
66312 254
66424 240
66536 225
66652 207
66768 192
66880 177
66992 159
67104 143
67216 127
67328 112
67440 96
67552 78
67672 62
67784 46
67896 31
68008 17
68120 7
68232 7
68344 7
68456 7
68568 7
68688 15
68800 17
68912 24
69024 31
69136 39
69248 48
69360 60
69472 71
69584 81
69704 97
69816 112
69928 127
70040 142
70152 158
70264 172
70376 188
70492 199
70604 216
70720 231
70832 241
70944 255
71056 255
71172 280
71284 287
71396 300
71508 312
71620 318
71732 319
71848 327
71960 335
72072 335
72184 344
72296 344
72408 344
72520 339
72632 335
72744 334
72864 327
72976 319
73088 312
73200 304
73312 295
73424 284
73536 271
73652 255
73764 243
73880 227
73992 216
74104 195
74216 184
74332 159
74444 143
74556 127
74668 112
74780 96
74896 79
75012 63
75124 48
75236 35
75348 24
75460 14
75572 7
75684 7
75796 7
75916 7
76028 14
76140 15
76252 24
76364 30
76476 35
76588 48
76700 56
76812 67
76932 79
77044 96
77156 112
77268 124
77380 135
77492 156
77604 167
77716 184
77828 199
77948 216
78060 225
78172 240
78284 254
78396 255
78508 280
78620 287
78732 295
78848 305
78964 316
79076 319
79188 327
79300 334
79412 335
79528 337
79640 344
79752 344
79864 335
79980 335
80092 332
80208 327
80320 319
80432 316
80544 304
80656 295
80768 284
80880 271
81000 255
81112 241
81224 227
81336 216
81448 195
81560 184
81672 163
81784 143
81896 127
82016 112
82128 96
82240 79
82352 63
82464 48
82576 31
82688 19
82800 7
82912 7
83032 7
83144 7
83256 7
83368 14
83480 15
83592 24
83704 31
83816 39
83928 48
84048 60
84160 71
84272 83
84384 96
84496 112
84608 126
84724 135
84836 156
84948 167
85064 184
85176 199
85288 216
85404 227
85516 241
85628 255
85740 255
85852 280
85964 287
86080 295
86196 307
86308 316
86420 319
86532 327
86644 334
86756 335
86864 335
86976 339
87096 335
87208 335
87320 335
87432 327
87544 319
87656 319
87768 312
87880 304
87992 291
88112 280
88224 255
88336 255
88448 240
88560 224
88672 207
88784 193
88900 177
89012 159
89128 143
89240 127
89352 110
89464 92
89580 76
89692 62
89804 48
89916 31
90028 19
90144 7
90260 7
90372 7
90484 7
90596 7
90708 15
90820 17
90932 24
91044 31
91164 39
91276 48
91388 60
91500 71
91612 83
91724 97
91836 112
91948 127
92060 143
92180 159
92292 167
92404 192
92516 199
92628 216
92740 227
92852 241
92964 255
93076 255
93196 280
93308 287
93420 304
93532 312
93644 318
93756 319
93868 327
93980 335
94096 335
94212 344
94324 344
94436 344
94548 337
94660 335
94776 334
94888 327
95000 319
95112 316
95228 304
95340 295
95456 284
95568 271
95680 255
95792 243
95904 227
96016 216
96128 195
96248 177
96360 163
96472 145
96584 127
96696 112
96808 96
96920 79
97032 63
97144 48
97264 31
97376 24
97488 14
97600 7
97712 7
97824 7
97936 7
98048 14
98160 15
98272 24
98392 31
98504 39
98616 48
98728 60
98840 67
98952 81
99064 96
99176 112
99292 124
99408 135
99520 156
99632 167
99744 184
99856 199
99968 216
100080 227
100192 240
100304 255
100424 255
100536 280
100648 287
100760 295
100872 307
100984 316
101096 319
101212 327
101324 334
101440 335
101552 339
101664 344
101776 344
101892 339
102004 335
102116 334
102228 327
102340 319
102456 316
102572 304
102684 295
102796 284
102908 271
103020 255
103132 248
103244 227
103356 216
103476 195
103588 179
103700 159
103812 143
103924 127
104036 112
104148 96
104260 78
104372 63
104492 48
104604 31
104716 19
104828 7
104940 7
105052 7
105164 7
105276 7
105388 14
105508 15
105620 24
105732 30
105844 39
105956 48
106068 60
106180 67
106292 83
106408 96
106524 112
106636 127
106748 142
106860 156
106972 167
107088 184
107200 199
107312 216
107424 227
107540 240
107652 255
107764 255
107880 280
107992 287
108104 295
108216 307
108328 316
108440 319
108556 327
108672 334
108784 335
108896 337
109008 339
109120 339
109232 337
109344 335
109456 332
109576 319
109688 319
109800 312
109912 304
110024 291
110136 284
110248 271
110360 255
110472 241
110592 225
110704 211
110816 195
110928 177
111040 159
111152 143
111264 127
111376 112
111488 96
111608 79
111720 63
111832 48
111944 31
112056 24
112168 12
112280 7
112396 7
112508 7
112624 7
112736 14
112848 15
112960 24
113076 30
113188 35
113300 48
113412 60
113524 67
113640 79
113756 96
113868 112
113980 126
114092 135
114204 156
114316 167
114428 184
114540 199
114652 216
114768 227
114880 241
114992 255
115104 255
115216 280
115328 287
115440 295
115552 312
115664 316
115784 319
115896 327
116008 334
116120 335
116240 339
116352 339
116464 339
116576 335
116688 335
116800 327
116912 319
117024 319
117136 312
117256 304
117368 287
117480 280
117592 255
117704 255
117816 240
117928 225
118040 207
118152 193
118272 176
118384 159
118496 143
118608 127
118720 110
118832 96
118944 78
119056 63
119168 48
119288 31
119400 19
119512 7
119624 7
119736 7
119848 7
119960 7
120072 15
120188 15
120304 24
120416 31
120528 39
120640 48
120752 60
120868 71
120980 83
121092 97
121204 112
121320 127
121432 143
121548 158
121660 174
121772 192
121884 199
121996 216
122108 227
122220 243
122332 255
122452 270
122564 280
122676 287
122788 302
122900 312
123012 318
123124 319
123236 327
123348 335
123468 335
123580 344
123692 344
123804 344
123916 339
124028 335
124140 334
124252 327
124364 319
124484 312
124596 304
124708 291
124820 284
124932 271
125044 255
125156 241
125268 227
125384 211
125500 195
125612 177
125724 159
125836 143
125948 127
126064 112
126176 96
126288 79
126400 63
126516 48
126628 31
126744 24
126856 7
126968 7
127080 7
127192 7
127304 7
127416 14
127536 15
127648 24
127760 31
127872 39
127984 48
128096 60
128208 71
128320 81
128432 96
128552 112
128664 126
128776 142
128888 156
129000 167
129112 184
129224 199
129336 216
129448 227
129568 243
129680 255
129792 255
129904 280
130016 287
130128 302
130240 312
130352 318
130464 319
130584 327
130696 334
130808 335
130920 335
131032 344
131144 339
131260 335
131372 335
131484 334
131600 319
131712 319
131824 312
131940 304
132052 287
132164 280
132276 270
132388 255
132500 240
132616 224
132732 211
132844 192
132956 177
133068 159
133180 143
133292 127
133404 112
133516 92
133636 78
133748 60
133860 46
133972 31
134084 17
134196 7
134308 7
134420 7
134532 7
134652 7
134764 15
134876 19
134988 24
135100 31
135212 39
135324 49
135436 60
135548 71
135668 88
135780 99
135892 112
136004 127
136116 143
136228 158
136340 174
136456 192
136568 199
136684 217
136796 231
136908 248
137020 255
137136 270
137248 280
137360 287
137472 304
137584 312
137700 319
137816 319
137928 327
138040 334
138152 335
138264 339
138376 339
138488 344
138600 335
138712 335
138828 327
138940 319
139052 319
139164 312
139276 304
139388 287
139500 280
139612 255
139724 255
139844 240
139956 224
140068 207
140180 193
140292 176
140404 159
140516 143
140628 127
140744 112
140860 92
140972 78
141084 62
141196 48
141308 31
141420 19
141536 7
141648 7
141760 7
141876 7
141988 7
142100 14
142216 17
142328 24
142440 31
142552 39
142664 48
142776 60
142892 71
143008 83
143120 97
143232 112
143344 127
143456 142
143568 156
143680 167
143792 188
143912 199
144024 216
144136 227
144248 241
144360 255
144472 255
144584 280
144692 287
144804 295
144916 307
145028 316
145144 319
145256 327
145372 335
145484 335
145596 337
145708 344
145824 344
145936 344
146048 335
146160 335
146272 327
146388 319
146504 316
146616 305
146728 295
146840 286
146952 271
147064 255
147176 248
147288 231
147408 216
147520 199
147632 184
147744 167
147856 152
147968 127
148080 113
148192 97
148304 79
148424 63
148536 49
148648 33
148760 24
148872 14
148984 7
149096 7
149208 7
149320 7
149440 14
149552 15
149664 24
149776 30
149888 35
150000 46
150112 56
150224 63
150340 79
150456 96
150568 108
150680 124
150792 135
150904 152
151020 167
151132 184
151244 199
151356 211
151472 225
151584 240
151700 254
151812 255
151924 280
152036 287
152148 295
152260 305
152372 316
152492 319
152604 327
152716 334
152828 335
152940 335
153052 339
153164 339
153276 335
153388 335
153508 327
153620 327
153732 319
153844 316
153956 304
154068 295
154180 284
154292 271
154404 255
154524 241
154636 227
154748 211
154860 195
154972 179
155084 163
155196 145
155308 127
155420 112
155536 96
155652 79
155764 63
155876 48
155988 31
156100 19
156216 12
156328 7
156440 7
156552 7
156668 7
156780 15
156896 15
157008 24
157120 30
157232 39
157344 48
157456 60
157568 67
157688 83
157800 96
157912 112
158024 126
158136 135
158248 156
158360 167
158472 184
158584 199
158704 216
158816 227
158928 241
159040 255
159152 255
159264 280
159376 287
159488 295
159600 312
159720 318
159832 319
159944 327
160056 335
160168 335
160280 339
160392 344
160504 344
160616 344
160736 335
160848 334
160960 327
161072 319
161184 316
161296 304
161412 295
161524 284
161636 271
161752 255
161864 243
161976 227
162092 216
162204 195
162316 184
162428 163
162540 143
162652 127
162768 112
162884 96
162996 79
163108 63
163220 49
163332 31
163444 24
163556 12
163668 7
163788 7
163900 7
164012 7
164124 14
164236 15
164348 24
164460 30
164572 35
164684 48
164804 60
164916 67
165028 79
165140 96
165252 110
165364 124
165476 135
165588 156
165700 167
165820 184
165932 199
166044 216
166156 227
166268 241
166380 255
166492 255
166604 280
166720 287
166836 295
166948 312
167060 316
167172 319
167284 327
167400 335
167512 335
167624 337
167736 344
167852 344
167964 339
168080 335
168192 334
168304 327
168416 319
168528 313
168640 304
168752 291
168872 284
168984 271
169096 255
169208 241
169320 227
169432 216
169544 195
169656 179
169768 163
169888 147
170000 127
170112 112
170224 96
170336 79
170448 63
170560 48
170672 31
170784 19
170896 7
171016 7
171128 7
171240 7
171352 7
171464 14
171576 15
171688 24
171800 30
171916 39
172032 48
172144 60
172256 71
172368 79
172480 96
172592 112
172704 127
172816 140
172928 156
173048 167
173160 188
173272 199
173384 216
173496 227
173608 248
173720 255
173832 271
173944 286
174056 295
174176 304
174288 312
174400 319
174512 327
174624 327
174736 335
174852 337
174964 344
175076 344
175192 344
175304 335
175416 335
175532 327
175644 319
175756 319
175868 312
175980 304
176092 287
176208 280
176324 255
176436 252
176548 236
176660 224
176772 206
176884 192
176996 172
177108 156
177228 135
177340 120
177452 103
177564 88
177676 71
177788 56
177900 39
178012 24
178124 15
178244 7
178356 7
178468 7
178580 7
178692 14
178804 15
178916 24
179028 25
179140 31
179260 39
179372 56
179484 63
179596 78
179708 92
179820 103
179932 120
180048 127
180160 147
180272 163
180388 177
180500 192
180612 207
180728 224
180840 238
180952 248
181064 255
181176 271
181288 286
181404 295
181520 304
181632 312
181744 319
181856 319
181968 327
182080 335
182192 335
182304 339
182424 344
182536 337
182648 335
182760 334
182872 327
182984 319
183096 316
183208 305
183320 295
183440 287
183552 271
183664 255
183776 248
183888 231
184000 220
184112 199
184224 192
184336 167
184456 152
184568 127
184680 120
184792 99
184904 83
185016 63
185128 56
185244 39
185356 24
185472 14
185584 7
185696 7
185808 7
185924 7
186036 12
186148 15
186260 19
186372 28
186488 35
186604 44
186716 56
186828 63
186940 79
187052 92
187164 103
187276 120
187388 135
187508 152
187620 167
187732 184
187844 195
187956 207
188068 224
188180 240
188292 252
188404 255
188524 275
188636 287
188748 295
188860 304
188972 316
189084 319
189196 327
189308 334
189420 335
189540 337
189652 344
189764 344
189876 335
189988 335
190100 335
190212 327
190324 319
190440 318
190556 305
190668 295
190780 287
190892 271
191004 255
191116 249
191232 231
191344 220
191456 199
191572 188
191684 167
191796 152
191912 135
192024 120
192136 99
192248 88
192360 67
192472 56
192588 39
192704 24
192816 15
192928 7
193040 7
193152 7
193264 7
193376 14
193488 15
193608 24
193720 28
193832 35
193944 44
194056 56
194168 63
194280 78
194392 92
194504 103
194624 120
194736 135
194848 152
194960 163
195072 179
195184 193
195296 207
195408 224
195520 238
195632 252
195752 255
195864 271
195976 287
196088 295
196200 304
196312 313
196428 319
196540 327
196652 332
196768 335
196880 339
196992 344
197104 344
197216 339
197328 335
197440 335
197552 327
197664 319
197784 316
197896 307
198008 295
198120 287
198232 271
198344 255
198456 248
198568 231
198680 220
198800 199
198912 184
199024 167
199136 152
199248 127
199360 120
199472 99
199588 81
199700 63
199816 49
199928 35
200040 24
200152 14
200268 7
200380 7
200492 7
200604 7
200716 14
200832 15
200948 24
201060 30
201172 35
201284 48
201396 56
201508 63
201620 79
201732 94
201852 103
201964 120
202076 135
202188 152
202300 167
202412 184
202520 192
202632 207
202752 224
202864 238
202976 248
203088 255
203200 271
203312 286
203424 295
203540 304
203652 312
203768 319
203880 327
203992 327
204104 335
204220 335
204332 344
204444 344
204556 339
204668 335
204784 335
204900 327
205012 319
205124 318
205236 312
205348 295
205460 287
205572 275
205684 255
205804 252
205916 231
206028 220
206140 199
206252 192
206364 167
206476 156
206588 135
206700 120
206820 103
206932 88
207044 71
207156 56
207268 39
207380 28
207492 15
207604 7
207716 7
207836 7
207948 7
208060 12
208172 15
208284 19
208396 28
208508 31
208620 39
208736 51
208852 63
208964 78
209076 88
209188 103
209300 120
209416 127
209528 145
209640 159
209752 176
209868 192
209980 207
210096 224
210208 238
210320 248
210432 255
210544 271
210656 284
210768 295
210888 304
211000 316
211112 319
211224 327
211336 327
211448 335
211560 337
211672 344
211784 344
211904 344
212016 337
212128 335
212240 327
212352 319
212464 318
212576 312
212688 300
212800 287
212912 280
213032 255
213144 252
213256 231
213368 224
213480 204
213592 192
213704 167
213816 156
213932 135
214048 120
214160 103
214272 88
214384 71
214496 56
214608 39
214720 28
214832 15
214944 7
215064 7
215176 7
215288 7
215400 12
215512 15
215624 19
215736 28
215852 31
215964 39
216080 56
216192 63
216304 79
216416 92
216532 103
216644 120
216756 127
216868 147
216980 159
217096 179
217212 192
217324 207
217436 224
217548 236
217660 248
217772 255
217884 271
217996 286
218116 295
218228 304
218340 312
218452 319
218564 319
218676 327
218788 335
218900 335
219012 339
219132 339
219244 335
219356 335
219468 334
219580 327
219692 319
219804 316
219916 307
220028 295
220148 286
220260 271
220372 255
220484 248
220596 231
220708 217
220820 199
220932 184
221048 167
221164 152
221276 127
221388 115
221500 99
221612 83
221728 63
221840 51
221952 39
222064 24
222180 14
222292 7
222408 7
222520 7
222632 7
222744 12
222856 15
222968 24
223080 28
223200 35
223312 48
223424 56
223536 63
223648 79
223760 94
223872 103
223984 120
224096 135
224216 152
224328 167
224440 184
224552 195
224664 209
224776 224
224888 240
225000 252
225112 255
225232 275
225344 287
225456 295
225568 305
225680 316
225792 319
225904 327
226016 334
226128 335
226248 339
226360 344
226472 344
226584 339
226696 335
226808 335
226924 327
227036 319
227148 316
227264 305
227376 295
227488 287
227604 271
227716 255
227828 248
227940 231
228052 220
228164 199
228280 184
228396 167
228508 152
228620 127
228732 120
228844 99
228956 83
229068 63
229180 51
229292 39
229408 24
229520 15
229632 7
229744 7
229856 7
229968 7
230080 12
230192 15
230304 24
230424 30
230536 35
230648 46
230760 56
230872 63
230984 79
231096 92
231208 103
231324 120
