508 3
1028 3
1540 3
2060 3
2572 3
3092 3
3604 3
4120 3
4632 3
5152 3
5664 3
6184 3
6696 3
7216 3
7728 3
8244 3
8756 3
9276 3
9788 3
10308 1
10820 7
11340 3
11852 3
12368 3
12880 3
13400 3
13912 3
14432 3
14944 1
15464 1
15976 3
16492 3
17004 1
17524 3
18036 3
18556 1
19068 3
19588 3
20100 3
20616 3
21128 3
21648 3
22160 3
22680 3
23192 3
23712 1
24224 3
24740 3
25252 3
25772 3
26284 3
26804 3
27316 1
27836 3
28348 3
28864 3
29376 3
29896 3
30408 3
30928 3
31440 3
31956 3
32472 1
32988 3
33500 3
34020 1
34532 1
35052 1
35564 3
36080 1
36596 3
37112 3
37624 1
38144 3
38656 3
39176 1
39692 1
40204 1
40724 3
41236 3
41756 1
42268 3
42784 1
43296 3
43816 1
44328 3
44848 3
45360 3
45880 3
46392 1
46908 1
47420 1
47940 3
48452 3
48972 0
49484 3
50004 1
50516 1
51032 1
51544 1
52064 3
52576 1
53096 3
53608 0
54128 3
54640 0
55156 1
55668 3
56188 1
56700 3
57220 3
57732 3
58252 1
58764 3
59280 3
59792 1
60312 1
60824 3
61344 1
61856 3
62376 3
62888 1
63404 1
63916 3
64436 3
64948 1
65468 3
65980 3
66500 3
67012 3
67528 3
68040 1
68560 1
69072 3
69592 1
70104 1
70624 1
71136 1
71652 0
72164 1
72684 1
73196 1
73716 0
74228 1
74748 1
75260 1
75776 0
76288 1
76808 1
77320 1
77840 1
78352 1
78872 0
79384 1
79900 1
80412 0
80932 1
81444 1
81964 1
82476 1
82996 1
83508 1
84024 3
84536 1
85056 1
85568 1
86088 1
86600 1
87120 1
87632 1
88148 1
88660 3
89180 1
89692 0
90212 1
90724 1
91244 1
91756 1
92272 3
92784 0
93304 3
93816 1
94336 0
94848 0
95368 1
95880 0
96396 0
96908 1
97428 1
97940 0
98460 0
98972 1
99492 1
100004 0
100520 0
101032 0
101552 0
102064 0
102584 1
103096 1
103616 1
104128 1
104644 1
105156 0
105676 1
106188 1
106708 1
107220 1
107740 1
108252 1
108768 0
109280 3
109800 0
110312 1
110832 1
111344 0
111864 1
112376 0
112892 0
113404 1
113924 0
114444 0
114956 1
115472 1
115988 0
116504 0
117016 1
117536 0
118048 1
118568 0
119080 0
119596 0
120112 1
120628 1
121140 0
121660 1
122172 0
122692 1
123204 1
123720 1
124236 1
124752 1
125264 1
125784 1
126296 1
126816 0
127328 1
127844 0
128360 0
128876 0
129388 1
129908 0
130420 1
130940 1
131452 0
131968 1
132488 195
133000 120
133520 33
134032 7
134552 30
135064 67
135580 127
136092 192
136612 248
137124 291
137644 318
138156 318
138676 287
139188 236
139704 159
140216 79
140736 12
141248 15
141768 39
142280 92
142800 156
143312 220
143828 271
144340 305
144860 319
145372 312
145892 271
146404 207
146924 127
147436 49
147952 7
148464 24
148984 62
149496 120
150016 184
150528 240
151048 287
151560 316
152076 319
152588 295
153108 248
153620 179
154140 97
154652 19
155172 14
155684 31
156200 81
156712 142
157232 207
157744 255
158264 304
158776 319
159296 312
159808 280
160324 220
160836 143
161356 63
161868 7
162388 19
162900 56
163420 103
163932 167
164448 231
164960 280
165480 312
165992 319
166512 304
167024 255
167544 192
168056 113
168572 31
169084 7
169604 30
170116 71
170636 127
171148 193
171668 254
172180 295
172696 319
173208 318
173728 287
174240 231
174760 159
175272 79
175792 12
176304 15
176820 46
177332 96
177852 158
178364 224
178884 271
179396 305
179916 319
180428 304
180944 255
181456 199
181976 126
182488 48
183008 7
183520 25
184040 63
184552 120
185068 184
185580 248
186100 287
186612 318
187132 319
187644 295
188164 248
188676 176
189192 96
189704 17
190224 14
190736 35
191256 83
191772 143
192284 207
192804 255
193316 304
193836 319
194348 312
194864 280
195380 216
195896 143
196408 62
196928 7
197440 24
197960 56
198472 112
198988 167
199504 231
200020 284
200532 312
201052 319
201564 300
202084 255
202596 192
203112 103
203628 30
204144 14
204656 31
205176 71
205688 135
206208 199
206720 255
207236 295
207752 319
208268 316
208780 287
209300 231
209812 158
210332 71
210844 7
211360 15
211876 48
212392 96
212904 159
213424 224
213936 271
214456 312
214968 319
215484 305
216000 255
216516 199
217028 120
217548 39
218060 7
218580 28
219092 63
219608 124
220124 192
220640 248
221152 287
221672 318
222184 318
222704 287
223216 240
223732 167
224244 88
224764 15
225276 15
225796 39
226308 88
226828 152
227340 216
227856 255
228368 304
228888 319
229400 312
229920 271
230432 216
230952 135
231464 56
231980 7
232492 24
233012 56
233524 112
234044 176
234556 238
235076 286
235588 316
236104 319
236616 295
237136 252
237648 184
238168 99
238680 24
239200 14
239712 31
240228 79
240740 140
241260 199
241772 255
242292 295
242804 319
243324 312
243836 280
244352 224
244864 152
245384 63
245896 7
246416 19
246928 48
247448 103
247960 163
248476 227
248988 280
249508 312
250020 319
250540 304
251052 255
251572 195
252084 120
252600 35
253112 7
253632 28
254144 67
254664 127
255176 192
255696 252
256208 291
256724 318
257236 316
257756 287
258268 231
258788 159
259300 79
259820 12
260332 15
260848 39
261360 96
261880 158
262392 220
262912 271
263424 305
263944 319
264456 304
264968 255
265488 192
266000 112
266520 31
267032 14
267548 30
268060 71
268580 127
269092 195
269612 252
270124 295
270644 318
271156 316
271672 287
272184 231
272704 159
273216 78
273736 7
274248 15
274768 46
275280 96
275796 159
276308 224
276828 271
277340 312
277860 319
278372 312
278892 270
279404 207
279920 127
280432 48
280952 7
281464 24
281984 62
282496 120
283016 184
283528 241
284044 287
284556 316
285076 319
285588 291
286108 248
286620 176
287140 96
287652 15
288168 14
288680 39
289200 88
289720 145
290232 207
290748 255
291264 304
291780 319
292292 312
292812 275
293324 216
293844 135
294356 60
294872 7
295388 24
295904 56
296416 112
296936 176
297448 231
297968 284
298480 316
298996 319
299512 300
300028 255
300540 192
301060 110
301572 28
302092 14
302604 31
303120 71
303636 135
304152 199
304664 255
305184 295
305696 319
306216 316
306728 284
307244 227
307760 156
308276 71
308788 7
309308 15
309820 48
310340 97
310852 159
311368 224
311884 271
312400 312
312912 319
313432 304
313944 255
314464 199
314976 120
315492 39
316008 7
316524 28
317036 63
317556 126
318068 192
318588 248
319100 287
319616 319
320132 319
320648 287
321160 241
321680 167
322192 88
322712 15
323224 15
323740 39
324256 88
324772 152
325284 216
325804 255
326316 304
326836 319
327348 312
327864 271
328380 209
328896 135
329408 51
329928 7
330440 24
330960 60
331472 113
331988 177
332504 240
333020 286
333532 316
334052 319
334564 295
335084 248
335596 184
336112 99
336628 24
337144 15
337656 31
338176 79
338688 135
339208 206
339720 255
340236 304
340752 319
341268 316
341780 284
342300 224
342812 152
343332 63
343844 7
344360 17
344876 49
345392 103
345904 167
346424 227
346936 280
347456 312
347968 319
348484 304
349000 255
349516 192
350028 112
350548 31
351060 7
351580 31
352092 71
352608 127
353120 195
353640 254
354152 295
354672 319
355184 316
355704 287
356216 231
356732 159
357244 79
357764 12
358276 15
358796 44
359308 96
359828 158
360340 220
360856 271
361368 312
361888 319
362400 312
362920 255
363432 207
363948 127
364460 48
364980 7
365496 24
366008 63
366528 120
367040 184
367560 241
368072 287
368588 316
369100 318
369620 287
370132 241
370652 172
371164 92
371684 15
372196 14
372712 39
373224 88
373744 147
374256 209
374776 255
375288 304
375808 319
376320 312
376836 280
377348 216
377868 142
378380 60
378900 7
379412 24
379932 56
380444 112
380960 176
381472 231
381992 284
382504 316
383024 319
383536 302
384056 255
384568 184
385084 103
385596 25
386116 14
386628 31
387148 76
387660 135
388180 199
388692 255
389208 295
389720 319
390240 312
390752 280
391272 224
391784 152
392304 67
392816 7
393332 17
393844 48
394364 99
394876 163
395396 225
395908 280
396428 316
396940 319
397456 304
397968 255
398488 192
399000 112
399520 31
400032 7
400552 31
401064 71
401580 127
402092 195
402612 255
403124 295
403644 319
404156 316
404676 286
405188 227
405704 158
406216 71
406736 7
407248 15
407768 48
408280 97
408796 159
409308 224
409828 271
410344 312
410856 319
411376 304
411888 255
412408 199
412920 124
413440 39
413952 7
414468 28
414980 63
415500 124
416012 192
416532 248
417044 291
417564 319
418076 319
418592 287
419104 241
419624 167
420136 88
420656 14
421168 15
421688 39
422200 88
422716 152
423228 211
423748 255
424260 304
424780 319
425292 312
425812 271
426324 207
426840 135
427352 51
427872 7
428384 24
428904 60
429416 113
429936 179
430448 240
430964 287
431476 316
431996 319
432508 295
433028 248
433540 184
434060 99
434572 24
435088 14
435600 33
436120 79
436632 142
437152 206
437664 255
438184 304
438696 319
439212 316
439724 284
440244 224
440756 147
441276 63
441788 7
442308 19
442820 51
443336 103
443848 167
444368 227
444880 280
445400 312
445912 319
446432 304
446944 255
447460 192
447972 112
448492 30
449004 12
449524 31
450036 71
450556 127
451068 195
451584 255
452096 295
452616 319
453128 316
453648 287
454160 231
454680 159
455192 79
455708 12
456220 15
456740 44
457252 96
457772 159
458284 224
458804 271
459316 312
459832 319
460344 312
460864 255
461376 199
461896 124
462408 39
462928 7
463440 28
463956 63
464468 124
464988 192
465500 248
466020 287
466532 316
467052 318
467564 287
468080 240
468592 167
469112 88
469624 15
470144 15
470656 39
471176 88
471688 152
472204 216
472716 255
473236 305
473748 319
474268 312
474780 271
475300 216
475812 135
476328 56
476840 7
477360 24
477872 56
478392 112
478904 176
479420 240
479936 286
480452 316
480964 319
481484 295
481996 252
482516 184
483028 99
483544 24
484060 14
484576 31
485096 79
485608 140
486128 206
486640 255
487156 300
487672 319
488188 312
488700 280
489220 224
489732 147
490252 63
490764 7
491280 19
491796 49
492312 103
492824 167
493344 231
493856 280
494376 312
494888 319
495404 304
495920 255
496436 193
496948 113
497468 31
497980 7
498500 30
499012 71
499528 127
500044 193
500560 254
501072 295
501592 319
502104 318
502624 287
503136 231
503652 159
504168 78
504684 7
505196 15
505716 46
506228 96
506748 159
507260 224
507776 271
508292 307
508808 319
509320 305
509840 255
510352 199
510872 126
511384 44
511900 7
512416 24
512932 63
513444 120
513964 188
514476 248
514996 287
515508 318
516024 319
516540 295
517056 243
517568 176
518088 94
518600 15
519120 15
519632 35
520148 88
520660 147
521180 211
521692 255
522212 304
522724 319
523244 312
523756 271
524272 216
524784 135
525304 56
525816 7
526336 24
526848 56
527368 112
527880 176
528400 240
528912 287
529428 316
529940 319
530460 295
530972 248
531492 176
532004 96
532524 15
533036 15
533552 35
534064 83
534584 143
535096 207
535616 255
536128 304
536648 319
537160 312
537676 275
538188 220
538708 143
539220 62
539740 7
540252 24
540772 56
541284 110
541800 176
542312 231
542832 284
543344 316
543864 319
544376 304
544896 255
545408 192
545924 108
546436 28
546956 14
547468 31
547988 71
548500 135
549016 199
549528 255
550048 295
550564 319
551076 316
551596 284
552108 227
552628 152
553140 71
553660 7
554172 17
554688 48
555200 99
555720 163
556232 225
556752 280
557264 312
557784 319
558296 304
558812 255
559324 199
559844 120
560356 39
560876 7
561388 28
561908 67
562420 126
562936 192
563448 252
563968 295
564480 319
565000 319
565512 287
566032 240
566544 167
567060 88
567572 12
568092 15
568604 39
569124 92
569636 156
570156 216
570668 270
571184 304
571696 319
572216 312
572728 270
573248 207
573760 127
574280 48
574792 7
575308 24
575820 62
576340 120
576852 184
577372 241
577884 287
578404 316
578916 319
579432 295
579944 248
580464 176
580976 96
581496 19
582008 15
582528 35
583040 79
583556 143
584068 207
584588 255
585100 304
585620 319
586132 312
586652 280
587164 224
587680 143
588192 63
588712 7
589224 24
589744 56
590256 108
590776 174
591288 231
591804 284
592316 312
592836 319
593348 295
593868 255
594380 188
594900 103
595412 28
595928 14
596440 31
596960 78
597472 135
597992 199
598504 255
599020 295
599536 319
600052 318
600564 284
601084 227
601596 156
602116 71
602628 7
603144 15
603660 48
604176 97
604688 159
605208 224
605720 280
606240 312
606752 319
607268 305
607784 255
608300 199
608812 120
609332 35
609844 7
610364 28
610876 63
611392 127
611908 192
612424 248
612936 287
613456 318
613968 316
614488 287
615000 238
615516 163
616032 83
616548 12
617060 15
617580 39
618092 92
618612 156
619124 220
619640 271
620156 305
620672 319
621184 312
621704 271
622216 207
622736 127
623248 49
623764 7
624280 24
624796 62
625316 120
625828 184
626348 240
626860 287
627376 316
627892 319
628408 295
628920 248
629440 176
629952 96
630472 15
630984 14
631500 35
632016 83
632532 143
633044 207
633564 255
634076 304
634596 319
635108 312
635624 280
636140 216
636656 142
637168 62
637688 7
638200 24
638720 56
639232 112
639748 172
640264 231
640780 284
641292 316
641812 319
642324 304
642844 255
643356 192
643872 112
644384 30
644904 12
645416 31
645936 71
646448 127
646968 199
647480 255
647996 295
648508 319
649028 316
649540 286
650060 227
650572 156
651092 71
651604 7
652120 17
652632 48
653152 99
653664 159
654184 224
654696 275
655216 312
655728 319
656244 304
656756 255
657276 195
657788 120
658308 39
658820 7
659340 28
659852 63
660364 127
660880 192
661396 252
661908 295
662428 319
662940 316
663460 287
663972 231
664488 159
665004 79
665520 7
666032 15
666552 46
667064 96
667584 159
668096 224
668612 271
669128 312
669644 319
670156 305
670676 255
671188 204
671708 124
672220 46
672736 7
673252 28
673768 63
674280 120
674800 188
675312 248
675832 287
676344 319
676860 319
677376 295
677892 248
678404 176
678924 92
679436 15
679956 15
680468 35
680984 88
681500 152
682016 211
682528 255
683048 304
683560 319
684080 312
684592 271
685108 216
685624 135
686140 56
686652 7
687172 24
687684 60
688204 112
688716 176
689232 240
689748 286
690264 316
690776 319
691296 295
691808 252
692328 184
692840 99
693356 24
693872 14
694388 31
694900 79
695420 140
695932 199
696452 255
696964 304
697480 319
697996 316
698512 284
699024 225
699544 152
700056 63
700576 7
701088 17
701604 49
702120 103
702636 167
703148 227
703668 280
704180 312
704700 319
705216 304
705728 255
706248 192
706760 112
707280 31
707792 14
708312 31
708824 71
709340 127
709852 195
710372 254
710884 295
711404 319
711916 316
712436 287
712948 231
713464 159
713976 78
714496 7
715008 15
715528 46
716040 96
716560 159
717072 224
717588 271
718100 312
718620 319
719132 307
719652 255
720164 206
720684 126
721196 44
721712 7
722224 28
722744 63
723256 124
723776 188
724288 248
724808 287
725320 316
725836 318
726348 287
726868 240
727380 167
727900 88
728412 15
728932 15
729444 39
729960 88
730472 152
730992 216
731504 255
732024 305
732536 319
733056 312
733568 271
734084 216
734596 135
735116 56
735628 7
736148 24
736660 60
737180 112
737692 177
738208 240
738720 287
739240 316
739752 319
740272 295
740784 252
741304 184
741816 103
742332 24
742844 14
743364 31
743876 79
744396 142
744908 206
745428 255
745940 295
746456 319
746968 312
747488 280
748000 224
748520 143
749032 63
749552 7
750064 19
750580 56
751092 103
751612 167
752124 231
752644 280
753156 312
753676 319
754188 304
754704 255
755216 193
755736 112
756248 31
756768 12
757280 31
757800 71
758312 127
758828 195
759340 254
759860 295
760372 319
760892 318
761404 287
761920 231
762436 159
762952 78
763464 7
763984 15
764496 46
765016 96
765528 159
766044 224
766560 271
767076 307
767588 319
768108 304
768620 255
769140 199
769652 124
770168 39
770684 7
771200 28
771712 63
772232 124
772744 192
773264 248
773776 287
774292 318
774808 319
775324 291
775836 241
776356 167
776868 92
777388 15
777900 15
778416 39
778932 88
779448 152
779968 216
780480 255
781000 304
781512 319
782028 312
782544 271
783060 216
783572 127
784092 56
784604 7
785124 24
785636 60
786152 113
786668 177
787184 240
787696 287
788216 312
788728 319
789248 295
789760 248
790276 179
790792 97
791308 19
791820 14
792336 35
792856 88
793368 143
793884 207
794396 255
794916 304
795428 319
795948 312
796460 280
796980 220
797492 143
798008 62
798528 7
799040 19
799560 56
800072 112
800592 176
801104 231
801620 284
802132 312
802652 319
803164 295
803684 254
804196 184
804716 103
805228 24
805744 14
806256 31
806776 78
807288 135
807808 199
808320 255
808840 300
809352 319
809868 312
810380 284
810900 225
811412 152
811932 67
812444 7
812964 17
813476 48
813992 103
814504 163
815024 227
815536 280
816056 312
816568 319
817088 305
817600 255
818116 195
818628 120
819148 35
819660 7
820180 28
820692 67
821212 127
821724 192
822240 252
822752 291
823272 319
823784 316
824304 287
824816 231
825336 159
825848 79
826364 7
826876 15
827396 39
827908 96
828428 158
828940 220
829456 271
829972 305
830488 319
831000 307
831520 14
832032 206
832552 127
833064 48
833580 7
834096 24
834612 62
835124 120
835644 184
836156 248
836676 287
837188 318
837704 319
838220 295
838736 248
839248 176
839768 92
840280 15
840800 15
841312 35
841828 88
842344 143
842860 207
843372 255
843892 304
844404 319
844924 312
845436 271
845952 216
846468 135
846984 56
847496 7
848016 24
848528 57
849048 112
849560 176
850076 238
850592 286
851108 316
851620 319
852140 295
852652 252
853172 184
853684 103
854200 25
854716 14
855232 31
855744 78
856264 135
856776 199
857296 255
857808 304
858324 319
858840 316
859356 284
859868 225
860388 152
860900 67
861420 7
861932 17
862448 48
862964 103
863480 167
863992 225
864512 280
865024 312
865544 319
866056 304
866572 255
867088 193
867604 112
868116 31
868636 12
869148 30
869668 71
870180 127
870696 195
871212 252
871728 295
872240 319
872760 318
873280 287
873792 231
874308 159
874820 79
875340 7
875852 15
876372 39
876884 96
877404 159
877916 224
878432 271
878944 312
879464 319
879976 312
880496 255
881008 206
881528 127
882040 44
882556 7
883068 24
883588 63
884100 120
884620 188
885132 243
885652 287
886164 316
886680 318
887192 291
887712 240
888224 167
888744 88
889256 15
889776 15
890288 39
890804 88
891316 152
891836 216
892348 255
892868 304
893380 319
893900 312
894412 275
894928 216
895440 135
895960 56
896472 7
896992 24
897504 56
898024 112
898536 176
899052 238
899564 286
900084 316
900596 319
901116 295
901628 252
902148 184
902660 103
903176 24
903688 14
904208 35
904720 79
905240 142
905752 199
906272 255
906784 300
907300 319
907812 312
908332 280
908844 224
909364 147
909876 63
910396 7
910908 19
911424 49
911936 103
912456 167
912968 231
913488 280
914000 312
914520 319
915032 304
915548 255
916060 193
916580 113
917092 35
917612 7
918124 30
918644 71
919156 127
919672 193
920184 252
920704 295
921216 319
921736 319
922248 287
922768 231
923280 159
923796 78
924320 7
924840 17
925352 48
925872 99
926384 159
926900 227
927412 280
927932 312
928444 319
928964 304
929476 255
929996 193
930508 120
931024 33
931536 7
932056 31
932568 67
933088 127
933600 192
934120 252
934632 291
935148 318
935660 316
936180 287
936692 231
937212 159
937724 79
938244 7
938756 15
939272 39
939784 96
940304 158
940816 220
941336 271
941848 312
942368 319
942880 312
943396 270
943908 207
944428 127
944940 48
945460 7
945972 24
946492 63
947004 120
947520 184
948032 243
948552 287
949064 316
949584 319
950096 291
950616 241
951128 176
951644 92
952156 15
952676 15
953188 39
953708 88
954220 152
954740 216
955252 255
955768 304
956280 319
956800 312
957312 271
957832 216
958344 135
958864 56
959376 7
959892 24
960404 56
960924 112
961436 176
961956 238
962468 286
962988 316
963500 319
964016 300
964528 255
965048 184
965560 103
966080 24
966592 14
967112 31
967624 78
968140 135
968652 199
969172 255
969684 295
970204 319
970716 313
971236 280
971748 224
972264 152
972776 63
973296 7
973808 19
974328 49
974840 103
975360 167
975872 227
976388 280
976900 312
977420 319
977932 304
978452 255
978964 193
979480 113
979996 31
980512 7
981024 30
981544 71
982060 127
982572 192
983092 254
983604 295
984124 319
984636 319
985156 287
985668 231
986184 159
986696 79
987216 7
987728 15
988248 46
988760 96
989280 158
989792 224
990308 271
990820 307
991340 319
991852 305
992372 255
992884 199
993404 124
993916 39
994432 7
994944 24
995464 63
995976 124
996496 192
997008 248
997528 287
998040 318
998556 319
999068 291
999588 241
1000100 167
1000620 92
1001132 15
1001652 15
1002164 39
1002680 88
1003192 152
1003712 216
1004224 255
1004744 305
1005256 319
1005776 312
1006288 271
1006804 216
1007316 135
1007836 56
1008348 7
1008868 24
1009380 57
1009900 113
1010412 176
1010928 240
1011440 286
1011960 312
1012472 319
1012992 295
1013504 252
1014024 177
1014536 99
1015052 24
1015564 14
1016084 31
1016596 79
1017116 143
1017628 206
1018148 255
1018660 304
1019176 319
1019688 316
1020208 280
1020720 224
1021240 143
1021752 63
1022272 7
1022784 19
1023300 51
1023812 103
1024332 167
1024844 231
1025364 280
1025876 312
1026396 319
1026908 304
1027424 255
1027936 192
1028456 112
1028968 31
1029488 14
1030000 31
1030520 71
1031032 127
1031548 195
1032060 255
1032580 295
1033092 318
1033612 316
1034124 286
1034644 227
1035156 156
1035672 71
1036184 7
1036704 15
1037216 48
1037736 97
1038248 159
1038768 224
1039280 275
1039796 312
1040308 319
1040828 307
1041340 255
1041860 199
1042372 124
1042892 39
1043404 7
1043920 28
1044432 63
1044952 126
1045464 192
1045984 248
1046496 287
1047016 319
1047528 319
1048044 291
1048556 240
1049076 167
1049588 88
1050108 15
1050620 15
1051140 39
1051652 92
1052168 152
1052680 216
1053200 270
1053712 304
1054232 319
1054744 312
1055264 271
1055776 207
