1032 96
1544 35
2060 14
2572 24
3092 49
3604 96
4124 143
4636 199
5152 252
5664 287
6184 318
6696 327
7216 319
7728 304
8248 255
8760 224
9276 159
9788 99
10308 39
10820 14
11340 24
11852 48
12368 89
12884 143
13400 195
13912 248
14432 287
14944 319
15464 334
15976 327
16492 312
17008 275
17524 227
18036 167
18556 112
19068 49
19588 14
20100 19
20616 39
21132 81
21648 127
22160 188
22680 240
23192 280
23712 312
24224 327
24740 327
25256 312
25772 280
26284 231
26804 176
27316 112
27836 56
28352 15
28864 17
29384 39
29896 79
30416 127
30928 184
31444 236
31956 280
32476 312
32988 327
33508 327
34020 319
34540 284
35052 240
35568 184
36080 124
36600 63
37112 15
37632 15
38144 31
38664 71
39176 120
39692 176
40204 225
40724 271
41236 305
41756 319
42268 334
42788 318
43300 287
43816 248
44328 192
44848 127
45360 63
45880 15
46392 15
46912 31
47424 67
47940 120
48452 167
48972 224
49484 271
50004 304
50516 327
51036 334
51548 319
52064 287
52576 252
53096 193
53608 135
54128 71
54640 24
55160 15
55672 30
56188 63
56700 112
57220 163
57732 216
58252 255
58764 304
59284 319
59796 335
60312 319
60824 295
61344 255
61856 199
62376 142
62888 79
63408 24
63920 15
64436 28
64948 62
65468 103
65980 159
66500 216
67012 255
67532 295
68044 319
68560 327
69072 319
69592 295
70104 255
70624 206
71136 143
71656 88
72168 31
72684 15
73196 28
73716 56
74228 99
74748 156
75260 207
75780 255
76292 295
76808 319
77320 334
77840 327
78352 304
78872 255
79384 216
79904 156
80416 96
80932 35
81444 14
81964 24
82476 51
82996 96
83508 143
84028 199
84540 252
85056 287
85568 318
86088 327
86600 319
87120 304
87632 255
88152 216
88664 158
89180 97
89692 39
90212 15
90724 24
91244 49
91756 96
92276 143
92788 199
93304 252
93816 287
94336 318
94848 334
95368 327
95880 312
96396 271
96912 225
97428 167
97940 103
98460 48
98972 15
99492 19
100004 44
100520 88
101036 135
101552 192
102064 240
102584 284
103104 313
103616 327
104132 327
104648 312
105164 273
105676 227
106196 167
106708 103
107228 48
107740 14
108256 24
108772 39
109288 83
109800 135
110320 192
110832 241
111352 284
111864 316
112380 327
112896 327
113412 316
113924 284
114444 231
114956 177
115476 120
115988 56
116504 15
117020 17
117536 39
118048 76
118568 127
119080 179
119600 231
120112 280
120628 312
121144 327
121660 327
122172 318
122692 286
123204 240
123724 184
124236 120
124752 57
125268 15
125784 15
126296 35
126816 71
127328 124
127848 177
128360 231
128876 275
129392 312
129908 327
130420 327
130940 318
131452 287
131972 241
132492 127
133012 63
133524 15
134044 15
134556 31
135072 71
135584 120
136104 174
136616 224
137136 271
137648 305
138164 327
138680 327
139196 319
139708 291
140228 252
140748 193
141260 127
141776 71
142292 24
142808 15
143320 31
143840 63
144352 112
144872 167
145384 220
145900 255
146416 304
146932 319
147444 332
147964 319
148476 295
148996 254
149508 199
150024 135
150540 71
151056 24
151568 15
152088 31
152600 63
153120 112
153632 163
154148 220
154664 255
155180 304
155692 319
156212 327
156724 319
157244 295
157756 255
158272 199
158788 142
159304 79
159816 24
160336 15
160848 28
161368 60
161880 103
162396 159
162912 216
163428 255
163940 304
164460 319
164972 335
165492 327
166004 304
166520 255
167036 207
167552 145
168064 88
168584 28
169096 14
169616 28
170128 56
170644 103
171160 158
171676 207
172188 255
172708 295
173220 319
173740 327
174252 319
174768 295
175284 255
175800 207
176312 147
176832 83
177344 31
177864 15
178376 28
178892 56
179404 99
179924 156
180436 207
180956 255
181468 295
181988 319
182500 335
183016 327
183528 305
184048 255
184560 216
185080 156
185592 96
186112 31
186624 14
187140 24
187652 51
188172 96
188684 152
189204 199
189716 254
190236 287
190748 319
191264 327
191776 319
192296 304
192808 255
193328 216
193840 156
194360 94
194872 35
195388 14
195900 24
196420 51
196932 96
197452 152
197964 199
198484 255
198996 287
199512 319
200024 334
200544 327
201056 312
201576 271
202088 224
202608 159
203120 103
203636 39
204148 14
204668 24
205180 48
205700 92
206212 142
206732 195
207244 248
207760 287
208272 318
208792 327
209304 327
209824 312
210336 271
210856 224
211368 159
211884 103
212396 39
212916 14
213428 24
213948 48
214460 92
214976 143
215488 195
216008 248
216524 287
217036 316
217556 327
218068 327
218588 312
219100 275
219616 224
220128 167
220648 103
221160 48
221680 14
222192 19
222712 44
223224 88
223740 135
224252 192
224772 243
225284 286
225804 316
226316 332
226836 327
227348 312
227864 280
228376 231
228896 167
229408 112
229928 48
230440 12
230960 19
231472 39
231988 83
232500 135
233020 192
233532 240
234052 284
234564 312
235084 327
235596 327
236112 312
236624 280
237144 231
237656 176
238176 112
238688 56
239208 15
239720 17
240236 39
240748 79
241268 127
241780 188
242300 240
242812 280
243332 316
243844 332
244360 334
244872 318
245392 286
245904 231
246424 184
246936 120
247456 56
247968 15
248484 15
248996 39
249516 78
250028 127
250548 184
251060 231
251580 280
252092 312
252608 327
253120 327
253640 316
254152 284
254672 236
255184 177
255704 120
256216 57
256732 15
257244 15
257764 39
258276 76
258796 127
259308 184
259828 231
260340 280
260856 312
261368 327
261888 334
262400 319
262920 287
263432 248
263952 184
264468 96
264980 31
265500 14
266012 24
266532 56
267044 96
267560 152
268072 199
268592 254
269104 291
269624 319
270136 334
270656 327
271168 312
271684 270
272196 224
272716 159
273228 96
273748 39
274264 14
274776 24
275296 49
275808 92
276328 143
276840 199
277356 252
277872 287
278388 319
278900 334
279420 327
279932 312
280452 271
280964 224
281480 159
281996 99
282512 39
283024 14
283544 24
284056 48
284576 92
285088 143
285604 199
286120 248
286636 287
287148 319
287668 327
288180 327
288700 312
289212 271
289728 224
290240 163
290760 99
291272 39
291792 14
292304 24
292824 48
293336 88
293852 142
294364 193
294884 248
295396 287
295916 319
296428 334
296948 327
297460 312
297976 280
298488 227
299008 167
299520 103
300040 48
300552 12
301072 19
301584 48
302100 88
302612 135
303132 192
303644 243
304164 286
304676 316
305196 327
305708 327
306224 312
306736 271
307256 225
307768 167
308288 103
308800 48
309320 14
309832 24
310348 44
310860 88
311380 135
311892 192
312412 243
312924 287
313444 319
313956 334
314472 334
314984 316
315504 280
316016 231
316536 176
317048 112
317568 51
318080 14
318596 17
319108 39
319628 79
320140 127
320660 192
321172 240
321692 284
322204 312
322720 327
323232 327
323752 312
324264 280
324784 231
325296 176
325816 112
326328 49
326844 14
327356 19
327876 46
328388 79
328908 127
329420 192
329940 240
330452 284
330968 316
331480 334
332000 327
332512 318
333032 284
333544 231
334064 177
334576 120
335092 56
335604 14
336124 15
336636 39
337156 79
337668 127
338188 184
338700 231
339216 280
339728 312
340248 327
340760 327
341280 316
341792 286
342312 240
342824 179
343340 120
343852 56
344372 14
344884 17
345404 39
345916 79
346436 127
346948 184
347464 231
347976 280
348496 312
349016 327
349528 327
350044 316
350560 286
351076 240
351588 184
352108 120
352620 62
353140 15
353652 15
354168 35
354684 71
355200 126
355712 179
356232 231
356744 280
357264 312
357776 327
358292 334
358808 319
359324 287
359836 243
360356 185
360868 124
361388 60
361900 15
362416 15
362932 35
363448 71
363960 124
364480 177
364992 231
365512 275
366024 307
366540 327
367056 327
367572 318
368084 287
368604 240
369116 184
369636 124
370148 63
370664 15
371180 15
371696 35
372208 71
372728 124
373240 176
373760 227
374272 271
374788 312
375304 327
375820 335
376332 319
376852 287
377364 248
377884 192
378396 127
378912 63
379428 15
379944 15
380456 31
380976 67
381488 120
382008 172
382520 224
383036 271
383552 304
384068 327
384580 327
385100 319
385612 287
386132 248
386644 192
387160 127
387676 67
388192 15
388704 15
389224 31
389736 71
390256 120
390768 176
391284 225
391800 271
392316 307
392828 327
393348 335
393860 319
394380 295
394892 252
395408 195
395924 135
396452 39
396968 12
397480 24
398000 48
398512 88
399032 143
399544 195
400060 248
400576 287
401092 319
401604 332
402124 327
402636 312
403156 271
403668 224
404184 163
404700 99
405216 39
405728 12
406248 24
406760 48
407280 92
407792 143
408308 195
408824 248
409340 287
409852 319
410372 334
410884 327
411404 312
411916 271
412432 224
412948 167
413464 103
413976 48
414496 14
415008 24
415528 48
416040 88
416556 135
417072 192
417588 248
418100 287
418620 319
419132 334
419652 327
420164 316
420680 280
421196 231
421712 167
422224 103
422744 48
423256 14
423776 24
424288 44
424804 88
425320 135
425836 192
426348 243
426868 286
427388 316
427900 327
428416 327
428932 312
429448 271
429960 225
430480 167
430992 103
431512 48
432024 14
432540 19
433056 46
433572 88
434084 135
434604 192
435116 243
435636 287
436148 318
436664 335
437180 334
437696 318
438208 280
438728 231
439240 176
439760 112
440272 49
440788 14
441304 19
441820 39
442332 79
442852 127
443364 192
443884 240
444396 284
444912 316
445424 327
445944 327
446456 312
446976 280
447488 227
448008 167
448520 112
449036 48
449548 14
450068 19
450580 39
451100 81
451612 127
452132 192
452644 240
453160 286
453672 316
454192 334
454704 327
455224 318
455736 284
456256 231
456768 176
457284 113
457796 56
458316 14
458828 17
459348 39
459860 79
460380 127
460892 184
461408 240
461920 280
462440 312
462952 327
463472 327
463984 312
464504 280
465016 231
465532 176
466044 112
466564 56
467076 14
467596 17
468108 39
468628 79
469140 127
469656 192
470168 240
470688 284
471200 316
471720 327
472232 327
472752 316
473264 284
473780 238
474292 179
474812 120
475324 60
475844 15
476356 15
476876 39
477388 78
477904 127
478416 184
478936 231
479448 280
479968 312
480480 327
481000 327
481512 319
482028 286
482540 240
483060 184
483572 120
484092 56
484604 14
485124 17
485636 39
486152 79
486664 127
487184 184
487696 231
488216 280
488728 312
489248 327
489760 327
490276 316
490788 284
491308 240
491820 184
492340 120
492852 62
493372 15
493884 15
494400 39
494912 71
495432 126
495944 184
496464 231
496976 280
497496 312
498008 327
498524 334
499036 319
499556 287
500068 241
500588 188
501100 124
501616 63
502128 15
502648 15
503164 35
503676 71
504196 124
504708 176
505228 227
505740 275
506260 312
506772 327
507288 327
507800 318
508320 286
508832 240
509352 184
509864 124
510384 62
510896 15
511412 15
511924 35
512444 71
512956 124
513476 177
513988 231
514508 280
515020 312
515536 327
516048 335
516568 319
517080 287
517600 248
518112 192
518632 127
519144 63
519660 15
520172 15
520692 33
521204 71
521724 120
522236 176
522756 225
523268 271
523784 305
524296 327
524816 327
525328 319
525848 287
526360 248
526880 192
527392 127
527908 63
528420 14
528932 19
529452 39
529964 79
530484 127
530996 184
531516 240
532028 280
532544 312
533056 327
533576 327
534088 312
534608 280
535120 231
535640 176
536152 112
536668 56
537180 14
537700 17
538212 39
538732 79
539244 127
539764 192
540276 240
540792 284
541304 316
541824 334
542336 327
542856 318
543368 286
543888 240
544400 184
544916 120
545428 56
545948 14
546460 15
546980 39
547492 76
548008 127
548524 184
549040 231
549552 280
550072 312
550584 327
551104 327
551616 316
552132 284
552648 236
553164 177
553676 120
554196 56
554708 14
555228 15
555740 39
556256 79
556772 127
557288 184
557800 236
558320 280
558832 313
559352 327
559864 327
560380 318
560896 286
561412 240
561924 184
562444 120
562956 60
563476 15
563988 15
564504 39
565020 71
565536 126
566048 179
566568 231
567080 280
567600 312
568112 327
568628 327
569144 319
569660 287
570172 240
570692 184
571204 124
571724 60
572236 14
572752 15
573268 35
573784 78
574296 127
574816 184
575328 231
575848 280
576360 312
576876 327
577392 327
577908 316
578420 286
578940 240
579452 184
579972 124
580484 60
581000 15
581516 15
582032 35
582544 71
583064 124
583576 177
584096 231
584608 280
585124 312
585640 327
586156 335
586668 319
587188 287
587700 248
588220 192
588732 127
589248 63
589764 15
590280 15
590792 35
591312 71
591824 124
592344 177
592856 227
593372 273
593884 312
594404 327
594920 327
595432 318
595952 287
596464 241
596984 184
597496 124
598012 63
598528 15
599044 15
599556 35
600076 71
600588 124
601108 177
601620 231
602136 275
602652 312
603168 327
603680 335
604200 319
604712 287
605232 248
605744 192
606260 127
606776 63
607292 15
607804 15
608324 31
608836 71
609356 120
609868 176
610384 225
610900 271
611416 305
611928 327
612448 327
612960 319
613480 287
613992 248
614508 192
615024 127
615540 63
616052 15
616572 15
617084 33
617604 71
618116 120
618632 176
619148 227
619664 275
620176 312
620696 327
621208 335
621728 319
622240 287
622756 248
623272 192
623788 127
624300 71
624820 15
625332 15
625852 31
626364 63
626880 120
627396 167
627912 224
628424 270
628944 305
629456 327
629976 334
630488 319
631004 287
631520 248
632036 192
632548 127
633068 63
633580 15
634100 15
634612 31
635128 67
635644 120
636160 174
636672 224
637192 271
637704 305
638224 327
638736 334
639252 319
639768 287
640284 248
640796 192
641316 127
641828 71
642348 17
642860 15
643376 31
643892 63
644408 113
644920 167
645440 224
645952 270
646472 305
646984 327
647500 335
648016 319
648532 295
649044 254
649564 195
650076 127
650596 71
651108 17
651624 15
652140 31
652656 63
653168 113
653688 167
654200 224
654720 270
655232 304
655748 319
656264 327
656780 319
657292 287
657812 248
658324 192
658844 127
659356 71
659872 19
660388 19
660900 39
661420 83
661932 135
662452 192
662964 240
663480 284
663996 316
664512 327
665024 327
665544 312
666056 280
666576 227
667088 167
667604 108
668120 48
668636 14
669148 24
669668 48
670180 88
670700 135
671212 192
671728 243
672244 287
672760 316
673272 327
673792 327
674304 312
674824 280
675336 227
675852 172
676368 112
676884 51
677396 14
677916 19
678428 39
678948 81
679460 127
679976 192
680492 240
681008 284
681520 318
682040 327
682552 334
683072 316
683584 280
684100 231
684616 176
685132 112
685644 48
686164 14
686676 19
687196 39
687708 83
688224 135
688736 192
689256 240
689768 286
690288 316
690800 327
691320 327
691832 312
692348 280
692860 227
693380 174
693892 112
694412 51
694924 14
695444 19
695956 39
696472 81
696984 127
697504 192
698016 240
698536 284
699048 318
699568 334
700080 334
700596 318
701108 284
701628 231
702148 176
702660 113
703180 51
703692 12
704208 17
704720 39
705240 79
705752 127
706272 192
706784 240
707304 280
707816 312
708332 327
708844 327
709364 312
709876 280
710396 231
710908 176
711428 112
711940 56
712456 14
712968 17
713488 39
714000 79
714520 127
715032 192
715552 240
716064 284
716580 318
717092 334
717612 334
718124 318
718644 284
719156 236
719676 177
720188 120
720704 56
721216 14
721736 19
722248 39
722768 79
723280 127
723800 184
724312 231
724828 280
725340 312
725860 327
726372 327
726892 316
727404 280
727920 231
728436 176
728952 112
729464 56
729984 14
730496 19
731016 39
731528 79
732044 127
732560 192
733076 240
733588 284
734108 316
734620 327
735140 334
735652 318
736168 284
736684 238
737200 177
737712 120
738232 60
738744 15
739264 17
739776 39
740292 78
740808 127
741324 184
741836 231
742356 280
742868 312
743388 327
743900 334
744416 318
744932 286
745448 240
745960 177
746480 120
746992 56
747512 14
748024 17
748540 39
749056 79
749572 127
750084 188
750604 240
751116 280
751636 312
752148 327
752664 327
753180 316
753696 284
754208 231
754728 177
755240 115
755760 56
756272 15
756788 17
757304 39
757820 78
758332 127
758852 184
759364 238
759884 280
760396 312
760912 327
761428 335
761944 319
762456 287
762976 240
763488 184
764008 120
764520 60
765036 15
765552 17
766068 39
766580 78
767100 127
767612 184
768132 231
768644 280
769160 312
769676 327
770192 327
770704 316
771224 284
771736 231
772256 184
772768 120
773284 57
773800 15
774316 17
774828 35
775348 78
775860 127
776376 179
776888 231
777408 280
777924 312
778436 327
778956 335
779468 319
779988 287
780500 240
781016 192
781532 124
782048 63
782560 15
783080 15
783592 35
784112 71
784624 124
785140 176
785656 227
786172 271
786684 307
787204 327
787716 327
788236 318
788748 287
789264 240
789780 184
790296 124
790808 63
791328 15
791840 15
792360 48
792872 88
793388 135
793900 192
794420 248
794932 287
795452 318
795964 327
796480 327
796996 312
797512 280
798024 227
798544 167
799056 112
799576 48
800088 14
800604 19
801120 39
801636 83
802148 135
802668 192
803180 241
803700 286
804212 318
804728 334
805244 334
805760 316
806272 280
806792 231
807304 176
807824 112
808336 48
808852 14
809368 19
809884 46
810396 81
810916 135
811428 192
811948 241
812460 286
812976 316
813492 327
814008 327
814520 313
815040 280
815552 227
816072 167
816584 110
817100 48
817616 15
818132 24
818644 39
819164 83
819676 127
820196 192
820708 241
821224 287
821740 318
822256 335
822768 334
823288 316
823800 285
824320 231
824832 176
825348 112
825864 51
826380 14
826892 17
827412 46
827924 81
828444 127
828960 192
829472 240
829992 284
830504 316
831024 327
831536 327
832056 312
832568 280
833084 227
833596 172
834116 112
834628 48
835148 12
835660 19
836180 39
836692 81
837208 135
837720 192
838240 241
838752 287
839272 318
839784 334
840304 334
840816 318
841332 284
841844 231
842364 176
842876 113
843396 56
843908 14
844428 19
844940 39
845456 79
845968 127
846488 188
847000 240
847520 284
848032 312
848552 327
849064 327
849580 316
850092 280
850612 231
851124 176
851644 112
852156 49
852676 14
853188 19
853704 39
854216 81
854736 135
855248 192
855768 240
856280 286
856800 318
857312 327
857828 332
858340 316
858860 281
859372 231
859892 176
860404 113
860924 56
861436 14
861952 17
862464 39
862984 79
863496 127
864016 185
864528 240
865048 284
865560 312
866076 332
866588 327
867108 316
867620 284
868140 231
868652 176
869172 113
869684 51
870200 14
870712 19
871232 39
871744 79
872264 127
872776 192
873296 240
873808 284
874324 316
874836 327
875356 327
875868 316
876388 280
876900 231
877420 176
877932 113
878448 56
878960 15
879480 19
879992 39
880512 79
881024 127
881544 188
882056 240
882572 284
883084 316
883604 327
884116 334
884636 319
885148 286
885668 240
886180 179
886696 120
887208 56
887728 14
888240 17
888760 39
889272 79
889792 127
890304 184
890820 238
891332 281
891852 312
892364 327
892884 327
893396 316
893916 280
894428 231
894944 176
895456 113
895976 51
896488 14
897008 17
897520 39
898040 79
898552 127
899068 188
899580 240
900100 284
900612 316
901132 334
901644 335
902164 319
902676 287
903192 240
903712 184
904224 120
904744 56
905256 15
905772 17
906288 39
906804 78
907316 127
907836 184
908348 231
908868 280
909380 312
909896 327
910412 327
910928 316
911440 284
911960 231
912472 177
912992 113
913504 56
914020 14
914536 17
915052 39
915564 79
916084 127
916596 188
917116 240
917628 280
918144 316
918660 327
919176 334
919688 319
920208 287
920720 240
921240 184
921752 124
922268 56
922784 15
923300 15
923812 39
924332 92
924844 142
925360 195
925872 248
926392 287
926904 318
927424 335
927936 327
928456 312
928968 273
929484 225
929996 167
930516 103
931028 48
931548 14
932060 24
932580 46
933092 88
933608 135
934120 192
934640 248
935152 287
935672 318
936184 327
936704 332
937216 312
937732 280
938244 227
938764 167
939276 103
939796 48
940308 14
940828 24
941340 48
941856 88
942368 140
942888 193
943400 248
943920 287
944432 318
944952 327
945464 327
945980 312
946492 271
947012 224
947524 167
948044 103
948556 46
949076 15
949588 19
950104 46
950616 88
951136 135
951648 193
952168 248
952680 287
953200 318
953712 334
954228 334
954740 316
955260 280
955772 231
956292 167
956804 103
957320 48
957836 14
958352 24
958864 44
959384 88
959896 135
960416 192
960928 241
961444 286
961960 316
962476 327
962988 327
963508 312
964020 271
964540 224
965052 167
965568 103
966084 46
966600 14
967112 24
967632 48
968144 88
968664 135
969176 192
969692 248
970208 287
970724 319
971236 335
971756 334
972276 316
972788 280
973304 227
973820 174
974336 103
974848 49
975368 14
975880 19
976400 44
976912 83
977428 135
977944 192
978460 241
978972 284
979492 316
980004 327
980524 327
981036 312
981552 275
982068 225
982584 167
983096 103
983616 44
984128 14
984648 24
985160 46
985676 88
986192 135
986708 193
987220 248
987740 287
988252 318
988772 334
989284 334
989800 316
990316 280
990832 227
991344 172
991864 112
992376 49
992896 14
993408 17
993924 39
994440 83
994956 135
995468 192
995988 241
996500 286
997020 316
997532 327
998048 327
998560 312
999080 280
999592 231
1000112 167
1000624 110
1001144 48
1001656 14
1002172 24
1002684 46
1003204 88
1003716 135
1004236 192
1004748 241
1005268 287
1005780 316
1006296 327
1006808 327
1007328 312
1007840 280
1008360 231
1008872 172
1009392 112
1009904 49
1010420 14
1010932 19
1011452 39
1011964 81
1012484 127
1012996 192
1013516 241
1014028 286
1014544 318
1015056 334
1015576 334
1016088 316
1016608 280
1017120 231
1017640 176
1018152 103
1018668 48
1019180 14
1019700 19
1020212 39
1020732 81
1021244 135
1021764 192
1022276 240
1022792 286
1023304 316
1023824 327
1024336 327
1024856 312
1025368 280
1025888 231
1026400 167
1026916 110
1027428 49
1027948 14
1028460 19
1028980 39
1029492 81
1030012 135
1030524 192
1031040 240
1031552 286
1032072 318
1032584 334
1033104 334
1033616 318
1034136 280
1034648 236
1035164 176
1035676 113
1036196 51
1036708 14
1037228 19
1037740 39
1038260 79
1038772 127
1039288 192
1039800 240
1040320 284
1040832 312
1041352 327
1041864 327
1042384 312
1042896 280
1043412 231
1043924 174
1044444 112
1044956 49
1045476 14
1045988 19
1046504 39
1047016 79
1047536 135
1048052 192
1048564 241
1049084 287
1049596 318
1050116 335
1050628 334
1051148 316
1051660 284
1052176 231
1052688 176
1053208 115
1053720 56
1054240 14
1054752 17
1055272 39
1055784 79
