60 399
124 81
188 103
252 124
312 135
380 156
444 174
504 192
568 199
632 216
692 227
756 243
816 255
880 255
940 280
1004 287
1064 304
1128 316
1192 319
1252 335
1316 348
1384 359
1444 368
1508 384
1572 385
1632 391
1696 408
1756 414
1820 419
1880 432
1944 440
2008 448
2068 451
2132 462
2192 472
2256 480
2316 481
2380 487
2448 497
2512 508
2572 512
2636 515
2696 526
2760 527
2820 540
2884 543
2948 551
3008 551
3072 560
3132 568
3196 572
3256 575
3320 583
3384 590
3452 591
3512 600
3576 608
3636 609
3700 611
3764 620
3824 624
3888 632
3948 632
4012 638
4072 639
4136 639
4196 647
4260 654
4324 655
4384 664
4452 668
4516 670
4576 671
4640 675
4704 679
4764 688
4828 688
4888 696
4952 696
5012 704
5076 704
5140 705
5200 707
5264 711
5324 716
5388 719
5448 719
5516 728
5580 728
5644 732
5704 736
5768 736
5828 736
5892 739
5952 743
6016 743
6080 743
6140 768
6204 768
6264 768
6328 768
6388 768
6452 768
6520 768
6584 768
6644 768
6708 768
6768 768
6832 768
6896 768
6956 768
7020 752
7080 743
7144 743
7204 736
7268 736
7328 728
7392 719
7456 711
7516 704
7584 696
7648 684
7708 671
7772 664
7836 639
7896 636
7960 624
8020 608
8084 591
8144 575
8208 560
8272 543
8332 526
8396 508
8456 487
8520 463
8588 448
8652 419
8712 399
8776 384
8836 355
8900 334
8960 312
9024 286
9084 255
9148 240
9212 211
9272 192
9336 159
9396 135
9460 112
9520 88
9592 62
9652 35
9716 15
9776 3
9840 1
9900 1
9964 1
10028 1
10088 3
10152 3
10212 3
10276 3
10336 7
10400 7
10460 14
10524 15
10588 17
10656 24
10716 30
10780 35
10840 39
10904 48
10968 56
11028 63
11092 71
11152 79
11216 94
11276 99
11340 112
11404 124
11464 127
11528 143
11588 158
11656 167
11720 179
11784 192
11844 199
11908 216
11968 224
12032 238
12092 248
12156 255
12216 255
12280 280
12344 287
12404 295
12468 305
12528 316
12592 319
12660 334
12724 344
12784 352
12848 355
12908 364
12972 369
13032 384
13096 384
13160 387
13220 391
13284 399
13344 408
13408 412
13468 414
13532 415
13592 415
13656 423
13720 423
13784 423
13848 428
13908 432
13972 428
14032 432
14096 430
14156 430
14220 423
14284 423
14344 419
14408 415
14468 415
14532 414
14592 408
14656 399
14724 391
14788 387
14848 384
14912 384
14972 368
15036 359
15096 352
15160 344
15220 334
15284 319
15348 312
15408 304
15472 287
15532 281
15596 255
15656 255
15728 241
15788 227
15852 220
15912 206
15976 192
16036 177
16096 158
16160 143
16220 127
16284 115
16344 103
16408 92
16472 78
16532 63
16596 49
16664 35
16724 24
16788 15
16852 7
16912 3
16976 3
17036 3
17100 3
17160 3
17224 7
17288 7
17348 7
17412 7
17472 14
17536 15
17596 15
17660 19
17724 24
17788 30
17852 31
17912 39
17976 46
18036 49
18100 56
18160 63
18224 71
18288 79
18348 88
18412 96
18472 103
18536 112
18596 120
18660 127
18728 135
18792 152
18852 158
18916 167
18976 176
19040 184
19100 193
19164 199
19228 216
19288 224
19352 231
19412 240
19476 248
19536 255
19600 255
19664 270
19732 280
19792 286
19856 287
19916 295
19980 304
20044 312
20104 318
20168 319
20228 327
20292 334
20352 335
20416 344
20476 348
20540 352
20604 352
20664 353
20728 359
20796 359
20856 359
20920 359
20984 364
21044 364
21108 368
21168 366
21232 359
21292 359
21356 359
21420 359
21480 355
21544 353
21604 352
21668 348
21728 344
21796 335
21860 334
21924 319
21984 319
22048 316
22108 307
22172 304
22232 291
22296 287
22360 280
22420 271
22484 255
22544 255
22608 248
22668 236
22732 224
22800 216
22864 206
22924 193
22988 188
23048 176
23112 163
23176 156
23236 143
23300 127
23360 124
23424 112
23484 103
23548 92
23608 79
23672 71
23736 62
23796 56
23864 39
23928 31
23988 24
24052 15
24116 7
24176 7
24240 7
24300 3
24364 7
24424 7
24488 7
24552 7
24612 7
24676 7
24736 15
24800 15
24868 17
24932 24
24992 28
25056 31
25116 31
25180 39
25240 46
25304 49
25364 56
25428 63
25492 71
25552 78
25616 83
25676 92
25740 99
25800 108
25872 120
25932 127
25996 127
26056 143
26120 152
26180 159
26244 167
26308 176
26368 185
26432 193
26492 199
26556 207
26616 220
26680 225
26740 231
26804 241
26868 248
26936 255
26996 255
27060 271
27120 280
27184 284
27248 287
27308 295
27372 304
27432 307
27496 312
27556 318
27620 319
27684 319
27744 327
27808 334
27868 335
27936 335
28000 344
28064 344
28124 344
28188 348
28248 348
28312 348
28372 348
28436 348
28496 345
28560 348
28624 344
28684 344
28748 337
28808 335
28872 334
28940 327
29004 327
29064 319
29128 318
29188 312
29252 307
29312 304
29376 295
29440 287
29500 284
29564 271
29624 270
29688 255
29748 252
29812 248
29872 231
29936 225
30004 216
30068 207
30128 199
30192 192
30252 177
30316 167
30380 159
30440 152
30504 140
30564 127
30628 120
30688 112
30752 103
30816 96
30876 83
30940 71
31008 63
31068 56
31132 48
31196 39
31256 31
31320 24
31380 15
31444 7
31504 7
31568 7
31628 7
31692 7
31756 7
31816 7
31880 7
31940 7
32008 14
32072 15
32132 17
32192 24
32256 24
32320 28
32380 31
32444 35
32504 39
32568 48
32628 56
32696 62
32760 63
32824 71
32884 79
32948 88
33008 96
33072 103
33132 112
33196 120
33260 127
33320 135
33384 143
33444 152
33508 159
33568 167
33632 177
33700 192
33764 195
33824 206
33888 211
33948 224
34012 227
34072 231
34136 241
34200 252
34260 255
34324 255
34384 271
34448 280
34508 284
34572 287
34636 295
34704 302
34764 304
34828 312
34888 316
34952 319
35016 319
35076 327
35140 327
35200 334
35264 335
35324 335
35388 335
35448 344
35512 344
35576 344
35636 344
35700 344
35768 344
35828 344
35892 344
35956 335
36016 335
36080 335
36140 327
36204 327
36264 319
36328 319
36392 318
36452 312
36516 305
36576 304
36640 295
36700 287
36768 284
36832 280
36896 270
36956 255
37020 255
37080 248
37144 240
37204 227
37268 224
37332 216
37392 199
37456 195
37516 188
37580 176
37640 167
37704 159
37772 147
37836 135
37896 127
37960 120
38020 112
38084 99
38148 92
38208 79
38272 71
38332 63
38396 56
38456 48
38520 39
38580 31
38644 24
38708 17
38768 14
38836 7
38900 7
38960 7
39024 7
39088 7
39148 7
39212 7
39272 7
39336 12
39396 15
39460 15
39524 19
39584 24
39648 28
39708 31
39772 31
39840 39
39904 46
39964 51
40028 56
40088 63
40152 67
40212 78
40276 81
40336 92
40400 97
40464 103
40524 113
40588 120
40648 127
40712 135
40772 143
40844 156
40904 163
40968 172
41028 184
41092 192
41152 195
41216 207
41280 216
41340 224
41404 227
41464 236
41528 241
41588 252
41652 255
41712 255
41776 271
41840 275
41908 284
41968 287
42032 295
42092 295
42156 305
42220 312
42280 316
42344 318
42404 319
42468 319
42528 327
42592 327
42656 335
42716 335
42780 335
42840 339
42908 344
42972 344
43036 344
43096 344
43160 344
43220 337
43284 335
43344 335
43408 335
43468 327
43532 327
43596 319
43656 319
43720 318
43780 312
43844 305
43904 304
43976 295
44036 287
44100 284
44160 280
44224 271
44284 255
44348 255
44412 248
44472 240
44536 231
44596 224
44660 216
44720 207
44784 199
44844 192
44908 179
44976 167
45040 159
45100 152
45164 142
45224 127
45288 124
45352 112
45412 103
45476 96
45536 88
45600 76
45660 63
45724 60
45788 51
45848 39
45912 35
45980 30
46040 19
46104 15
46168 7
46228 7
46292 7
46352 7
46416 7
46476 7
46540 7
46600 7
46664 12
46728 14
46788 15
46852 15
46912 24
46976 24
47044 30
47108 31
47168 35
47232 39
47292 48
47356 56
47416 60
47480 63
47544 71
47604 79
47668 88
47728 96
47792 103
47852 112
47916 120
47976 127
48048 135
48108 143
48168 156
48228 159
48292 167
48356 177
48416 192
48480 195
48540 204
48604 209
48664 220
48728 225
48796 231
48860 241
48920 252
48984 255
49044 255
49108 270
49168 280
49232 284
49292 287
49356 291
49420 295
49480 304
49544 307
49604 312
49668 318
49728 319
49792 319
49860 327
49924 327
49984 334
50048 335
50108 335
50172 335
50232 335
50296 339
50360 337
50420 339
50484 335
50544 335
50608 335
50668 335
50732 334
50796 327
50864 327
50924 319
50988 319
51048 316
51112 312
51176 305
51236 304
51300 295
51360 287
51424 284
51484 280
51548 270
51608 255
51672 255
51736 248
51796 240
51864 231
51928 224
51988 216
52052 207
52116 195
52176 192
52240 177
52300 167
52364 159
52424 152
52488 142
52552 127
52612 124
52676 113
52736 103
52800 96
52860 88
52928 78
52992 63
53056 60
53116 51
53180 39
53240 35
53304 28
53364 24
53428 15
53492 7
53552 7
53616 7
53676 7
53740 7
53800 7
53864 7
53932 7
53996 12
54056 14
54120 15
54180 15
54244 24
54308 24
54368 30
54432 31
54492 39
54556 39
54616 48
54680 56
54740 60
54804 63
54868 71
54936 79
54996 88
55060 96
55120 103
55184 112
55248 120
55308 127
55372 135
55432 143
55496 152
55556 159
55620 167
55684 176
55744 184
55808 192
55868 199
55932 207
56000 216
56064 225
56124 231
56188 240
56248 248
56312 255
56372 255
56436 255
56496 271
56560 280
56624 287
56684 287
56748 295
56808 304
56872 307
56932 312
57004 318
57064 319
57128 319
57188 327
57252 327
57312 327
57376 335
57440 335
57500 335
57564 335
57624 337
57688 339
57748 339
57812 337
57872 335
57936 335
58004 335
58068 335
58128 334
58192 327
58252 319
58316 319
58380 319
58440 316
58504 312
58564 304
58628 295
58688 295
58752 287
58816 284
58876 271
58940 255
59000 255
59068 252
59132 248
59196 231
59256 227
59320 220
59380 211
59444 199
59504 193
59568 184
59628 176
59692 167
59756 158
59816 147
59880 135
59940 127
60004 120
60072 110
60136 99
60196 92
60260 81
60320 71
60384 63
60444 56
60508 48
60572 39
60632 31
60696 24
60756 19
60820 15
60880 7
60944 7
61004 7
61076 7
61136 7
61200 7
61260 7
61324 7
61384 14
61448 15
61512 15
61572 19
61636 24
61696 28
61760 31
61820 31
61884 39
61948 46
62008 49
62072 56
62140 63
62200 63
62264 71
62328 79
62388 92
62452 96
62512 103
62576 112
62636 120
62700 127
62760 135
62824 143
62888 156
62948 159
63012 167
63072 177
63140 192
63204 195
63268 204
63328 216
63392 224
63452 227
63516 231
63576 241
63640 248
63704 255
63764 255
63828 270
63888 280
63952 280
64012 287
64076 295
64136 300
64196 304
64256 312
64320 312
64380 318
64444 319
64504 319
64568 327
64628 327
64692 334
64756 335
64816 335
64880 335
64940 335
65004 335
65072 335
65136 335
65196 335
65260 335
65320 335
65384 335
65444 332
65508 327
65572 327
65632 319
65696 319
65756 318
65820 312
65880 307
65944 304
66004 295
66076 287
66136 284
66200 280
66260 271
66324 255
66384 255
66448 248
66512 240
66572 231
66636 224
66696 216
66760 207
66820 199
66884 192
66948 184
67008 167
67072 159
67136 152
67200 143
67264 127
67324 124
67388 115
67448 103
67512 96
67572 88
67636 79
67696 71
67760 63
67824 56
67884 46
67948 35
68008 31
68072 24
68140 15
68200 14
68264 7
68328 7
68388 7
68452 7
68512 7
68576 7
68636 7
68700 7
68764 15
68824 15
68888 17
68948 19
69012 24
69072 28
69140 31
69204 35
69268 39
69328 48
69392 51
69452 60
69516 63
69576 71
69640 79
69704 88
69764 96
69828 99
69888 110
69952 120
70012 126
70076 127
70136 142
70208 152
70268 159
70332 167
70392 176
70456 184
70516 192
70580 199
70644 207
70704 216
70768 224
70828 231
70892 240
70952 248
71016 254
71080 255
71140 255
71208 271
71272 280
71332 287
71396 287
71460 295
71520 304
71584 305
71644 312
71708 316
71768 319
71832 319
71892 327
71956 327
72020 334
72080 335
72144 335
72212 335
72272 344
72336 339
72400 344
72460 344
72524 344
72584 339
72648 335
72708 335
72772 335
72836 334
72896 327
72960 327
73020 319
73084 319
73144 316
73208 312
73276 305
73340 302
73400 295
73464 287
73524 284
73588 275
73648 271
73712 255
73776 255
73836 248
73900 240
73960 231
74024 224
74084 216
74148 207
74212 195
74280 184
74340 176
74404 167
74464 159
74528 152
74592 140
74652 127
74716 120
74776 112
74840 103
74900 96
74964 83
75024 71
75088 63
75152 60
75212 49
75280 39
75344 31
75404 25
75468 19
75532 15
75592 7
75656 7
75716 7
75780 7
75840 7
75904 7
75964 7
76028 7
76092 12
76152 15
76216 15
76276 19
76344 24
76408 28
76472 31
76532 31
76596 39
76656 44
76720 48
76780 56
76844 62
76908 63
76968 71
77032 79
77092 88
77156 96
77216 103
77280 112
77348 120
77412 127
77472 135
77536 143
77596 152
77660 159
77720 167
77784 177
77848 188
77908 193
77972 199
78032 207
78096 220
78156 224
78220 231
78284 240
78352 248
78412 255
78476 255
78536 270
78600 275
78664 280
78724 287
78788 287
78848 295
78912 304
78972 312
79036 312
79096 318
79160 319
79224 319
79284 327
79348 327
79416 334
79476 335
79540 335
79604 335
79664 339
79728 339
79788 339
79852 339
79912 339
79976 335
80040 335
80100 335
80164 332
80228 327
80288 319
80352 319
80416 319
80476 316
80540 312
80600 304
80668 300
80732 295
80792 287
80856 284
80920 273
80980 255
81044 255
81104 254
81168 248
81228 240
81292 231
81356 224
81416 216
81480 199
81540 193
81604 188
81672 176
81736 167
81796 158
81860 152
81920 135
81984 127
82044 120
82108 112
82168 103
82232 96
82296 83
82356 71
82420 63
82480 56
82544 49
82604 39
82668 31
82736 28
82800 17
82860 14
82924 7
82984 7
83048 7
83112 7
83172 7
83236 7
83296 7
83360 7
83420 14
83484 15
83544 15
83608 17
83672 24
83740 28
83800 31
83864 31
83924 39
83988 44
84052 48
84112 56
84176 62
84236 67
84300 71
84360 81
84424 88
84488 96
84548 103
84612 112
84672 120
84740 127
84804 135
84868 143
84928 156
84992 159
85052 167
85116 177
85176 192
85240 195
85300 199
85364 211
85428 220
85488 227
85552 231
85612 241
85676 248
85736 255
85808 255
85868 271
85932 280
85992 284
86056 287
86116 291
86180 295
86244 304
86304 312
86368 312
86428 318
86492 319
86552 319
86616 327
86676 327
86740 335
86808 335
86872 335
86932 335
86996 335
87056 344
87120 344
87184 344
87244 337
87308 339
87368 335
87432 335
87492 334
87556 327
87620 327
87680 319
87744 319
87812 318
87872 316
87936 307
88000 304
88060 295
88124 287
88184 287
88248 280
88308 271
88372 255
88432 255
88496 248
88560 241
88620 231
88684 225
88744 216
88808 207
88872 199
88936 192
89000 184
89060 174
89124 159
89184 156
89248 143
89308 135
89372 126
89432 120
89496 103
89560 97
89620 88
89684 79
89744 71
89808 63
89876 56
89940 48
90000 35
90064 31
90124 24
90188 15
90248 14
90312 7
90376 7
90436 7
90500 7
90560 7
90624 7
90684 7
90748 7
90808 14
90880 15
90940 15
91004 24
91064 24
91128 28
91188 31
91252 35
91316 39
91376 46
91440 51
91500 56
91564 63
91624 71
91688 79
91752 88
91812 94
91876 99
91944 108
92004 120
92068 124
92132 127
92192 142
92256 152
92316 158
92380 167
92440 176
92504 184
92564 192
92628 199
92692 207
92752 216
92816 224
92876 227
92944 240
93008 248
93072 254
93132 255
93196 255
93256 271
93320 280
93380 286
93444 287
93508 295
93568 302
93632 305
93692 312
93756 316
93816 319
93880 319
93948 327
94012 327
94072 332
94136 334
94196 335
94260 335
94320 335
94384 335
94448 339
94508 335
94572 339
94632 335
94696 335
94756 335
94820 335
94884 332
94944 327
95012 327
95076 319
95136 319
95200 316
95264 312
95324 305
95388 304
95448 295
95512 287
95572 284
95636 280
95696 270
95760 255
95824 255
95884 248
95948 240
96016 227
96076 224
96140 211
96204 199
96264 192
96328 184
96388 176
96452 167
96516 156
96584 143
96644 135
96708 127
96768 120
96832 110
96892 97
96956 92
97020 79
97080 71
97144 63
97204 56
97268 48
97328 39
97392 31
97452 24
97516 15
97580 14
97648 7
97708 7
97772 7
97832 7
97896 7
97960 7
98020 7
98084 7
98144 14
98208 15
98268 15
98332 19
98392 24
98456 24
98520 31
98580 31
98648 39
98712 46
98772 51
98836 56
98900 63
98960 71
99024 78
99084 83
99148 94
99208 99
99272 108
99336 115
99396 124
99460 127
99520 140
99584 147
99652 158
99716 163
99776 176
99840 184
99900 192
99964 195
100024 207
100088 216
100148 224
100212 227
100276 240
100336 243
100400 252
100460 255
100524 255
100584 271
100648 280
100712 284
100776 287
100840 295
100900 295
100964 304
101024 312
101088 312
101148 319
101212 319
101272 319
101336 327
101400 327
101460 334
101524 335
101584 335
101648 335
101716 335
101776 335
101840 335
101904 335
101964 335
102028 335
102088 335
102152 335
102212 327
102276 327
102340 319
102400 319
102464 319
102524 316
102588 312
102648 305
102716 295
102780 291
102844 287
102904 284
102968 271
103028 255
103092 255
103152 254
103216 248
103280 240
103340 227
103404 224
103464 216
103528 206
103588 195
103652 188
103712 177
103784 167
103844 159
103908 147
103968 140
104032 127
104092 120
104156 112
104220 103
104280 96
104344 83
104404 71
104468 63
104528 60
104592 48
104656 39
104716 31
104784 28
104848 17
104908 15
104972 7
105036 7
105096 7
105160 7
105220 7
105284 7
105344 7
105408 7
105468 12
105532 14
105596 15
105656 17
105720 24
105788 28
105848 30
105912 31
105976 35
106036 44
106100 48
106160 56
106224 60
106284 63
106348 71
106412 79
106472 88
106536 96
106596 103
106660 112
106720 120
106784 127
106852 135
106916 143
106976 156
107040 159
107100 167
107164 177
107224 192
107288 195
107352 199
107412 211
107476 220
107536 225
107600 231
107660 241
107724 248
107788 255
107856 255
107916 270
107980 280
108040 284
108104 287
108168 295
108228 302
108292 304
108352 312
108416 316
108476 319
108540 319
108600 319
108664 327
108728 327
108788 335
108856 335
108920 335
108980 335
109044 339
109108 339
109168 344
109232 339
109292 339
109356 335
109416 335
109480 335
109544 335
109604 327
109668 327
109728 319
109792 319
109852 319
109920 316
109984 312
110048 304
110108 295
110172 287
110232 287
110296 280
110356 271
110420 255
110484 255
110544 252
110608 243
110668 231
110732 225
110792 220
110856 207
110924 199
110988 192
111048 184
111112 167
111172 159
111236 152
111300 143
111360 135
111424 126
111484 120
111548 103
111608 97
111672 88
111732 79
111796 71
111860 63
111928 56
111988 48
112052 35
112112 31
112176 24
112240 15
112304 14
112364 7
112428 7
112492 7
112552 7
112616 7
112676 7
112740 7
112800 7
112864 7
112924 15
112996 15
113056 17
113120 24
113180 25
113244 31
113304 31
113368 39
113432 39
113492 48
113556 56
113616 63
113680 63
113740 71
113804 79
113864 88
113928 96
113996 103
114060 112
114120 120
114184 127
114244 135
114308 143
114372 152
114432 159
114496 167
114556 177
114620 192
114680 193
114744 199
114808 207
114868 220
114932 225
114992 231
115060 241
115124 248
115188 255
115248 255
115312 271
115372 271
115436 284
115496 287
115560 291
115620 295
115684 304
115748 307
115808 312
115872 318
115932 319
115996 319
116064 327
116128 327
116188 334
116252 335
116312 335
116376 335
116436 335
116500 339
116564 339
116624 344
116688 339
116748 335
116812 335
116872 335
116936 335
116996 327
117068 327
117128 319
117192 319
117252 318
117316 312
117376 307
117440 304
117504 295
117564 287
117628 286
117688 280
117752 271
117812 255
117876 255
117940 252
118000 241
118064 231
118132 225
118192 216
118256 207
118320 199
118380 192
118444 184
118504 176
118568 159
118628 156
118692 143
118752 135
118816 127
118880 115
118940 108
119004 96
119064 88
119132 79
119196 71
119260 63
119320 56
119384 48
119444 39
119508 31
119568 24
119632 17
119696 14
119756 7
119820 7
119880 7
119944 7
120004 7
120068 7
120128 7
120200 7
120260 14
120324 15
120384 15
120448 19
120508 24
120572 28
120636 31
120696 35
120760 39
120820 48
120884 51
120944 60
121008 63
121072 71
121132 79
121200 88
121264 96
121324 99
121388 108
121452 115
121512 124
121576 127
121636 142
121700 152
121760 158
121824 163
121884 176
121948 184
122012 192
122072 199
122136 207
122204 216
122264 224
122328 231
122392 240
122452 248
122516 254
122576 255
122640 255
122700 271
122764 280
122828 286
122888 287
122952 295
123012 304
123076 305
123136 312
123200 318
123268 319
123332 319
123392 327
123456 327
123516 334
123580 335
123640 335
123704 337
123768 339
123828 344
123892 344
123952 344
124016 344
124076 339
124140 337
124204 335
124272 335
124332 334
124396 327
124456 327
124520 319
124584 319
124644 316
124708 312
124768 305
124832 304
124892 295
124956 287
125016 284
125080 280
125144 270
125204 255
125272 255
125336 248
125396 240
125460 231
125524 224
125584 216
125648 206
125708 195
125772 192
125832 176
125896 167
125960 159
126020 152
126084 140
126144 127
126208 120
126268 112
126340 99
126400 92
126464 83
126524 71
126588 63
126648 60
126712 48
126772 39
126836 31
126900 28
126960 19
127024 15
127084 7
127148 7
127208 7
127272 7
127340 7
127404 7
127464 7
127528 7
127588 14
127652 15
127716 15
127776 17
127840 24
127900 28
127964 30
128024 31
128088 39
128148 46
128212 48
128276 56
