308 112
620 63
940 24
1252 7
1564 14
1884 24
2196 39
2508 67
2828 103
3140 135
3452 177
3764 216
4080 255
4396 287
4708 319
5024 344
5336 368
5648 384
5968 384
6280 385
6592 384
6904 359
7224 344
7536 316
7848 280
8168 240
8480 193
8792 152
9112 99
9424 56
9736 15
10052 7
10364 15
10680 28
10992 48
11308 79
11620 112
11932 152
12252 192
12564 227
12876 255
13196 295
13508 319
13820 352
14140 368
14452 384
14764 384
15076 384
15396 376
15708 355
16020 327
16336 302
16648 255
16964 224
17280 176
17592 127
17904 79
18224 39
18536 7
18848 7
19160 19
19480 31
19792 60
20104 92
20424 127
20736 163
21048 204
21364 241
21680 280
21992 312
22308 335
22620 359
22932 376
23244 384
23564 384
23876 384
24188 368
24508 352
24820 319
25132 287
25452 252
25764 207
26076 159
26396 115
26708 67
27020 28
27332 7
27648 12
27964 24
28276 39
28592 63
28904 99
29216 135
29536 176
29848 216
30160 254
30480 287
30792 319
31104 344
31416 364
31736 384
32048 384
32360 384
32680 384
32992 364
33304 344
33620 312
33932 280
34248 240
34564 192
34876 143
35188 99
35500 56
35820 14
36132 7
36444 15
36764 30
37076 49
37388 79
37708 113
38020 152
38332 192
38644 227
38960 255
39272 295
39584 327
39904 352
40216 368
40528 384
40848 384
41160 384
41472 376
41788 352
42100 327
42416 300
42728 255
43044 220
43356 176
43668 127
43988 79
44300 39
44612 7
44932 7
45244 19
45556 35
45876 60
46188 92
46500 127
46812 163
47132 206
47444 241
47756 280
48072 312
48384 335
48700 359
49016 384
49328 384
49640 385
49960 384
50272 368
50584 352
50896 319
51216 287
51528 252
51840 207
52160 159
52472 113
52784 63
53100 24
53416 7
53728 14
54044 24
54356 39
54668 63
54984 99
55300 135
55612 177
55924 216
56244 255
56556 287
56868 319
57188 344
57500 364
57812 384
58132 384
58444 384
58756 384
59068 359
59384 335
59700 312
60012 271
60328 231
60640 192
60952 143
61272 96
61584 48
61896 14
62216 7
62528 15
62840 31
63152 51
63472 79
63784 115
64096 156
64416 193
64728 231
65040 255
65356 304
65668 327
65984 353
66296 369
66612 384
66924 387
67236 384
67556 376
67868 355
68180 327
68500 300
68812 255
69124 224
69444 176
69756 127
70068 79
70380 39
70700 7
71012 7
71324 19
71640 35
71952 60
72268 92
72584 127
72896 163
73208 206
73528 243
73840 280
74152 312
74464 335
74784 359
75096 376
75408 384
75728 384
76040 384
76352 368
76668 348
76984 319
77296 287
77612 248
77924 199
78236 158
78552 112
78868 63
79180 19
79492 7
79812 14
80124 24
80436 46
80752 97
81064 127
81384 176
81696 216
82008 252
82328 287
82640 318
82952 344
83264 359
83584 384
83896 384
84208 384
84528 384
84840 364
85152 344
85468 316
85780 280
86096 240
86408 193
86724 145
87036 99
87348 56
87668 14
87980 7
88292 15
88612 28
88924 49
89236 79
89552 112
89864 152
90180 192
90492 227
90808 255
91120 295
91432 327
91752 352
92064 368
92376 384
92696 384
93008 384
93320 376
93640 355
93952 327
94264 302
94576 255
94896 224
95208 176
95520 127
95836 83
96148 35
96464 7
96780 12
97092 17
97404 35
97724 62
98036 92
98348 127
98660 163
98980 206
99292 241
99604 280
99924 312
100236 335
100548 359
100864 384
101180 384
101492 385
101808 384
102120 369
102432 352
102748 319
103064 287
103376 252
103688 207
104008 159
104320 112
104632 63
104952 24
105264 7
105576 14
105896 24
106208 44
106520 71
106832 103
107148 142
107464 184
107776 220
108092 255
108404 287
108716 319
109036 344
109348 364
109660 384
109980 384
110292 384
110604 376
110916 359
111236 335
111548 305
111860 271
112180 231
112492 188
112804 135
113120 92
113436 48
113748 7
114060 7
114376 15
114688 31
115000 56
115320 83
115632 120
115944 158
116264 195
116576 236
116888 271
117208 304
117520 334
117832 355
118144 376
118464 384
118776 385
119088 384
119404 376
119716 353
120032 327
120348 295
120660 255
120972 220
121292 167
121604 126
121916 79
122228 31
122548 7
122860 7
123172 24
123492 35
123804 63
124116 96
124432 127
124748 167
125060 207
125376 248
125688 284
126000 316
126316 339
126632 359
126944 384
127256 384
127576 384
127888 384
128200 364
128520 344
128832 316
129144 280
129464 240
129776 195
130088 152
130400 103
130716 56
131032 15
131344 7
131660 15
131972 28
132284 48
132604 78
132916 112
133228 152
133548 192
133860 227
134172 255
134484 295
134804 327
135116 352
135428 368
135748 384
136060 385
136372 384
136688 384
137004 359
137316 335
137632 304
137944 255
138256 227
138568 184
138888 127
139200 88
139512 46
139832 7
140144 7
140456 15
140776 31
141088 56
141400 88
141720 124
142032 159
142344 199
142656 240
142972 271
143288 307
143600 335
143916 355
144228 376
144540 384
144860 384
145172 384
145484 368
145796 352
146116 319
146428 287
146740 252
147060 207
147372 159
147684 113
148004 63
148316 24
148628 7
148944 14
149256 24
149572 39
149884 67
150200 103
150512 135
150824 177
151144 220
151456 255
151768 287
152088 319
152400 344
152712 366
153032 384
153344 384
153656 384
153968 384
154288 359
154600 339
154912 312
155228 271
155540 231
155856 192
156172 143
156484 97
156796 56
157116 14
157428 7
157740 15
158052 28
158372 49
158684 79
158996 115
159316 152
159628 192
159940 231
160256 270
160572 304
160884 327
161200 355
161520 376
161832 384
162144 385
162456 384
162776 371
163088 352
163400 327
163716 291
164032 255
164344 216
164660 167
164972 120
165284 71
165604 30
165916 7
166228 14
166540 24
166860 39
167172 63
167484 96
167804 135
168116 176
168428 216
168748 252
169060 286
169372 318
169688 344
170004 359
170316 384
170628 384
170944 384
171256 384
171568 359
171888 344
172200 312
172512 280
172832 240
173144 193
173456 145
173768 99
174088 56
174400 14
174712 7
175032 15
175344 28
175656 49
175972 79
176288 113
176600 152
176916 192
177228 231
177540 255
177852 295
178172 327
178484 352
178796 369
179116 384
179428 384
179740 384
180060 376
180372 355
180684 327
181004 300
181316 255
181628 224
181940 176
182256 127
182572 79
182884 39
183200 7
183512 7
183824 19
184144 35
184456 60
184768 92
185088 127
185400 167
185712 206
186024 243
186344 280
186656 312
186968 335
187284 359
187600 384
187912 384
188228 384
188540 384
188852 368
189172 352
189484 319
189796 287
190108 248
190428 199
190740 158
191052 112
191372 63
191684 17
191996 7
192316 15
192628 24
192940 46
193256 71
193572 103
193884 143
194196 184
194512 224
194824 255
195136 287
195456 319
195768 348
196080 368
196400 384
196712 384
197024 384
197344 376
197656 359
197968 335
198280 305
198600 270
198912 227
199224 185
199540 135
199856 92
200168 44
200484 7
200796 7
201108 17
201420 31
201740 56
202052 88
202364 124
202684 159
202996 199
203308 240
203628 271
203940 305
204252 335
204572 355
204884 376
205196 384
205508 387
205824 384
206140 376
206452 352
206768 327
207080 295
207392 255
207712 216
208024 167
208336 120
208656 71
208968 30
209280 7
209592 14
209912 24
210224 39
210536 63
210856 96
211168 135
211480 176
211796 216
212108 252
212424 286
212740 316
213052 344
213364 359
213676 384
213996 384
214308 384
214620 384
214940 359
215252 344
215564 312
215884 280
216196 240
216508 193
216824 143
217140 97
217452 56
217764 15
218080 7
218392 15
218708 30
219024 49
219336 79
219648 113
219968 152
220280 192
220592 231
220912 255
221224 302
221536 327
221848 352
222168 369
222480 384
222792 385
223108 384
223424 384
223736 355
224052 334
224364 304
224676 255
224996 224
225308 176
225620 127
225932 83
226252 35
226564 7
226876 7
227196 19
227508 35
227820 60
228140 92
228452 127
228764 163
229080 206
229392 241
229708 280
230020 312
230336 335
230648 359
230960 376
231280 384
231592 384
231904 384
232224 368
232536 348
232848 319
233160 287
233480 248
233792 199
234104 158
234424 108
234736 63
235048 17
235364 7
235676 15
235992 24
236308 48
236620 71
236932 103
237244 143
237564 184
237876 224
238188 255
238508 295
238820 319
239132 352
239452 368
239764 384
240076 384
240392 384
240708 384
241020 359
241332 335
241648 304
241960 255
242280 224
242592 177
242904 127
243224 88
243536 39
243848 7
244160 7
244480 19
244792 31
245104 60
245420 92
245736 126
246048 163
246364 204
246676 241
246988 280
247308 312
247620 335
247932 359
248244 376
248564 384
248876 385
249188 384
249508 368
249820 352
250132 319
250452 287
250764 252
251076 206
251392 158
251704 112
252020 63
252332 19
252648 7
252960 14
253272 24
253592 46
253904 71
254216 103
254536 143
254848 184
255160 224
255480 255
255792 291
256104 319
256416 348
256736 368
257048 384
257360 384
257676 384
257988 384
258304 359
258620 335
258932 305
259244 271
259564 227
259876 188
260188 135
260500 96
260820 48
261132 7
261444 7
261764 15
262076 31
262388 56
262704 83
263020 120
263332 159
263648 199
263960 240
264272 271
264588 304
264904 335
265216 355
265528 376
265848 384
266160 387
266472 384
266792 371
267104 352
267416 327
267728 295
268048 255
268360 216
268672 167
268988 120
269304 71
269616 30
269932 7
270244 14
270556 24
270876 39
271188 63
271500 97
271812 127
272132 176
272444 216
272756 252
273076 286
273388 316
273700 344
274020 359
274332 384
274644 384
274960 384
275276 384
275588 359
275900 344
276216 312
276528 280
276840 240
277160 192
277472 143
277784 99
278104 56
278416 14
278728 7
279048 15
279360 30
279672 49
279984 79
280304 112
280616 152
280928 192
281244 231
281556 255
281872 300
282188 327
282500 352
282812 369
283132 384
283444 387
283756 384
284068 384
284388 355
284700 334
285012 304
285332 255
285644 224
285956 177
286272 127
286588 83
286900 39
287216 7
287528 12
287840 17
288156 35
288472 62
288784 92
289096 127
289416 163
289728 206
290040 243
290360 280
290672 312
290984 335
291304 359
291616 376
291928 384
292240 384
292556 384
292872 368
293184 344
293500 319
293812 286
294124 248
294444 199
294756 156
295068 103
295388 63
295700 17
296012 7
296324 15
296644 24
296956 48
297268 71
297588 103
297900 143
298212 184
298528 224
298844 255
299156 295
299468 319
299784 352
300096 368
300408 384
300728 385
301040 384
301352 384
301668 359
301980 335
302292 312
302612 271
302924 231
303236 188
303548 140
303868 92
304180 48
304492 7
304812 7
305124 15
305436 31
305756 56
306068 88
306380 120
306696 159
307012 195
307324 236
307636 271
307952 304
308264 334
308576 355
308896 376
309208 384
309520 385
309840 384
310152 371
310464 352
310784 319
311096 291
311408 255
311720 216
312040 167
312352 120
312664 71
312980 28
313296 7
313608 12
313924 24
314236 39
314548 63
314868 99
315180 135
315492 176
315804 216
316124 254
316436 287
316748 319
317068 344
317380 364
317692 384
318012 384
318324 384
318636 384
318952 359
319264 344
319580 312
319892 280
320208 238
320520 192
320832 152
321152 97
321464 56
321776 15
322092 7
322412 17
322724 31
323036 56
323352 88
323668 124
323980 159
324296 199
324608 240
324920 275
325232 312
325552 335
325864 359
326176 384
326496 384
326808 387
327120 384
327440 369
327752 352
328064 327
328376 291
328696 255
329008 211
329320 167
329636 120
329952 71
330264 28
330580 7
330892 12
331204 24
331524 39
331836 63
332148 99
332460 135
332780 176
333092 216
333404 252
333724 287
334036 319
334348 344
334668 366
334980 384
335292 384
335608 384
335920 384
336236 359
336548 339
336864 312
337176 275
337488 231
337808 192
338120 143
338432 96
338752 48
339064 12
339376 7
339696 15
340008 31
340320 56
340632 81
340952 120
341264 156
341576 195
341892 231
342204 271
342520 304
342836 327
343148 353
343460 369
343780 384
344092 385
344404 384
344716 376
345036 355
345348 327
345660 295
345980 255
346292 220
346604 176
346920 127
347236 79
347548 31
347864 7
348176 12
348488 19
348800 35
349120 63
349432 96
349744 127
350064 167
350376 207
350688 248
351008 284
351320 316
351632 339
351952 359
352264 384
352576 384
352888 384
353204 384
353520 368
353832 344
354148 318
354460 284
354772 243
355092 199
355404 152
355716 103
356036 56
356348 15
356660 7
356972 15
357292 28
357604 48
357916 78
358236 112
358548 147
358860 188
359176 227
359488 255
359804 295
360116 319
360432 352
360744 368
361056 384
361376 384
361688 384
362000 376
362320 355
362632 334
362944 304
363260 255
363572 225
363888 179
364200 135
364516 88
364828 39
365140 7
365460 7
365772 17
366084 33
366404 60
366716 92
367028 126
367348 163
367660 199
367972 241
368284 280
368604 312
368916 335
369228 359
369544 384
369856 384
370172 387
370488 384
370800 368
371112 352
371432 319
371744 287
372056 252
372368 207
372688 159
373000 113
373312 63
373632 24
373944 7
374256 12
374572 24
374888 44
375200 67
375516 103
375828 142
376140 177
376456 220
376772 255
377084 287
377396 319
377716 344
378028 368
378340 384
378660 384
378972 384
379284 384
379604 359
379916 335
380228 312
380540 271
380856 231
381172 192
381484 142
381800 96
382112 48
382424 12
382744 7
383056 15
383368 31
383688 56
384000 83
384312 120
384624 158
384944 195
385256 231
385568 271
385888 304
386200 334
386512 355
386828 376
387140 384
387456 387
387768 384
388084 376
388396 353
388708 327
389028 295
389340 255
389652 217
389972 167
390284 124
390596 76
390916 31
391228 7
391540 7
391852 24
392172 39
392484 63
392796 96
393112 127
393424 167
393740 207
394056 248
394368 284
394680 316
395000 344
395312 359
395624 384
395936 384
396256 384
396568 384
396880 359
397200 344
397512 316
397824 280
398140 240
398456 193
398768 152
399084 99
399396 56
399708 15
400024 7
400340 15
400652 30
400964 48
401284 79
401596 113
401908 152
402228 192
402544 231
402864 255
403176 302
403488 327
403800 352
404120 369
404432 384
404744 384
405060 384
405376 376
405688 353
406004 327
406316 295
406628 255
406948 216
407260 174
407572 127
407884 79
408204 31
408516 7
408828 7
409148 19
409460 35
409772 62
410092 96
410404 127
410716 167
411032 207
411344 248
411656 284
411972 313
412288 344
412600 359
412912 384
413232 385
413544 385
413856 384
414176 368
414488 352
414800 319
415120 286
415432 248
415744 199
416056 156
416372 110
416688 63
417000 19
417316 7
417628 14
417940 28
418260 48
418572 71
418884 110
419196 143
419516 184
419828 224
420140 255
420460 295
420772 319
421084 352
421404 368
421716 384
422028 384
422344 384
422660 376
422972 355
423284 335
423600 304
423912 255
424224 224
424544 179
424856 127
425168 88
425488 39
425800 7
426112 7
426432 17
426744 31
427056 60
427368 88
427688 127
428000 163
428312 199
428628 241
428944 280
429256 312
429572 335
429884 359
430196 384
430516 384
430828 387
431140 384
431452 369
431772 352
432084 319
432396 287
432716 254
433028 207
433340 163
433660 120
433972 71
434284 24
434600 7
434912 14
435228 24
435540 39
435856 67
436168 103
436480 135
436800 177
437112 216
437424 255
437744 287
438056 319
438368 344
438688 364
439000 384
439312 384
439624 384
439944 384
440256 359
440568 339
440884 312
441196 271
441512 231
441828 192
442140 142
442452 96
442772 48
443084 7
443396 7
443708 15
444028 31
444340 56
444652 83
444972 120
445284 158
445596 195
445912 238
446228 271
446540 304
446856 334
447168 353
447480 376
447796 384
448112 385
448424 384
448736 376
449056 352
449368 327
449680 295
450000 255
450312 216
450624 167
450936 124
451256 78
451568 31
451880 7
452196 12
452512 24
452824 39
453140 63
453452 96
453764 127
454084 172
454396 211
454708 252
455020 286
455340 316
455652 344
455964 359
456284 384
456596 384
456908 385
457228 384
457540 368
457852 344
458168 316
458480 280
458796 241
459108 195
459424 152
459736 99
460048 56
460368 15
460680 7
460992 15
461312 28
461624 48
461936 79
462256 112
462568 152
462880 192
463192 227
463512 255
463824 295
464136 327
464452 352
464764 368
465080 384
465396 384
465708 384
466020 376
466340 355
466652 327
466964 300
467276 255
467596 224
467908 176
468220 127
468540 79
468852 35
469164 7
469480 7
469796 19
470108 35
470424 62
470736 92
471048 127
471364 167
471680 207
471992 248
472304 280
472624 312
472936 339
473248 359
473568 384
473880 384
474192 387
474512 384
474824 368
475136 352
475448 319
475764 287
476080 248
476392 206
476708 159
477020 112
477332 63
477652 19
477964 7
478276 15
478588 28
478908 46
479220 71
479532 103
479852 143
480164 184
480476 224
480796 255
481108 291
481420 319
481736 352
482052 368
482364 384
482676 384
482988 384
483300 376
483612 355
483932 332
484244 304
484556 255
484876 224
485188 177
485500 127
485820 83
486132 39
486444 7
486756 7
487072 19
487388 35
487700 60
488016 92
488328 127
488640 167
488960 206
489272 243
489584 280
489896 312
490216 335
490528 359
490840 384
491160 384
491472 387
491784 384
492104 369
492416 352
492728 319
493044 287
493356 252
493672 207
493984 159
494300 115
494612 63
494924 24
495244 7
495556 14
495868 24
496188 44
496500 71
496812 103
497132 142
497444 179
497756 220
498068 255
498388 287
498700 319
499012 348
499328 368
499640 384
499956 384
500272 384
500584 384
500896 359
501216 335
501528 312
501840 271
502152 231
502472 184
502784 135
503096 92
503416 39
503728 7
504040 7
504356 17
504672 31
504984 56
505300 88
505612 120
505924 159
506240 199
506556 240
506868 271
507180 305
507500 335
507812 359
508124 376
508444 384
508756 385
509068 384
509388 371
509700 352
510012 327
510324 295
510640 255
510956 216
511268 167
511584 120
511896 71
512208 30
512528 7
512840 14
513152 24
513472 39
513784 63
514096 96
514408 135
514728 176
515040 216
515352 252
515672 287
515984 318
516296 344
516612 364
516928 384
517240 384
517556 384
517868 384
518180 368
518492 344
518812 312
519124 280
519436 240
519756 192
520068 145
520380 97
520700 51
521012 14
521324 7
521636 15
521952 31
522264 49
522576 79
522896 115
523208 152
523520 192
523840 231
524152 255
524464 304
524780 327
525092 352
525408 369
525720 384
526036 385
526348 384
526660 376
526980 355
527292 327
527604 295
527924 255
528236 220
528548 176
528868 127
529180 79
529492 35
529804 7
530124 7
530436 19
530748 35
531064 63
531376 96
531692 127
532008 167
532320 207
532632 248
532952 284
533264 316
533576 339
533888 359
534208 384
534520 384
534832 385
535152 384
535464 368
535776 352
536092 319
536408 286
536720 248
537036 199
537348 156
537660 103
537976 60
538292 15
538604 7
538916 15
539236 28
539548 48
539860 71
540180 110
540492 143
540804 188
541124 225
541436 255
541748 295
542060 319
542376 352
542692 368
543004 384
543320 384
543632 384
543944 384
544264 355
544576 335
544888 304
545208 255
545520 224
545832 179
546144 127
546464 88
546776 39
547088 7
547408 7
547720 17
548032 31
548348 60
548664 89
548976 126
549288 163
549604 199
549916 240
550228 280
550548 312
550860 335
551172 359
551492 384
551804 384
552116 387
552436 384
552748 369
553060 352
553372 319
553692 287
554004 254
554316 207
554632 159
554948 115
555260 67
555576 24
555888 7
556200 14
556520 24
556832 39
557144 67
557456 103
557776 135
558088 177
558400 220
558720 255
559032 287
559344 319
559664 344
559976 368
560288 384
560604 384
560916 384
561232 384
561544 359
561860 335
562172 312
562484 271
562804 231
563116 184
563424 127
563736 81
564048 35
564368 7
564680 7
564992 19
565312 35
565624 62
565936 92
566256 127
566568 167
566880 207
567192 248
567508 280
567824 312
568136 339
568452 359
568764 384
569076 384
569396 385
569708 384
570020 368
570340 352
570652 319
570964 287
571276 248
571596 207
571908 159
572220 112
572540 63
572852 24
573164 7
573480 14
573792 24
574108 46
574424 71
574736 103
575048 142
575360 184
575680 224
575992 255
576304 287
576624 319
576936 348
577248 368
577568 384
577880 384
578192 384
578508 384
578824 359
579136 335
579448 305
579764 270
580076 227
580392 184
580708 135
581020 88
581332 39
581652 7
581964 7
582276 15
582596 31
582908 57
583220 88
583532 124
583852 159
584164 199
584476 240
584792 273
585108 307
585420 335
585736 355
586048 384
586360 384
586680 385
586992 384
587304 369
587616 352
587936 327
588248 287
588560 254
588880 211
589192 163
589504 120
589824 71
590136 28
590448 7
590764 14
591080 24
591392 39
591704 63
592020 99
592332 135
592644 176
592964 216
593276 254
593588 287
593908 319
594220 344
594532 364
594844 384
595164 385
595476 385
595788 384
596108 359
596420 344
596732 312
597048 275
597360 240
597676 192
597992 143
598304 96
598616 49
598928 12
599248 7
599560 15
599872 31
600192 51
600504 79
600816 120
601136 158
601448 193
601760 231
602076 271
602392 304
602704 327
603016 352
603332 369
603644 384
603960 384
604276 384
604588 371
604900 353
605220 327
605532 295
605844 255
606164 220
606476 167
606788 124
607100 79
607420 31
607732 7
608044 12
608360 24
608676 35
608988 63
609304 96
609616 127
609928 167
610248 209
610560 248
610872 284
611184 316
611504 344
611816 359
612128 384
612448 385
612760 385
613072 384
613392 368
613704 348
614016 319
614332 284
614648 241
614960 199
615272 152
615588 103
615900 60
616212 15
616532 7
616844 15
617156 28
617476 48
617788 78
618100 112
618420 152
618732 192
619044 225
619356 255
619676 295
619988 327
620300 352
620616 368
620932 384
621244 384
621560 384
621872 376
622184 353
622496 327
622816 300
623128 255
623440 224
623760 176
624072 127
624384 81
624704 35
625016 7
625328 7
625648 19
625960 35
626272 62
626584 92
626900 127
627216 167
627528 207
627844 248
628156 280
628468 312
628788 339
629100 359
629412 384
629732 385
630044 385
630356 384
630668 369
630988 352
631300 319
631612 287
631932 248
632244 207
632556 159
632872 112
633184 63
633500 24
633816 7
634128 15
634440 24
634752 46
635072 71
635384 103
635696 143
636016 184
636328 224
636640 255
636960 287
637272 319
637584 348
637900 368
638216 384
638528 384
638840 384
639156 384
639468 359
639780 335
640100 305
640412 270
640724 227
641044 184
641356 135
641668 89
641988 44
642300 7
642612 7
642924 17
643244 31
643556 56
