60 542
124 184
188 192
248 195
312 206
372 216
436 220
496 227
560 231
624 241
684 252
752 255
816 255
876 271
940 280
1004 284
1064 287
1128 291
1188 300
1252 304
1312 312
1376 312
1436 319
1500 319
1564 319
1624 327
1688 327
1756 334
1816 335
1880 335
1944 335
2004 335
2068 339
2128 339
2192 339
2252 339
2316 335
2380 335
2440 335
2504 335
2564 327
2628 327
2688 319
2756 319
2820 316
2884 312
2944 307
3008 304
3068 295
3132 287
3192 286
3256 280
3320 271
3380 255
3444 255
3504 248
3568 241
3628 231
3692 224
3756 216
3824 207
3884 199
3948 192
4008 179
4072 167
4136 159
4196 152
4260 143
4320 127
4384 124
4444 113
4508 103
4568 96
4632 88
4696 79
4756 63
4824 60
4888 49
4948 39
5012 35
5076 30
5136 24
5200 15
5260 7
5324 7
5384 7
5448 7
5512 7
5572 7
5636 7
5696 7
5760 7
5828 14
5892 15
5952 15
6016 24
6076 24
6140 28
6200 31
6264 35
6324 39
6388 48
6452 51
6512 56
6576 63
6636 71
6700 79
6760 88
6824 96
6892 99
6956 112
7016 120
7080 126
7140 127
7204 142
7268 152
7328 159
7392 167
7452 176
7516 184
7576 192
7640 199
7700 207
7764 216
7828 224
7896 231
7956 240
8020 248
8080 252
8144 255
8208 255
8268 271
8332 280
8392 286
8456 287
8516 295
8580 295
8644 305
8704 312
8768 316
8828 318
8896 319
8960 319
9024 327
9084 327
9148 332
9208 335
9272 335
9332 335
9396 335
9456 335
9520 335
9584 335
9644 335
9708 335
9768 334
9832 332
9892 327
9964 327
10024 319
10088 319
10148 318
10212 312
10272 307
10336 304
10396 295
10460 287
10524 286
10584 280
10648 271
10708 255
10772 255
10832 254
10896 243
10964 231
11028 225
11088 220
11152 207
11212 199
11276 192
11340 184
11400 176
11464 163
11524 158
11588 145
11648 135
11712 127
11772 120
11836 112
11900 99
11968 92
12028 79
12092 71
12152 63
12216 56
12280 48
12340 39
12404 31
12464 24
12528 17
12588 14
12652 7
12716 7
12776 7
12840 7
12900 7
12964 7
13032 7
13096 7
13156 14
13220 14
13280 15
13344 17
13404 24
13468 28
13528 30
13592 31
13656 39
13716 39
13780 48
13840 56
13904 60
13964 63
14036 71
14096 79
14160 92
14220 97
14284 103
14344 112
14408 120
14472 127
14532 135
14596 143
14656 156
14720 159
14780 167
14844 177
14904 188
14968 193
15032 199
15100 211
15160 220
15224 225
15284 231
15348 240
15412 248
15472 255
15536 255
15596 270
15660 271
15720 280
15784 287
15848 287
15908 295
15972 304
16032 307
16096 319
16164 319
16224 327
16288 327
16348 335
16412 335
16476 335
16536 335
16600 337
16660 335
16724 335
16784 335
16848 335
16912 335
16972 335
17036 334
17096 327
17164 327
17228 319
17292 319
17352 316
17416 312
17476 307
17540 304
17600 295
17664 287
17724 286
17788 280
17852 271
17912 255
17976 255
18036 252
18100 243
18160 231
18232 225
18292 216
18356 207
18416 199
18480 192
18540 184
18604 176
18668 163
18728 158
18792 143
18852 135
18916 127
18976 120
19040 110
19100 99
19164 92
19232 79
19296 71
19356 62
19420 56
19480 48
19544 39
19608 31
19668 24
19732 17
19792 14
19856 7
19916 7
19980 7
20044 7
20104 7
20168 7
20236 7
20296 7
20360 12
20424 15
20484 15
20548 19
20608 24
20672 28
20732 30
20796 31
20856 39
20920 46
20984 49
21044 56
21108 63
21168 67
21232 78
21300 83
21364 92
21424 97
21488 103
21548 113
21612 124
21672 127
21736 135
21800 147
21860 156
21924 159
21984 167
22048 179
22108 192
22172 195
22232 199
22304 216
22364 224
22428 227
22488 231
22552 243
22612 252
22676 255
22740 255
22800 271
22864 280
22924 284
22988 287
23048 295
23112 295
23176 304
23236 312
23304 312
23368 319
23428 319
23492 319
23552 327
23616 327
23680 334
23740 335
23804 335
23864 337
23928 339
23988 344
24052 339
24116 344
24176 339
24240 335
24300 335
24368 335
24432 334
24496 327
24556 327
24620 319
24680 319
24744 316
24804 312
24868 305
24928 304
24992 295
25056 287
25116 284
25180 280
25240 271
25304 255
25372 255
25436 248
25496 240
25560 231
25620 224
25684 216
25744 207
25808 199
25872 192
25932 184
25996 174
26056 159
26120 156
26180 143
26244 127
26304 126
26376 113
26436 103
26500 96
26560 88
26624 78
26684 71
26748 60
26812 56
26872 39
26936 35
26996 30
27060 24
27120 15
27184 12
27248 7
27308 7
27372 7
27436 7
27500 7
27564 7
27624 7
27688 7
27748 14
27812 15
27872 15
27936 19
27996 24
28060 28
28124 31
28184 35
28248 39
28308 48
28372 56
28440 60
28500 63
28564 71
28628 76
28688 88
28752 92
28812 99
28876 108
28936 115
29000 124
29064 127
29124 142
29188 147
29248 158
29312 163
29372 176
29440 184
29504 192
29568 199
29628 207
29692 216
29752 224
29816 231
29876 240
29940 248
30004 252
30064 255
30128 255
30188 271
30252 280
30312 284
30376 287
30436 295
30508 304
30568 304
30632 312
30692 316
30756 319
30816 319
30880 319
30944 327
31004 327
31068 334
31128 335
31192 335
31252 335
31316 335
31380 335
31440 335
31508 339
31572 335
31632 335
31696 335
31760 335
31820 327
31884 327
31944 319
32008 319
32068 319
32128 313
32192 312
32256 304
32316 295
32380 287
32440 286
32504 280
32564 271
32628 255
32688 255
32752 252
32816 241
32876 236
32940 225
33000 220
33064 207
33132 199
33196 192
33256 184
33320 174
33380 159
33444 156
33504 143
33568 135
33632 124
33692 120
33756 103
33816 97
33880 88
33940 79
34004 71
34064 63
34136 56
34196 48
34260 39
34320 31
34384 24
34444 15
34508 12
34572 7
34632 7
34696 7
34756 7
34820 7
34880 7
34944 7
35008 7
35068 12
35136 15
35200 15
35260 19
35324 24
35388 28
35448 31
35512 35
35572 39
35636 48
35696 51
35760 57
35820 63
35884 71
35948 78
36008 83
36072 92
36132 99
36200 103
36264 115
36328 124
36388 127
36452 140
36512 147
36576 158
36636 163
36700 176
36764 184
36824 192
36888 195
36948 207
37012 216
37072 224
37136 227
37204 240
37268 248
37328 252
37392 255
37452 255
37516 271
37576 280
37640 286
37704 287
37764 295
37828 300
37888 304
37952 312
38012 316
38076 319
38140 319
38208 319
38268 327
38332 327
38392 332
38456 335
38520 335
38580 335
38644 335
38704 335
38768 339
38828 335
38892 335
38952 335
39016 335
39080 335
39140 334
39204 327
39268 319
39332 319
39396 318
39456 316
39520 312
39580 304
39644 295
39704 291
39768 287
39832 284
39892 280
39956 255
40016 255
40080 255
40140 248
40204 240
40272 227
40336 224
40396 211
40460 199
40520 192
40584 184
40644 176
40708 167
40768 159
40832 147
40896 140
40956 127
41020 121
41080 112
41144 103
41204 94
41276 79
41336 71
41400 63
41460 56
41524 48
41584 39
41648 31
41708 24
41772 17
41836 14
41896 7
41960 7
42020 7
42084 7
42144 7
42208 7
42272 7
42340 7
42400 12
42464 15
42524 15
42588 19
42652 24
42712 28
42776 30
42836 31
42900 39
42960 44
43024 48
43084 56
43148 63
43212 63
43272 71
43340 81
43404 92
43464 96
43528 103
43592 113
43652 124
43716 127
43776 135
43840 143
43900 156
43964 159
44028 167
44088 177
44152 188
44212 193
44276 199
44344 211
44408 224
44468 225
44532 231
44592 241
44656 252
44716 255
44780 255
44840 270
44904 275
44968 284
45028 287
45092 291
45152 295
45216 304
45276 305
45340 312
45408 318
45472 319
45532 319
45596 327
45656 327
45720 332
45784 335
45844 335
45908 335
45968 335
46032 337
46092 337
46156 339
46216 335
46280 335
46344 335
46412 335
46472 334
46536 327
46596 327
46660 319
46724 319
46784 316
46848 312
46908 305
46972 304
47032 295
47096 287
47160 286
47220 280
47284 271
47344 255
47412 255
47476 248
47540 240
47600 231
47664 224
47724 216
47788 207
47848 195
47912 192
47972 179
48036 167
48100 159
48160 143
48224 127
48284 124
48352 113
48416 103
48476 96
48540 88
48604 79
48664 63
48728 62
48788 51
48852 39
48912 35
48976 28
49040 24
49100 15
49164 7
49224 7
49288 7
49356 7
49420 7
49480 7
49544 7
49604 7
49668 7
49728 15
49792 15
49852 17
49916 24
49980 24
50040 30
50104 31
50164 35
50228 39
50288 48
50360 56
50420 60
50484 63
50544 71
50608 79
50668 88
50732 96
50796 103
50856 112
50920 120
50980 127
51044 127
51104 143
51168 152
51228 159
51292 167
51356 176
51424 184
51484 192
51548 199
51608 207
51672 216
51736 224
51796 231
51860 240
51920 248
51984 254
52044 255
52108 255
52172 271
52232 280
52296 286
52356 287
52424 295
52488 304
52552 305
52612 312
52676 316
52736 319
52800 319
52860 319
52924 327
52984 327
53048 334
53112 335
53172 335
53236 335
53296 335
53360 335
53428 337
53492 335
53552 335
53616 335
53676 335
53740 334
53800 327
53864 327
53928 319
53988 319
54052 318
54112 312
54176 307
54236 304
54300 295
54360 287
54424 287
54492 280
54556 271
54616 255
54680 255
54740 252
54804 241
54868 231
54928 224
54992 216
55052 207
55116 199
55176 192
55240 184
55304 174
55364 159
55428 156
55496 143
55556 127
55620 126
55684 120
55744 103
55808 97
55868 88
55932 79
55992 71
56056 63
56116 56
56180 48
56244 39
56304 31
56368 24
56428 15
56496 12
56560 7
56624 7
56684 7
56748 7
56808 7
56872 7
56932 7
56996 12
57060 14
57120 15
57184 15
57244 19
57308 24
57368 28
57432 31
57492 35
57564 39
57624 48
57688 56
57748 60
57812 63
57872 71
57936 78
58000 88
58060 92
58124 99
58184 103
58248 115
58308 124
58372 127
58436 142
58496 152
58564 159
58628 163
58688 176
58752 184
58816 192
58876 199
58940 207
59000 216
59064 224
59124 231
59188 240
59248 248
59312 252
59376 255
59436 255
59500 271
59568 280
59628 286
59692 287
59756 295
59816 302
59880 305
59940 312
60004 316
60064 319
60128 319
60192 319
60252 327
60316 332
60376 335
60440 335
60500 335
60564 335
60632 339
60696 335
60756 344
60820 337
60880 339
60944 335
61004 335
61068 335
61132 334
61192 327
61256 327
61316 319
61380 319
61440 318
61504 312
61564 307
61636 302
61696 295
61760 287
61820 284
61884 280
61944 271
62008 255
62072 255
62132 248
62196 240
62256 231
62320 224
62380 216
62444 206
62508 195
62568 184
62636 176
62700 167
62760 159
62824 152
62888 142
62948 127
63012 124
63072 112
63136 103
63196 96
63260 88
63320 78
63384 63
63448 60
63508 49
63572 39
63632 35
63700 28
63764 19
63828 15
63888 7
63952 7
64012 7
64076 7
64136 7
64192 7
64260 7
64324 7
64384 14
64448 15
64508 17
64572 19
64636 24
64696 28
64760 31
64820 35
64884 39
64944 48
65008 51
65072 60
65132 63
65196 71
65264 79
65324 88
65388 96
65452 103
65512 112
65576 120
65636 127
65700 127
65760 143
65824 152
65884 159
65948 163
66012 176
66072 184
66136 192
66196 199
66264 207
66328 216
66392 224
66452 231
66516 240
66576 248
66640 254
66700 255
66764 255
66828 271
66888 280
66952 286
67012 287
67076 295
67136 304
67200 305
67260 312
67332 316
67392 319
67456 319
67516 319
67580 327
67640 327
67704 334
67768 335
67828 335
67892 335
67952 335
68016 337
68076 335
68140 335
68204 335
68264 335
68332 335
68396 332
68456 327
68520 327
68584 319
68644 319
68708 319
68768 312
68832 312
68892 304
68956 295
69016 287
69080 287
69144 280
69204 271
69268 255
69336 255
69396 252
69460 241
69524 231
69584 224
69648 220
69708 207
69772 199
69832 192
69896 184
69960 174
70020 163
70084 156
70144 143
70208 135
70268 127
70332 120
70400 103
70464 97
70524 92
70588 79
70648 71
70712 63
70772 56
70836 48
70900 39
70960 31
71024 24
71084 15
71148 12
71208 7
71272 7
71336 7
71404 7
71464 7
71528 7
71588 7
71652 12
71716 14
71776 15
71840 15
71900 24
71964 24
72024 28
72088 31
72148 35
72212 39
72276 48
72336 51
72404 60
72468 63
72528 71
72592 79
72656 88
72716 92
72780 99
72840 103
72904 115
72964 124
73028 127
73092 135
73152 152
73216 158
73276 163
73340 176
73400 184
73468 192
73532 199
73596 207
73656 216
73720 224
73780 227
73844 240
73904 248
73968 252
74032 255
74092 255
74156 271
74216 280
74280 284
74340 287
74404 295
74472 304
74536 304
74596 312
74660 316
74720 319
74784 319
74848 319
74908 327
74972 332
75032 334
75096 335
75156 335
75220 335
75280 337
75344 339
75408 339
75468 335
75536 335
75600 335
75660 335
75724 335
75788 327
75848 327
75912 327
75972 319
76036 319
76096 316
76160 312
76224 304
76284 304
76348 295
76408 287
76472 284
76540 280
76604 255
76664 255
76728 255
76788 248
76852 240
76912 231
76976 224
77036 216
77100 207
77164 195
77224 192
77288 177
77348 167
77412 159
77472 152
77544 142
77604 127
77668 124
77728 112
77792 103
77852 96
77916 88
77976 79
78040 63
78104 60
78164 49
78228 46
78288 35
78352 30
78412 24
78476 15
78540 7
78608 7
78668 7
78732 7
78792 7
78856 7
78920 7
78980 7
79044 12
79104 14
79168 15
79228 17
79292 24
79352 24
79416 28
79480 31
79540 35
79608 39
79672 48
79732 56
79796 62
79860 63
79920 71
79984 79
80044 88
80108 96
80168 103
80232 120
80292 127
80356 127
80416 143
80480 152
80544 159
80608 167
80672 176
80732 188
80796 193
80856 199
80920 207
80980 220
81044 225
81104 231
81168 240
81232 248
81292 255
81356 255
81416 270
81480 271
81548 284
81608 287
81672 291
81736 295
81796 304
81860 312
81920 312
81984 318
82044 319
82108 319
82172 327
82232 327
82296 334
82356 335
82420 335
82480 335
82548 339
82612 344
82676 344
82736 344
82800 339
82860 339
82924 335
82984 335
83048 334
83112 327
83172 327
83236 319
83296 319
83360 318
83420 316
83484 312
83544 304
83616 295
83676 287
83740 286
83800 280
83864 271
83924 255
83988 255
84052 252
84112 243
84176 231
84236 227
84300 220
84360 207
84424 199
84488 192
84548 184
84616 167
84680 159
84740 156
84804 143
84868 135
84928 126
84992 115
85052 103
85116 96
85176 88
85240 79
85300 71
85364 62
85428 56
85488 46
85552 35
85620 30
85680 24
85744 15
85808 12
85868 7
85932 7
85992 7
86056 7
86116 7
86180 7
86244 7
86304 7
86368 14
86428 15
86492 15
86552 19
86616 24
86684 28
86748 31
86808 35
86872 39
86932 48
86996 49
87056 60
87120 63
87184 71
87244 79
87308 88
87368 96
87432 99
87492 112
87556 115
87620 126
87688 127
87748 143
87812 152
87872 159
87936 167
88000 176
88060 184
88124 192
88184 199
88248 207
88308 216
88372 224
88432 231
88496 240
88560 248
88620 254
88688 255
88752 255
88812 271
88876 280
88940 286
89000 287
89064 295
89124 304
89188 305
89248 312
89312 316
89376 319
89436 319
89500 319
89560 327
89624 327
89684 334
89752 335
89816 335
89880 335
89940 335
90004 335
90064 335
90128 335
90188 335
90252 335
90316 335
90376 334
90440 327
90500 327
90564 319
90624 319
90688 319
90756 312
90820 312
90880 304
90944 295
91004 291
91068 287
91132 280
91192 271
91256 255
91316 255
91380 252
91440 243
91504 231
91564 227
91628 220
91692 207
91760 199
91820 192
91884 184
91944 174
92008 159
92072 156
92132 143
92196 135
92256 126
92320 120
92380 110
92444 97
92508 92
92568 79
92632 71
92692 63
92756 56
92824 48
92888 39
92948 31
93012 24
93072 15
93136 7
93196 7
93260 7
93320 7
93384 7
93448 7
93508 7
93572 7
93632 7
93696 14
93756 15
93828 15
93888 24
93952 24
94012 28
94076 31
94136 35
94200 39
94264 48
94324 51
94388 56
94448 63
94512 71
94572 79
94636 83
94696 94
94760 97
94824 108
94892 113
94952 124
95016 127
95076 140
95140 152
95204 158
95264 167
95328 176
95388 184
95452 192
95512 199
95576 207
95640 216
95700 224
95764 231
95824 240
95892 248
95956 252
96020 255
96080 255
96144 271
96204 280
96268 287
96328 291
96392 295
96452 304
96516 312
96576 312
96640 318
96704 319
96764 319
96832 327
96896 327
96956 327
97020 335
97084 335
97144 335
97208 335
97268 337
97332 339
97392 337
97456 335
97520 335
97580 335
97644 335
97704 334
97768 327
97836 319
97900 319
97960 319
98024 316
98084 312
98148 305
98208 304
98272 295
98332 287
98396 284
98460 280
98520 271
98584 255
98644 255
98708 248
98768 240
98832 231
98900 224
98964 216
99024 207
99088 195
99148 192
99212 179
99276 167
99336 159
99400 152
99460 143
99524 127
99584 124
99648 113
99708 103
99772 96
99836 88
99904 79
99964 67
100028 62
100088 51
100152 39
100216 35
100276 28
100340 24
100400 15
100464 12
100524 7
100588 7
100652 7
100712 7
100776 7
100836 7
100904 7
100968 12
101032 15
101092 15
101156 15
101216 24
101280 24
101340 28
101404 31
101464 35
101528 39
101592 48
101652 56
101716 60
101776 63
101840 71
101900 79
101972 88
102032 96
102096 99
102156 112
102220 120
102280 127
102344 135
102408 143
102468 152
102532 159
102592 167
102656 176
102716 184
102780 192
102840 199
102904 207
102972 216
103036 224
103096 231
103160 240
103220 248
103284 255
103348 255
103408 255
103472 271
103532 280
103596 287
103656 287
103720 295
103784 304
103844 307
103908 312
103976 316
104036 319
104100 319
104164 319
104224 327
104288 327
104348 335
104412 335
104472 335
104536 339
104596 339
104660 344
104724 339
104784 339
104848 335
104908 335
104972 335
105040 334
105104 327
105164 327
105228 319
105288 319
105352 319
105412 316
105476 312
105540 304
105600 300
105664 295
105724 287
105788 284
105848 280
105912 270
105972 255
106044 254
106104 248
106168 240
106228 231
106292 224
106352 216
106416 199
106480 193
106540 184
106604 176
106664 167
106728 156
106788 147
106852 135
106916 127
106976 120
107044 112
107108 97
107168 92
107232 79
107296 71
107356 63
107420 56
107480 48
107544 39
107604 31
107668 24
107728 17
107792 14
107856 7
107916 7
107980 7
108040 7
108108 7
108172 7
108236 7
108296 7
108360 14
108420 15
108484 15
108544 19
108608 24
108672 28
108732 31
108796 31
108856 39
108920 46
108980 49
109044 56
109112 63
109176 71
109236 79
109300 83
109360 92
109424 99
109484 103
109548 113
109612 124
109672 127
109736 135
109796 147
109860 156
109920 163
109984 174
110048 184
110108 192
110176 195
110240 206
110300 216
110364 224
110428 227
110488 240
110552 243
110612 252
110676 255
110736 255
110800 271
110860 280
110924 284
110988 287
111048 295
111112 295
111180 304
111240 312
111304 316
111368 319
111428 319
111492 319
111552 327
111616 327
111676 334
111740 335
111804 335
111864 335
111928 335
111988 337
112052 339
112112 339
112180 335
112244 335
112308 335
112376 335
112436 334
112500 327
112564 319
112624 319
112688 319
112748 318
112812 312
112872 305
112936 295
112996 295
113060 287
113124 284
113184 271
113248 270
113308 255
113376 252
113440 248
113504 238
113564 227
113628 220
113688 211
113752 199
113812 193
113876 184
113940 176
114000 163
114064 158
114124 147
114188 135
114248 127
114312 120
114372 110
114444 99
114504 92
114568 79
114628 71
114692 63
114752 56
114816 48
114880 39
114940 31
115004 24
115064 15
115128 14
115188 7
115252 7
115316 7
115376 7
115444 7
115508 7
115568 7
115632 7
115696 14
115756 15
115820 15
115880 19
115944 24
116004 28
116068 31
116128 35
116192 39
116256 48
116316 49
116380 56
116448 63
116508 71
116572 78
116636 83
116696 92
116760 97
116820 103
116884 112
116944 124
117008 127
117072 135
117132 145
117196 156
117256 163
117320 174
117380 184
117444 192
117508 195
117572 207
117636 216
117696 224
117760 227
117820 238
117884 241
117944 252
118008 255
118072 255
118132 271
118196 280
118256 284
118320 287
118380 295
118444 295
118512 304
118576 312
118636 316
118700 318
118760 319
118824 319
118884 327
118948 327
119012 334
119072 335
119136 335
119196 335
119260 335
119320 335
119384 335
119448 335
119516 335
119576 335
119640 335
119700 334
119764 327
119828 327
119888 319
119952 319
120012 319
120076 316
120136 312
120200 304
120260 300
120324 291
120388 287
120448 284
120512 280
120580 255
120640 255
120704 254
120768 248
120828 240
120892 231
120952 224
121016 216
121076 199
121140 193
121204 188
121264 176
121328 167
121388 158
121452 152
121512 135
121580 127
121644 120
121708 112
121768 99
121832 96
121892 83
121956 71
122016 63
122080 60
122144 49
122204 39
122268 33
122328 28
122392 19
122452 15
122516 7
122584 7
122648 7
122708 7
122772 7
122832 7
122896 7
122960 7
123020 12
123084 15
123144 15
123208 17
123268 24
123332 28
123392 30
123456 31
123520 39
123580 39
123648 49
123712 56
123772 63
123836 67
123900 71
123960 79
124024 88
124084 97
124148 103
124208 112
124272 120
124336 127
124396 135
124460 143
124520 152
124584 159
124652 167
124716 177
124776 192
124840 195
124900 206
124964 211
125024 220
125088 227
125148 231
125212 241
125276 248
125336 255
125400 255
125460 271
125524 275
125584 284
125656 287
125716 291
125780 300
125840 304
125904 312
125964 312
126028 319
126092 319
126152 319
126216 327
126276 327
126340 334
126400 335
126464 335
126524 335
126588 339
126652 344
126720 344
126780 344
126844 339
126904 337
126968 335
127032 335
127092 334
127156 332
127216 327
127280 319
127340 319
127404 319
127464 316
127528 312
127592 304
127652 295
127720 287
127784 286
127844 280
127908 271
127972 255
128032 255
128096 252
128156 240
128220 231
128280 225
