512 227
1028 159
1540 88
2060 15
2572 7
3092 33
3604 88
4120 152
4636 216
5152 255
5664 286
6184 280
6696 241
7216 184
7728 103
8244 31
8760 7
9276 24
9788 67
10308 127
10820 195
11340 252
11852 280
12368 284
12880 255
13400 199
13912 127
14432 51
14944 7
15464 17
15976 56
16492 120
17004 184
17524 240
18036 271
18556 286
19068 255
19588 216
20100 143
20616 63
21128 7
21648 15
22160 44
22680 99
23192 163
23712 225
24224 255
24740 287
25252 271
25772 227
26284 163
26804 88
27316 19
27836 7
28348 31
28864 81
29376 147
29896 216
30408 255
30928 284
31440 280
31960 248
32472 184
32988 103
33500 31
34020 7
34532 24
35052 67
35564 127
36084 195
36596 248
37112 280
37624 284
38144 255
38656 199
39176 127
39688 49
40208 7
40720 17
41236 56
41748 113
42268 184
42780 240
43300 275
43812 287
44332 255
44844 216
45360 145
45872 71
46392 7
46904 12
47424 39
47936 97
48456 163
48968 224
49484 255
49996 287
50516 271
51028 231
51548 167
52060 88
52580 19
53092 7
53608 31
54120 79
54640 147
55156 207
55672 255
56188 284
56700 280
57220 243
57732 184
58252 103
58764 31
59280 7
59796 24
60312 67
60824 127
61344 195
61856 252
62376 280
62888 284
63404 255
63920 199
64436 127
64948 51
65468 7
65980 15
66500 56
67012 113
67528 184
68044 240
68560 275
69072 287
69592 255
70104 217
70624 147
71136 71
71652 7
72168 12
72684 39
73196 97
73716 163
74228 224
74748 255
75260 286
75776 271
76292 231
76808 163
77320 88
77840 19
78352 7
78872 31
79384 79
79900 152
80416 211
80932 255
81444 284
81964 280
82476 243
82996 184
83508 110
84024 31
84540 7
85056 24
85568 67
86088 127
86600 195
87120 252
87632 280
88148 286
88664 255
89180 199
89692 127
90212 56
90724 7
91244 15
91756 56
92272 115
92788 184
93304 240
93816 271
94336 286
94848 255
95368 216
95880 143
96396 63
96908 7
97428 14
97940 44
98460 99
98972 163
99492 224
100004 255
100520 284
101032 271
101552 227
102064 163
102584 88
103096 19
103616 7
104128 31
104644 88
105156 147
105676 211
106188 255
106708 286
107220 280
107740 248
108252 184
108768 108
109280 33
109800 7
110312 24
110832 63
111344 127
111864 195
112376 248
112892 280
113404 286
113924 255
114436 199
114956 127
115468 51
115988 7
116500 17
117016 56
117528 113
118048 184
118560 240
119080 273
119592 286
120112 255
120624 216
121140 143
121652 67
122172 7
122684 14
123204 39
123716 99
124236 167
124748 224
125264 270
125776 287
126296 271
126808 231
127328 163
127840 88
128360 19
128872 7
129388 31
129908 83
130420 152
130940 211
131452 255
131972 284
132496 255
133008 216
133528 143
134040 63
134556 7
135068 14
135588 48
136100 103
136620 167
137132 227
137652 271
138164 287
138680 271
139192 227
139712 159
140224 83
140744 15
141256 7
141776 35
142288 88
142804 156
143316 216
143836 255
144348 284
144868 280
145380 240
145900 176
146412 103
146928 28
147440 7
147960 28
148472 71
148992 135
149504 199
150024 255
150536 284
151052 284
151564 252
152084 193
152596 120
153116 46
153628 7
154148 24
154660 60
155176 124
155688 192
156208 241
156720 280
157240 287
157752 255
158272 207
158784 135
159300 60
159812 7
160332 15
160844 48
161364 103
161876 174
162396 231
162908 271
163424 286
163936 255
164456 224
164968 152
165488 78
166000 14
166520 7
167032 39
167548 96
168060 159
168580 220
169092 255
169612 287
170124 280
170644 238
171156 174
171672 96
172184 25
172704 7
173216 30
173736 79
174248 143
174768 207
175280 255
175796 284
176308 284
176828 248
177348 192
177860 113
178376 39
178892 7
179408 24
179920 63
180440 127
180952 192
181472 248
181984 280
182500 284
183016 255
183532 199
184044 127
184564 56
185076 7
185596 15
186108 56
186624 112
187140 177
187656 236
188168 271
188688 287
189200 255
189720 220
190232 147
190748 71
191264 7
191780 14
192292 39
192812 97
193324 159
193844 224
194356 255
194872 287
195388 273
195904 231
196416 167
196936 92
197448 24
197968 7
198480 31
198996 81
199512 143
200028 209
200540 255
201060 284
201572 280
202092 248
202604 184
203120 108
203636 31
204152 7
204664 24
205184 71
205696 127
206216 199
206728 248
207244 280
207760 284
208276 255
208788 199
209308 126
209820 49
210340 7
210852 15
211368 56
211884 115
212400 184
212912 240
213432 280
213944 287
214464 255
214976 216
215492 143
216008 67
216524 7
217036 14
217556 46
218068 99
218588 167
219100 225
219616 255
220132 287
220648 271
221160 227
221680 159
222192 83
222712 15
223224 7
223740 33
224256 88
224772 152
225284 216
225804 255
226316 286
226836 280
227348 240
227864 177
228380 99
228896 31
229408 7
229928 28
230440 71
230960 135
231472 199
231988 255
232504 284
233020 284
233532 254
234052 193
234564 120
235084 48
235596 7
236112 19
236628 60
237144 121
237656 188
238176 243
238688 280
239208 286
239720 255
240236 207
240752 135
241268 63
241780 7
242300 15
242812 48
243332 103
243844 172
244360 231
244876 271
245392 286
245904 270
246424 224
246936 156
247456 79
247968 14
248484 7
249000 39
249516 92
250028 159
250548 224
251060 255
251576 287
252088 280
252608 240
253124 176
253636 96
254156 28
254668 7
255188 31
255700 76
256216 142
256732 207
257248 255
257760 284
258280 284
258792 248
259312 192
259824 113
260340 39
260852 7
261372 24
261884 63
262404 127
262916 192
263436 248
263948 280
264472 281
264984 248
265504 188
266016 112
266536 35
267048 7
267564 24
268080 63
268596 127
269108 193
269628 248
270140 280
270660 284
271172 255
271688 199
272204 127
272720 49
273232 7
273752 17
274264 56
274784 120
275296 184
275812 240
276328 275
276844 286
277356 255
277876 216
278388 143
278908 63
279420 7
279936 15
280452 44
280968 99
281480 167
282000 227
282512 270
283032 287
283544 271
284060 231
284576 159
285092 88
285604 15
286124 7
286636 31
287156 88
287668 152
288184 216
288700 255
289216 286
289728 280
290248 240
290760 177
291280 103
291792 31
292308 7
292824 28
293340 71
293852 135
294372 199
294884 252
295404 280
295916 284
296432 252
296948 192
297464 120
297976 44
298496 7
299008 24
299528 63
300040 124
300556 192
301072 243
301588 280
302100 286
302620 255
303132 207
303652 135
304164 63
304680 7
305196 15
305712 48
306224 103
306744 176
307256 231
307776 271
308288 287
308804 271
309320 224
309836 156
310348 78
310868 12
311380 12
311900 39
312412 96
312928 159
313444 224
313960 255
314472 286
314992 275
315504 231
316024 167
316536 96
317052 24
317568 7
318084 31
318596 79
319116 143
319628 207
320148 255
320660 284
321176 284
321692 248
322208 188
322728 112
323240 35
323760 7
324272 24
324788 63
325300 127
325820 195
326332 248
326852 280
327364 286
327884 255
328396 199
328912 127
329424 56
329944 7
330456 15
330976 56
331488 113
332008 179
332520 240
333036 275
333548 286
334068 255
334580 216
335100 143
335612 63
336132 7
336644 14
337160 46
337672 99
338192 167
338704 225
339224 270
339736 287
340256 271
340768 227
341284 159
341796 88
342316 15
342828 7
343348 31
343860 88
344380 152
344892 216
345408 255
345920 286
346440 280
346952 241
347472 184
347984 103
348504 30
349016 7
349532 28
350044 71
350564 135
351076 199
351596 252
352108 284
352628 284
353140 252
353656 193
354168 120
354688 44
355200 7
355720 24
356232 62
356752 124
357264 192
357780 241
358292 280
358812 286
359324 255
359844 207
360356 135
360876 62
361388 7
361904 15
362416 49
362936 110
363448 176
363968 231
364480 271
365000 287
365512 271
366028 224
366540 156
367060 78
367572 14
368092 7
368604 39
369120 94
369636 159
370152 224
370664 255
371184 287
371696 275
372216 236
372728 167
373244 96
373760 24
374276 7
374788 31
375308 79
375820 143
376340 207
376852 255
377368 284
377884 280
378400 248
378912 192
379432 112
379944 39
380464 7
380976 24
381492 63
382008 127
382524 195
383036 248
383556 280
384068 286
384588 255
385100 199
385616 127
386132 56
386648 7
387160 15
387680 56
388192 113
388712 179
389224 238
389740 271
390256 287
390772 255
391284 217
391804 143
392316 67
392836 7
393348 14
393864 44
394380 99
394896 167
395408 224
395928 255
396448 286
396968 255
397480 207
397996 135
398508 63
399028 7
399540 15
400060 48
400572 103
401088 174
401604 231
402120 271
402632 287
403152 271
403664 224
404180 156
404692 79
405212 15
405728 7
406240 39
406760 94
407272 158
407792 220
408304 255
408820 286
409336 275
409852 240
410364 172
410884 96
411396 24
411916 7
412428 30
412944 79
413460 143
413976 207
414488 255
415008 284
415520 280
416040 248
416552 192
417068 112
417584 39
418100 7
418612 24
419132 63
419644 127
420164 193
420676 248
421192 284
421708 286
422224 255
422736 204
423256 127
423768 56
424288 7
424800 15
425316 56
425832 112
426348 184
426860 240
427380 273
427892 286
428412 255
428924 220
429440 145
429956 67
430472 7
430984 14
431504 46
432016 99
432536 167
433048 225
433564 255
434080 286
434596 271
435108 227
435628 159
436140 88
436660 15
437172 7
437688 35
438204 88
438720 152
439232 216
439752 255
440264 286
440784 280
441296 241
441812 179
442328 103
442844 30
443356 7
443876 28
444388 71
444908 135
445420 199
445936 254
446452 280
446968 284
447480 252
448000 193
448512 120
449032 39
449544 7
450060 19
450576 63
451092 124
451604 192
452124 241
452636 280
453156 284
453668 255
454184 207
454700 135
455216 60
455728 7
456248 15
456760 49
457280 110
457792 176
458308 231
458824 271
459340 287
459852 271
460372 224
460884 156
461404 78
461916 12
462432 12
462948 39
463464 96
463976 159
464496 224
465008 255
465528 287
466040 280
466556 236
467072 167
467588 96
468100 24
468620 7
469132 31
469652 79
470164 143
470680 207
471192 255
471712 284
472224 280
472744 243
473256 184
473776 110
474288 35
474804 7
475316 24
475836 67
476348 127
476868 195
477380 252
477900 280
478412 286
478928 255
479440 199
479960 127
480480 49
480992 7
481512 15
482024 56
482540 120
483052 184
483572 240
484084 280
484604 287
485116 255
485636 216
486148 143
486664 63
487176 7
487696 15
488208 46
488728 103
489240 167
489760 227
490272 270
490788 286
491300 271
491820 225
492332 159
492852 79
493364 15
493884 7
494396 35
494912 92
495424 156
495944 220
496456 255
496976 286
497488 280
498008 240
498520 176
499036 99
499548 28
500068 7
500580 28
501100 71
501612 142
502132 206
502644 255
503160 284
503672 284
504192 252
504704 192
505224 120
505736 39
506256 7
506768 24
507284 63
507796 126
508316 192
508828 248
509348 280
509860 286
510380 255
510892 206
511408 127
511920 56
512440 7
512952 15
513472 56
513984 112
514500 177
515016 236
515532 271
516044 287
516564 255
517076 220
517596 152
518108 71
518624 7
519140 12
519656 39
520168 96
520688 163
521200 224
521720 255
522232 287
522748 271
523264 231
523780 167
524292 89
524812 19
525324 7
525844 31
526356 83
526872 147
527388 211
527904 255
528416 287
528936 271
529448 231
529968 163
530480 88
530996 17
531508 7
532028 31
532540 88
533060 152
533572 211
534092 255
534604 286
535120 280
535632 241
536152 179
536664 103
537184 31
537696 7
538216 28
538728 71
539244 135
539756 199
540276 254
540788 284
541308 284
541820 254
542340 193
542852 120
543368 48
543880 7
544400 19
544912 60
545432 124
545944 188
546464 243
546976 280
547492 287
548004 255
548524 209
549036 135
549556 63
550068 7
550588 15
551100 48
551616 103
552128 176
552648 231
553160 271
553680 286
554192 271
554712 224
555224 156
555740 78
556252 12
556772 7
557284 39
557804 96
558316 159
558836 224
559348 255
559864 286
560376 275
560896 231
561408 167
561928 96
562440 24
562960 7
563472 31
563988 79
564500 143
565020 207
565532 255
566052 286
566564 280
567084 248
567596 192
568112 112
568624 35
569144 7
569656 24
570176 63
570688 127
571204 195
571720 248
572236 280
572748 286
573268 255
573780 199
574300 127
574812 51
575328 7
575844 15
576360 60
576872 120
577392 184
577904 240
578424 275
578936 286
579452 255
579968 216
580484 142
580996 63
581516 7
582028 15
582548 48
583060 103
583580 167
584096 227
584608 271
585128 287
585640 271
586160 227
586672 159
587188 81
587704 15
588220 7
588732 35
589252 88
589764 156
590284 216
590796 255
591312 287
591828 280
592344 240
592856 176
593376 97
593888 28
594408 7
594920 30
595436 76
595952 142
596468 206
596980 255
597500 284
598012 280
598532 248
599044 192
599560 113
600076 39
600592 7
601104 24
601624 63
602136 127
602656 192
603168 248
603684 280
604200 286
604716 255
605228 207
605748 127
606260 56
606780 7
607292 15
607808 51
608324 112
608840 177
609352 231
609872 271
610384 287
610904 255
611416 224
611932 152
612444 71
612964 7
613476 12
613996 39
614508 96
615028 159
615540 224
616056 255
616568 286
617088 271
617600 231
618120 163
618632 92
619152 15
619664 7
620180 31
620692 88
621212 152
621724 211
622244 255
622756 284
623276 280
623788 241
624304 184
624816 103
625336 31
625848 7
626368 24
626880 71
627400 127
627912 199
628428 252
628940 284
629460 286
629972 255
630492 195
631004 126
631524 48
632036 7
632552 17
633064 60
633584 120
634096 184
634616 241
635128 280
635648 287
636160 255
636676 211
637188 135
637708 62
638220 7
638740 15
639252 48
639772 103
640284 172
640800 231
641312 271
641832 287
642344 271
642864 224
643376 158
643896 79
644408 14
644924 7
645436 35
645956 92
646468 159
646988 220
647500 255
648020 287
648532 280
649048 240
649560 176
650080 97
650592 24
651112 7
651624 30
652144 79
652656 143
653172 206
653684 255
654204 284
654716 280
655236 248
655748 192
656268 112
656780 35
657296 7
657808 24
658328 63
658848 127
659360 193
659876 248
660392 286
660904 284
661424 248
661936 192
662452 112
662964 35
663484 7
663996 24
664516 63
665028 127
665544 195
666060 248
666576 280
667088 286
667608 255
668120 199
668640 127
669152 51
669668 7
670184 15
670700 60
671212 120
671732 184
672244 240
672764 275
673276 286
673792 255
674308 216
674824 143
675336 63
675856 7
676368 15
676888 48
677400 103
677916 167
678432 227
678948 271
679460 287
679980 271
680492 225
681012 159
681524 83
682040 15
682556 7
683072 35
683584 88
684104 156
684616 216
685136 255
685648 286
686164 280
686680 240
687196 176
687708 97
688228 24
688740 7
689260 28
689772 78
690288 142
690804 206
691320 255
691832 284
692352 284
692864 248
693384 192
693896 112
694412 39
694928 7
695444 24
695956 63
696476 127
696988 192
697508 248
698020 280
698536 287
699052 255
699568 206
700080 127
700600 56
701112 7
701632 15
702144 56
702660 112
703176 177
703692 238
704204 275
704724 287
705240 255
705752 220
706272 145
706784 71
707304 7
707816 14
708336 46
708848 97
709364 163
709876 225
710396 255
710908 287
711428 271
711940 231
712460 159
712972 88
713488 15
714000 7
714520 31
715032 88
715552 152
716064 216
716584 255
717096 287
717612 280
718124 241
718644 179
719156 99
719676 31
720188 7
720708 28
721220 71
721736 135
722248 199
722768 254
723280 284
723800 284
724312 254
724832 193
725344 120
725860 44
726372 7
726892 24
727404 62
727924 124
728436 192
728956 243
729468 280
729984 286
730496 255
731016 207
731528 135
732048 60
732560 7
733080 15
733592 49
734108 112
734620 176
735140 231
735652 271
736172 286
736684 270
737204 224
737716 152
738232 71
738744 7
739264 7
739776 39
740296 96
740808 159
741328 224
741840 255
742356 287
742868 280
743388 231
743900 167
744420 92
744932 24
745452 7
745964 31
746480 81
746992 147
747512 209
748024 255
748544 284
749056 280
749572 243
750088 184
750604 103
751116 31
751636 7
752148 28
752668 71
753180 127
753696 199
754212 252
754728 280
755240 284
755760 255
756272 195
756792 124
757304 48
757820 7
758336 17
758852 60
759364 120
759884 188
760396 241
760916 280
761428 287
761944 255
762460 216
762976 142
763488 63
764008 7
764520 15
765040 48
765552 103
766068 174
766584 231
767100 271
767612 287
768132 271
768644 224
769164 156
769676 79
770192 14
770708 7
771224 39
771736 96
772256 159
772768 224
773288 255
773800 286
774316 273
774832 231
775348 167
775860 96
776380 24
776892 7
777412 31
777924 79
778440 143
778956 207
779472 255
779992 286
780504 281
781024 248
781536 192
782052 112
782568 35
783084 7
783596 24
784116 63
784628 127
785148 195
785660 248
786176 280
786692 286
787208 255
787720 199
788240 127
788752 49
789272 7
789784 17
790300 56
790812 120
791332 184
791844 240
792368 284
792884 284
793396 255
793916 195
794428 120
794944 46
795460 7
795976 19
796488 60
797008 124
797520 192
798040 241
798552 280
799068 287
799584 255
800100 207
800612 140
801132 63
801644 7
802164 15
802676 49
803192 103
803708 176
804224 231
804736 271
805256 287
805768 271
806288 224
806800 156
807316 78
807832 14
808348 7
808860 39
809380 96
809892 159
810412 224
810924 255
811440 287
811956 275
812472 231
812984 167
813504 92
814016 19
814536 7
815048 31
815564 79
816080 147
816596 207
817108 255
817628 286
818140 280
818660 248
819172 184
819688 103
820204 35
820720 7
821232 24
821752 67
822264 127
822784 195
823296 252
823812 284
824328 286
824844 255
825356 199
825876 127
826388 48
826908 7
827420 15
827936 57
828452 120
828968 184
829480 240
830000 275
830512 287
831032 255
831544 216
832060 142
832576 63
833092 7
833604 15
834124 48
834636 103
835156 167
835668 231
836184 271
836700 287
837216 271
837728 224
838248 158
838760 79
839280 14
839792 7
840308 39
840820 96
841340 159
841852 220
842372 255
842884 287
843404 280
843916 240
844432 174
844944 96
845464 24
845980 7
846492 30
847012 79
847524 143
848044 207
848556 255
849072 286
849588 280
850104 248
850616 192
851136 112
851648 35
852168 7
852680 24
853196 63
853712 127
854228 195
854740 248
855260 280
855772 284
856292 255
856804 199
857320 127
857836 51
858352 7
858864 15
859384 56
859896 120
860416 184
860928 240
861444 280
861960 287
862476 255
862988 216
863508 143
864020 63
864540 7
865052 15
865568 46
866084 103
866600 167
867112 227
867632 271
868144 287
868664 271
869176 227
869692 159
870208 81
870724 15
871236 7
871756 35
872268 88
872788 156
873300 216
873816 255
874332 286
874848 280
875360 240
875880 176
876392 97
876912 24
877424 7
877940 28
878456 79
878972 143
879484 206
880004 255
880516 284
881036 284
881548 252
882064 192
882576 115
883096 39
883608 7
884128 24
884640 63
885160 127
885672 192
886188 248
886700 280
887220 287
887732 255
888252 206
888764 127
889284 56
889796 7
890312 15
890824 56
891344 112
891856 177
892376 238
892888 271
893408 286
893920 255
894436 216
894948 145
895468 63
895980 7
896500 15
897012 46
897532 99
898044 167
898560 225
899072 270
899592 287
900104 271
900624 227
901136 159
901656 88
902168 15
902684 7
903196 35
903716 88
904228 153
904748 216
905260 255
905780 287
906292 280
906808 241
907320 177
907840 99
908352 28
908872 7
909384 28
909904 71
910416 135
910932 199
911444 254
911964 280
912476 284
912996 252
913508 192
914028 120
914540 39
915056 7
915568 24
916088 63
916600 127
917120 192
917632 248
918152 280
918664 286
919180 255
919692 206
920212 127
920732 60
921244 7
921764 15
922276 56
922792 112
923304 177
923824 236
924340 284
924860 284
925372 254
925892 193
926404 120
926920 44
927432 7
927952 19
928468 63
928980 124
929500 192
930012 248
930532 280
931044 286
931564 255
932076 207
932592 135
933104 60
933624 7
934136 15
934656 49
935168 110
935688 176
936200 231
936716 271
937228 287
937748 271
938260 224
938780 152
939292 71
939812 7
940324 14
940840 39
941352 96
941872 159
942384 224
942904 255
943416 287
943936 271
944448 231
944964 163
945476 92
945996 17
946508 7
947028 31
947540 83
948060 152
948572 211
949088 255
949600 286
950120 280
950632 248
951152 184
951664 103
952184 31
952696 7
953212 28
953724 71
954244 135
954756 199
955276 252
955788 284
956308 286
956820 255
957336 195
957848 124
958368 48
958880 7
959400 19
959912 60
960432 120
960944 188
961460 241
961972 280
962492 286
963004 255
963524 207
964036 135
964556 60
965068 7
965584 15
966096 48
966616 108
967128 176
967648 231
968160 271
968676 287
969192 271
969708 224
970220 156
970740 78
971252 12
971772 12
972284 39
972800 96
973316 159
973832 224
974344 255
974864 287
975376 280
975896 236
976408 167
976924 96
977440 24
977956 7
978468 31
978988 79
979500 143
980020 207
980532 255
981048 286
981564 280
982080 248
982592 184
983112 103
983624 31
984144 7
984656 24
985172 67
985688 127
986204 199
986716 249
987236 280
987748 284
988268 255
988780 195
989296 124
989812 48
990328 7
990840 17
991360 60
991872 120
992392 184
992904 241
993420 280
993936 286
994452 255
994964 211
995484 142
995996 63
996516 7
997028 15
997544 48
998060 103
998576 167
999088 231
999608 271
1000120 287
1000640 271
1001152 224
1001668 156
1002184 78
1002700 12
1003220 7
1003732 39
1004252 96
1004764 159
1005280 224
1005796 255
1006312 286
1006824 275
1007344 231
1007856 167
1008376 96
1008888 24
1009404 7
1009920 30
1010436 79
1010948 143
1011468 207
1011980 255
1012500 286
1013012 280
1013528 248
1014040 188
1014560 112
1015072 35
1015592 7
1016104 24
1016624 63
1017136 127
1017652 195
1018164 248
1018684 280
1019196 286
1019716 255
1020228 199
1020748 127
1021260 49
1021776 7
1022288 17
1022808 56
1023320 120
1023840 184
1024352 240
1024872 275
1025384 286
1025900 255
1026412 216
1026932 142
1027444 63
1027964 7
1028476 15
1028996 48
1029508 103
1030024 167
1030536 231
1031056 271
1031568 287
1032088 271
1032600 224
1033120 159
1033632 79
1034148 15
1034660 7
1035180 35
1035692 92
1036212 158
1036724 220
1037244 255
1037756 287
1038272 280
1038784 240
1039304 176
1039816 96
1040336 24
1040848 7
1041368 31
1041880 79
1042396 143
1042908 207
1043428 255
1043940 284
1044460 280
1044972 248
1045492 192
1046004 112
1046520 35
1047032 7
1047552 24
1048064 63
1048584 127
1049096 195
1049616 249
1050128 280
1050644 286
1051156 255
1051676 199
1052188 127
1052708 51
1053220 7
1053740 15
1054252 56
1054768 115
1055280 184
1055800 240
