60 62
124 79
184 99
248 120
308 135
372 156
436 167
496 188
560 199
620 216
684 227
752 243
812 255
876 270
940 284
1000 291
1064 305
1124 318
1188 327
1248 335
1312 352
1376 359
1436 368
1500 384
1560 387
1624 399
1684 408
1748 415
1816 423
1880 433
1940 448
2004 449
2064 460
2128 465
2188 476
2252 481
2316 487
2376 496
2440 504
2500 512
2564 519
2624 527
2688 536
2752 540
2820 543
2880 551
2944 560
3004 568
3068 572
3132 575
3192 575
3256 590
3316 591
3380 600
3440 608
3504 609
3564 615
3628 624
3692 625
3752 632
3820 636
3884 639
3944 639
4008 647
4072 655
4132 655
4196 664
4256 668
4320 671
4380 671
4444 679
4508 686
4568 688
4632 696
4692 696
4756 704
4816 704
4884 707
4948 711
5012 716
5072 719
5136 719
5196 728
5260 732
5320 736
5384 736
5448 737
5508 743
5572 743
5632 748
5696 768
5756 768
5820 768
5888 768
5952 768
6012 768
6076 768
6136 768
6200 771
6264 775
6324 775
6388 780
6448 783
6512 783
6572 783
6636 792
6696 792
6760 796
6824 796
6892 799
6952 799
7016 799
7076 803
7140 807
7204 807
7264 812
7328 814
7388 816
7452 816
7512 816
7576 824
7640 824
7700 824
7764 824
7824 828
7888 830
7956 831
8020 831
8080 831
8144 831
8204 831
8268 831
8328 839
8392 839
8452 839
8516 844
8580 846
8640 847
8704 847
8764 847
8828 847
8888 847
8960 856
9020 856
9084 856
9144 856
9208 856
9268 860
9332 860
9396 860
9456 860
9520 860
9580 864
9644 864
9704 864
9768 864
9828 864
9892 864
9956 864
10024 864
10084 860
10148 864
10208 860
10272 856
10336 856
10396 856
10460 856
10520 847
10584 847
10644 844
10708 839
10772 831
10832 831
10896 830
10956 824
11024 824
11088 816
11152 807
11212 799
11276 796
11336 792
11400 782
11460 775
11524 768
11584 768
11648 748
11712 737
11772 728
11836 719
11896 707
11960 696
12028 684
12092 671
12152 655
12216 639
12276 632
12340 615
12400 608
12464 590
12528 575
12588 560
12652 543
12712 527
12776 511
12836 496
12900 480
12960 460
13024 440
13092 423
13156 408
13216 387
13280 368
13340 352
13404 327
13468 313
13528 295
13592 275
13652 255
13716 240
13776 220
13840 199
13904 184
13964 163
14028 143
14096 126
14156 103
14220 89
14284 71
14344 56
14408 35
14468 24
14532 7
14592 3
14656 1
14716 1
14780 3
14844 3
14904 3
14968 3
15028 7
15096 7
15160 7
15224 15
15284 15
15348 19
15408 24
15472 30
15532 31
15596 39
15660 48
15720 56
15784 62
15844 67
15908 78
15968 88
16032 96
16092 120
16152 127
16216 135
16276 152
16340 159
16400 174
16464 184
16528 193
16588 206
16652 216
16712 227
16776 240
16836 248
16900 255
16964 271
17024 280
17092 287
17156 304
17216 312
17280 319
17344 327
17404 339
17468 352
17528 355
17592 368
17652 376
17716 384
17776 387
17840 398
17904 403
17964 412
18028 415
18088 423
18156 432
18220 440
18284 448
18344 448
18408 451
18468 455
18532 463
18592 467
18656 472
18720 480
18780 480
18844 483
18904 487
18968 487
19028 496
19092 496
19160 497
19224 504
19284 504
19348 504
19408 504
19472 504
19532 504
19596 504
19660 504
19720 504
19784 504
19844 499
19908 497
19968 496
20032 496
20096 487
20156 487
20224 483
20288 480
20348 480
20412 472
20472 465
20536 462
20600 455
20660 449
20724 448
20784 440
20848 432
20908 423
20972 415
21036 408
21096 399
21160 391
21228 384
21288 384
21352 368
21416 355
21476 352
21540 335
21600 327
21664 319
21724 312
21788 295
21848 287
21912 280
21976 255
22036 255
22100 248
22160 240
22228 224
22292 216
22356 199
22416 192
22480 184
22540 167
22604 159
22664 152
22728 135
22792 127
22852 120
22916 112
22976 99
23040 92
23100 79
23164 71
23224 62
23296 56
23356 46
23420 35
23480 30
23544 24
23604 15
23668 12
23732 7
23792 7
23856 7
23916 7
23980 7
24040 7
24104 7
24168 7
24228 14
24296 15
24360 15
24420 24
24484 24
24548 28
24608 31
24672 35
24732 39
24796 48
24856 56
24920 60
24980 63
25044 71
25108 79
25168 88
25232 96
25300 103
25360 112
25424 120
25488 127
25548 135
25612 143
25672 156
25736 159
25796 172
25860 184
25924 192
25984 199
26048 207
26108 216
26172 225
26232 231
26296 243
26360 254
26424 255
26488 270
26548 280
26612 286
26672 291
26736 304
26796 312
26860 318
26924 319
26984 327
27048 335
27108 344
27172 352
27232 355
27296 364
27364 369
27428 384
27488 384
27552 385
27612 391
27676 396
27736 399
27800 408
27864 408
27924 414
27988 415
28048 415
28112 419
28172 423
28236 428
28300 432
28368 432
28428 432
28492 433
28552 435
28616 440
28680 440
28740 440
28804 440
28864 440
28928 440
28988 435
29052 433
29112 432
29176 432
29240 432
29300 428
29364 423
29432 419
29492 415
29556 415
29620 412
29680 408
29744 403
29804 399
29868 391
29928 387
29992 384
30056 384
30116 371
30180 368
30240 359
30304 352
30364 348
30432 337
30496 327
30560 319
30620 318
30684 312
30744 304
30808 295
30868 287
30932 280
30996 271
31056 255
31120 255
31180 248
31244 240
31304 227
31368 224
31436 209
31500 199
31560 193
31624 184
31684 176
31748 167
31812 159
31872 152
31936 143
31996 135
32060 127
32120 120
32180 112
32244 103
32304 97
32368 92
32428 88
32492 79
32552 71
32616 63
32680 62
32740 56
32804 48
32864 46
32928 39
32996 31
33056 31
33120 28
33184 24
33244 24
33308 19
33368 17
33432 15
33492 15
33556 15
33620 15
33680 15
33744 17
33804 19
33868 24
33928 24
33996 24
34060 30
34124 31
34184 31
34248 39
34308 39
34372 48
34432 51
34496 60
34560 63
34620 67
34684 71
34744 79
34808 88
34868 96
34932 99
35000 108
35064 115
35124 124
35188 127
35248 135
35312 143
35372 152
35436 159
35500 167
35560 176
35624 184
35684 192
35748 199
35808 207
35872 220
35936 224
35996 231
36064 241
36128 252
36188 255
36252 255
36316 271
36376 280
36440 287
36500 291
36564 302
36624 305
36688 316
36748 318
36812 319
36876 327
36936 335
37000 344
37068 352
37128 352
37192 359
37256 359
37316 368
37380 369
37440 384
37504 384
37564 384
37628 385
37692 387
37752 391
37816 391
37876 398
37940 399
38000 399
38068 399
38132 408
38196 408
38256 408
38320 408
38380 408
38444 408
38504 408
38568 408
38632 408
38692 408
38756 399
38816 399
38880 399
38940 399
39004 391
39068 391
39136 387
39196 385
39260 384
39320 384
39384 384
39448 371
39508 368
39572 359
39632 359
39696 352
39756 352
39820 344
39880 335
39944 327
40008 319
40068 319
40136 312
40200 305
40260 295
40324 287
40388 287
40448 280
40512 271
40572 255
40636 255
40696 252
40760 241
40824 231
40884 227
40948 224
41008 216
41072 206
41140 195
41204 192
41264 184
41328 176
41388 167
41452 159
41512 152
41576 143
41636 135
41700 127
41764 126
41824 120
41888 112
41948 103
42012 99
42072 96
42136 88
42204 81
42268 78
42328 71
42392 63
42452 63
42516 60
42580 56
42640 51
42704 48
42764 48
42828 39
42888 39
42952 39
43012 35
43076 33
43140 31
43208 31
43268 31
43332 31
43392 31
43456 31
43520 31
43580 35
43644 35
43704 39
43768 39
43828 48
43892 48
43956 51
44016 56
44080 60
44140 63
44208 63
44272 71
44336 79
44396 81
44460 88
44520 96
44584 99
44644 103
44708 112
44768 120
44832 126
44896 127
44956 135
45020 143
45080 153
45144 159
45204 167
45276 176
45336 184
45400 192
45460 195
45524 206
45584 209
45648 220
45712 225
45772 231
45836 240
45896 248
45960 254
46020 255
46084 255
46144 271
46208 280
46276 287
46340 291
46400 300
46464 304
46524 312
46588 318
46652 319
46712 327
46776 334
46836 335
46900 344
46960 348
47024 352
47088 353
47148 359
47212 359
47272 368
47340 368
47404 376
47468 384
47528 384
47592 384
47652 384
47716 384
47776 384
47840 385
47900 387
47964 387
48028 387
48088 391
48148 387
48212 387
48272 387
48336 387
48396 387
48460 385
48524 384
48584 384
48648 384
48708 384
48776 384
48840 384
48904 376
48964 368
49028 368
49088 359
49152 359
49212 353
49276 352
49340 352
49400 344
49464 335
49524 334
49588 327
49648 319
49712 319
49772 312
49844 305
49904 304
49968 295
50028 287
50092 284
50152 280
50216 271
50280 255
50340 255
50404 252
50464 243
50528 240
50588 231
50652 224
50716 216
50776 207
50844 204
50908 195
50968 192
51032 184
51096 176
51156 167
51220 163
51280 158
51344 152
51404 143
51468 135
51528 127
51592 127
51656 120
51716 115
51780 112
51848 103
51908 99
51972 96
52036 92
52096 88
52160 79
52220 78
52284 71
52344 71
52408 67
52472 63
52532 63
52596 62
52656 60
52720 60
52780 56
52844 56
52912 56
52976 56
53036 56
53100 56
53160 56
53224 56
53284 56
53348 60
53412 60
53472 62
53536 63
53596 63
53660 67
53720 71
53784 76
53848 79
53916 81
53976 88
54040 92
54100 96
54164 99
54228 103
54288 112
54352 120
54412 124
54476 127
54536 127
54600 140
54660 145
54724 152
54788 159
54848 163
54916 172
54980 177
55040 184
55104 192
55168 195
55228 204
55292 209
55352 216
55416 224
55476 231
55540 240
55604 241
55664 248
55728 255
55788 255
55852 255
55912 271
55980 280
56044 287
56108 287
56168 295
56232 304
56292 307
56356 312
56416 318
56480 319
56544 319
56604 327
56668 335
56728 335
56792 344
56852 345
56916 352
56984 352
57048 355
57108 359
57172 359
57232 364
57296 368
57360 368
57420 368
57484 376
57544 376
57608 376
57668 376
57732 384
57792 384
57856 384
57920 384
57980 384
58048 384
58112 376
58172 376
58236 371
58300 369
58360 368
58424 368
58484 364
58548 359
58608 359
58672 355
58736 352
58796 352
58860 352
58920 344
58984 344
59052 335
59116 334
59176 327
59240 319
59300 319
59364 316
59424 312
59488 304
59548 295
59612 291
59676 287
59736 284
59800 280
59860 271
59924 255
59984 255
60056 252
60116 248
60180 240
60240 231
60304 225
60364 220
60428 216
60492 207
60552 199
60616 193
60676 192
60740 184
60800 177
60864 167
60924 163
60988 159
61052 152
61120 152
61180 143
61244 135
61304 127
61368 127
61432 120
61492 115
61556 112
61616 103
61680 99
61740 96
61804 96
61868 88
61928 88
61992 79
62052 79
62120 79
62184 71
62248 71
62308 71
62372 67
62432 63
62496 63
62556 63
62620 63
62680 63
62744 63
62808 63
62868 63
62932 63
62992 63
63056 63
63124 67
63188 71
63248 71
63312 76
63372 78
63436 79
63496 83
63560 88
63624 92
63684 96
63748 97
63808 103
63872 110
63932 112
63996 120
64056 120
64120 127
64180 135
64244 143
64308 152
64368 153
64432 159
64492 163
64556 167
64616 177
64680 184
64748 192
64812 195
64872 199
64936 207
64996 216
65060 224
65120 225
65184 231
65244 240
65308 248
65372 252
65432 255
65496 255
65556 255
65620 271
65680 280
65744 286
65812 287
65876 295
65936 300
66000 304
66060 312
66124 312
66184 319
66248 319
66312 319
66372 327
66436 334
66496 335
66560 339
66620 344
66684 348
66748 352
66816 352
66876 352
66940 353
67000 355
67064 359
67128 359
67188 359
67252 364
67312 364
67376 368
67436 368
67500 368
67560 368
67624 368
67688 368
67748 368
67816 364
67880 364
67940 359
68004 359
68068 359
68128 355
68192 353
68252 352
68316 352
68376 352
68440 344
68504 344
68564 335
68628 335
68688 327
68752 327
68812 319
68884 319
68944 316
69008 312
69068 304
69132 304
69192 295
69256 287
69316 287
69380 284
69444 275
69504 271
69568 255
69628 255
69692 254
69752 248
69816 243
69884 236
69948 231
70008 224
70072 220
70132 216
70196 207
70260 199
70320 193
70384 192
70444 184
70508 177
70568 167
70632 167
70692 159
70756 158
70820 152
70888 143
70948 140
71012 135
71072 127
71136 127
71200 124
71260 115
71324 113
71384 110
71448 103
71508 103
71572 99
71636 96
71696 96
71760 92
71820 88
71884 88
71948 83
72012 79
72076 79
72136 79
72200 79
72260 78
72324 71
72384 76
72448 71
72508 78
72572 71
72636 78
72696 79
72760 79
72820 79
72884 83
72952 88
73016 88
73076 92
73140 96
73200 96
73264 99
73324 103
73388 103
73448 112
73512 113
73576 120
73636 124
73700 127
73760 127
73824 135
73884 143
73956 145
74016 152
74080 159
74140 159
74204 167
74264 176
74328 184
74392 188
74452 192
74516 195
74576 199
74640 207
74700 216
74764 220
74824 224
74888 231
74952 231
75020 241
75080 248
75144 254
75204 255
75268 255
75332 270
75392 271
75456 280
75516 284
75580 287
75640 291
75704 295
75768 304
75828 304
75892 312
75952 316
76020 318
76084 319
76148 319
76208 327
76272 327
76332 334
76396 335
76456 335
76520 344
76580 344
76644 348
76708 348
76768 352
76832 352
76892 352
76956 352
77024 352
77088 353
77148 353
77212 353
77272 353
77336 353
77396 353
77460 352
77524 352
77584 352
77648 352
77708 352
77772 348
77832 344
77896 344
77956 344
78020 335
78088 335
78152 334
78212 327
78276 327
78336 319
78400 319
78464 318
78524 312
78588 312
78648 304
78712 304
78772 295
78836 287
78900 287
78960 284
79024 280
79092 271
79152 255
79216 255
79280 255
79340 254
79404 248
79464 240
79528 231
79588 231
79652 224
79712 220
79776 216
79840 207
79900 199
79964 195
80024 192
80092 192
80156 184
80216 176
80276 172
80340 167
80408 159
80472 158
80532 152
80596 147
80656 143
80720 135
80780 127
80844 127
80908 127
80968 120
81032 120
81092 112
81156 112
81216 103
81280 103
81344 103
81412 97
81472 96
81536 96
81596 96
81660 92
81724 92
81784 88
81848 88
81908 88
81972 88
82032 88
82096 88
82156 88
82220 88
82284 88
82344 88
82412 92
82476 88
82536 92
82600 96
82664 96
82724 97
82788 99
82848 103
82912 103
82972 112
83036 113
83100 120
83160 120
83224 126
83284 127
83348 127
83408 135
83480 143
83540 145
83604 152
83664 158
83728 159
83788 167
83852 167
83912 176
83976 184
84040 192
84100 192
84164 199
84224 199
84288 207
84348 216
84412 220
84480 225
84544 231
84604 236
84668 240
84728 248
84792 252
84856 255
84916 255
84980 255
85040 271
85104 275
85164 280
85228 284
85288 287
85352 287
85416 295
85484 304
85544 305
85608 312
85668 312
85732 316
85796 319
85856 319
85920 319
85980 327
86044 327
86104 334
86168 335
86232 335
86292 335
86356 344
86416 344
86480 344
86544 344
86608 348
86672 348
86732 348
86796 348
86856 352
86920 348
86980 352
87044 348
87104 348
87168 344
87232 344
87292 344
87356 344
87416 339
87480 335
87548 335
87612 335
87672 332
87736 327
87796 327
87860 319
87920 319
87984 319
88044 316
88108 312
88172 307
88232 304
88296 295
88356 295
88420 287
88480 287
88552 284
88612 280
88676 271
88736 255
88800 255
88860 255
88924 255
88988 252
89048 248
89112 240
89172 231
89236 231
89296 224
89360 224
89420 216
89484 207
89548 199
89616 195
89676 192
89740 192
89800 184
89864 176
89928 174
89988 167
90052 159
90112 158
90176 156
90236 152
90300 143
90364 135
90424 135
90488 127
90548 127
90616 127
90680 120
90744 120
90804 113
90868 112
90928 110
90992 108
91052 103
91116 103
91176 99
91240 97
91304 96
91364 96
91428 96
91488 96
91552 96
91620 96
91684 92
91744 92
91808 96
91868 94
91932 96
91992 96
92056 96
92120 96
92180 97
92244 99
92304 103
92368 103
92428 103
92492 112
92552 113
92616 120
92684 120
92748 126
92808 127
92872 127
92932 127
92996 135
93060 143
93120 143
93184 152
93244 156
93308 159
93368 163
93432 167
93496 176
93556 179
93620 184
93688 192
93748 195
93812 199
93876 206
93936 207
94000 216
94060 224
94124 225
94184 231
94248 240
94308 240
94372 248
94436 252
94496 255
94560 255
94620 255
94688 271
94752 271
94816 280
94876 284
94940 287
95000 287
95064 295
95124 295
95188 304
95252 305
95312 312
95376 316
95436 318
95500 319
95560 319
95624 319
95684 327
95756 327
95816 327
95880 335
95940 335
96004 335
96064 337
96128 339
96192 344
96256 339
96316 339
96380 339
96440 344
96504 344
96572 344
96632 344
96696 344
96760 339
96820 339
96884 335
96944 335
97008 335
97068 335
97132 334
97192 327
97256 327
97320 327
97380 319
97444 319
97504 319
97572 318
97636 312
97700 312
97760 305
97824 304
97884 300
97948 295
98008 287
98072 287
98132 286
98196 280
98260 275
98320 271
98384 255
98444 255
98508 255
98576 254
98640 248
98700 243
98764 240
98824 231
98888 227
98948 224
99012 220
99076 216
99136 207
99200 206
99260 199
99324 195
99384 192
99448 188
99508 184
99572 176
99640 167
99704 163
99764 159
99828 158
99888 152
99952 152
100016 143
100076 142
100140 135
100200 127
100264 127
100324 127
100388 124
100452 120
100512 120
100576 115
100644 112
100704 112
100768 110
100832 103
100892 103
100956 103
101016 103
101080 99
101140 99
101204 97
101264 97
101328 97
101392 97
101452 99
101516 99
101576 99
101644 99
101708 103
101772 103
101832 103
101896 103
101956 110
102020 112
102080 112
102144 115
102208 120
102268 124
102332 126
102392 127
102456 127
102516 135
102580 135
102640 143
102712 143
102772 152
102836 156
102896 159
102960 163
103020 167
103084 174
103148 177
103208 184
103272 192
103332 192
103396 195
103456 199
103520 207
103584 207
103644 216
103712 224
103776 225
103836 231
103900 236
103964 241
104024 248
104088 252
104148 255
104212 255
104272 255
104336 255
104396 271
104460 280
104524 280
104584 284
104648 287
104708 287
104776 295
104840 295
104904 304
104964 304
105028 312
105088 312
105152 316
105212 319
105276 319
105340 319
105400 319
105464 327
105524 327
105588 327
105648 334
105712 335
105780 335
105844 335
105904 335
105968 335
106028 335
106092 335
106152 335
106216 335
106280 335
106340 335
106404 335
106464 335
106528 335
106588 335
106652 334
106716 332
106784 327
106844 327
106908 327
106968 319
107032 319
107096 319
107156 318
107220 316
107280 312
107344 312
107404 305
107468 304
107528 295
107592 295
107656 287
107716 287
107780 284
107848 280
107908 275
107972 271
108036 255
108096 255
108160 255
108220 254
108284 249
108344 243
108408 240
108472 231
108532 231
108596 224
108656 224
108720 216
108780 211
108848 207
108912 199
108976 195
109036 192
109100 192
109160 184
109224 184
109284 176
109348 167
109412 167
109472 159
109536 159
109596 156
109660 152
109720 143
109784 143
109852 135
109916 135
109976 127
110040 127
110100 127
110164 124
110228 120
110288 120
110352 120
110412 113
110476 112
110536 112
110600 112
110660 110
110724 108
110788 103
110848 103
110916 103
110980 103
111040 103
111104 103
111168 103
111228 103
111292 103
111352 108
111416 112
111476 112
111540 112
111604 113
111664 120
111728 120
111788 120
111852 124
111920 127
111984 127
112044 127
112108 135
112168 135
112232 143
112288 145
112352 152
112412 156
112480 159
112544 163
112604 167
112668 174
112732 176
112792 184
112856 184
112916 192
112980 193
113040 199
113104 199
113168 207
113228 216
113292 220
113352 224
113416 225
113476 231
113544 238
113608 241
113672 248
113732 252
113796 255
113856 255
113920 255
113980 255
114044 271
114108 271
114168 280
114232 284
114292 287
114356 287
114416 291
114480 295
114548 300
114612 304
114672 305
114736 312
114796 312
114860 316
114924 316
114984 319
115048 319
115108 319
115172 319
115232 319
115296 327
115356 327
115420 327
115484 327
115552 327
115612 327
115676 327
115736 327
115800 327
115864 332
115924 327
115988 327
116048 327
116112 327
116172 327
116236 327
116300 319
116360 319
116424 319
116484 319
116548 319
116616 316
116680 316
116740 312
116804 312
116864 304
116928 304
116988 295
117052 295
117112 291
117176 287
117240 287
117300 284
117364 280
117424 275
117488 271
117548 255
117620 255
117680 255
117744 255
117804 252
117868 248
117928 241
117992 238
118056 231
118116 225
118180 224
118240 220
118304 216
118364 207
118428 207
118488 199
118552 195
118616 192
118684 192
118744 184
118808 179
118868 176
118932 167
118996 167
119056 159
119120 159
119180 156
119244 152
119304 147
119368 143
119432 142
119492 135
119556 135
119616 127
119684 127
119748 127
119812 126
119872 124
119936 120
119996 120
120060 120
120120 113
120184 113
120244 112
120308 112
120372 112
120432 112
120496 112
120556 112
120620 112
120688 112
120752 112
120812 112
120876 113
120936 113
121000 120
121060 120
121124 120
121188 120
121248 124
121312 126
121372 127
121436 127
121496 127
121560 135
121620 135
121684 143
121752 143
121816 147
121876 152
121940 156
122000 159
122064 159
122128 167
122188 167
122252 176
122312 177
122376 184
122436 192
122500 192
122564 195
122624 199
122688 206
122756 207
122816 216
122880 220
122944 224
123004 227
123068 231
123128 231
123192 240
123252 248
123316 252
123376 255
123440 255
123504 255
123564 255
123628 271
123688 271
123756 280
123820 280
123884 286
123944 287
124008 287
124068 295
124132 295
124192 302
124256 304
124320 305
124380 312
124444 312
124504 316
124568 316
124628 318
124692 319
124752 319
124824 319
124884 319
124948 319
125008 327
125072 327
125132 327
125196 327
125260 327
125320 327
125384 327
125444 327
125508 327
125568 327
125632 327
125696 327
125756 327
125824 319
125888 319
125948 319
126012 319
126076 319
126136 318
126200 318
126260 312
126324 312
126384 307
126448 305
126508 304
126572 304
126636 295
126696 295
126760 287
126828 287
126888 284
126952 280
127016 280
127076 271
127140 271
127200 255
127264 255
127324 255
127388 254
127452 248
127512 248
127576 240
127636 231
127700 231
127760 225
127824 224
127888 220
127952 216
128016 207
128076 206
128140 199
128200 195
128264 192
