216 96
428 96
640 96
852 96
1072 96
1284 96
1496 96
1708 96
1920 96
2140 96
2352 96
2564 96
2776 96
2988 96
3208 96
3420 96
3632 96
3844 96
4056 96
4276 96
4488 96
4700 96
4912 96
5124 96
5344 96
5556 96
5768 96
5980 96
6196 96
6412 96
6624 96
6836 96
7048 96
7264 96
7476 96
7692 96
7904 96
8116 96
8332 96
8544 96
8756 96
8972 96
9184 96
9400 96
9612 96
9824 96
10036 96
10252 96
10468 96
10680 96
10892 96
11104 96
11324 96
11536 96
11748 96
11960 96
12172 96
12392 96
12604 96
12816 96
13028 96
13240 96
13460 96
13672 96
13884 96
14096 96
14308 96
14528 96
14740 96
14952 96
15164 96
15376 96
15596 96
15808 96
16020 96
16232 96
16452 96
16664 96
16876 96
17088 96
17300 96
17520 96
17732 96
17944 96
18156 96
18368 96
18588 96
18800 96
19012 96
19224 96
19436 96
19652 96
19868 96
20080 96
20292 96
20504 96
20720 96
20936 96
21148 96
21360 96
21576 96
21788 96
22000 96
22216 96
22428 96
22644 96
22856 96
23068 96
23280 96
23496 96
23712 96
23924 96
24136 96
24348 96
24560 96
24780 96
24992 96
25204 96
25416 96
25628 96
25848 96
26060 96
26272 96
26484 96
26704 96
26916 96
27128 96
27340 96
27552 96
27772 96
27984 96
28196 96
28408 96
28620 96
28840 96
29052 96
29264 96
29476 96
29688 96
29908 96
30120 96
30332 96
30544 96
30764 96
30976 96
31188 96
31400 96
31612 96
31832 96
32044 96
32256 96
32468 96
32680 96
32896 96
33112 96
33324 96
33536 96
33748 96
33964 96
34176 96
34392 96
34604 96
34816 96
35032 96
35244 96
35456 96
35672 96
35888 96
36100 96
36312 96
36524 96
36736 96
36956 96
37168 96
37380 96
37592 96
37804 96
38024 96
38236 96
38448 96
38660 96
38872 96
39092 96
39304 96
39516 96
39728 96
39940 96
40160 96
40372 96
40584 96
40796 96
41016 96
41228 96
41440 96
41652 96
41864 96
42084 96
42296 96
42508 96
42720 96
42932 96
43152 96
43364 96
43576 96
43788 96
44000 96
44220 96
44432 96
44644 96
44856 96
45068 96
45288 96
45500 96
45712 96
45924 96
46140 96
46356 96
46568 96
46780 96
46992 96
47208 96
47420 96
47636 96
47848 96
48060 96
48276 96
48488 96
48700 96
48916 96
49128 96
49344 96
49556 96
49768 96
49980 96
50196 96
50412 96
50624 96
50836 96
51048 96
51268 96
51480 96
51692 96
51904 96
52116 96
52336 96
52548 96
52760 96
52972 96
53184 96
53404 96
53616 96
53828 96
54040 96
54252 96
54472 96
54684 96
54900 96
55112 96
55324 96
55544 96
55756 96
55968 96
56180 96
56392 96
56612 96
56824 96
57036 96
57248 96
57464 96
57680 96
57892 96
58104 96
58316 96
58532 96
58744 96
58960 96
59172 96
59384 96
59600 96
59812 96
60024 96
60240 96
60452 96
60668 96
60880 96
61092 96
61304 96
61520 96
61736 96
61948 96
62160 96
62372 96
62592 96
62804 96
63016 96
63228 96
63440 96
63660 96
63872 96
64084 96
64296 96
64508 96
64728 96
64940 96
65152 96
65364 96
65576 96
65796 96
66008 96
66220 96
66432 96
66644 96
66864 96
67076 96
67288 96
67500 96
67720 96
67932 96
68144 96
68356 96
68568 96
68788 96
69000 96
69212 96
69424 96
69636 96
69856 96
70068 96
70280 96
70492 96
70704 96
70920 96
71136 96
71348 96
71560 96
71772 96
71988 96
72204 96
72416 96
72628 96
72844 96
73056 96
73268 96
73484 96
73696 96
73912 96
74124 96
74336 96
74548 96
74764 96
74980 96
75192 96
75404 96
75616 96
75828 96
76048 96
76260 96
76472 96
76684 96
76896 96
77116 96
77328 96
77540 96
77752 96
77972 96
78184 96
78396 96
78608 96
78820 96
79040 96
79252 96
79464 96
79676 96
79888 96
80108 96
80320 96
80532 96
80744 96
80956 96
81176 96
81388 96
81600 96
81812 96
82024 96
82244 96
82456 96
82668 96
82880 96
83096 96
83312 96
83524 96
83736 96
83948 96
84164 96
84380 96
84592 96
84804 96
85016 96
85232 96
85444 96
85660 96
85872 96
86084 96
86300 96
86512 96
86724 96
86940 96
87152 96
87368 96
87580 96
87792 96
88004 96
88224 96
88436 96
88648 96
88860 96
89072 96
89292 96
89504 96
89716 96
89928 96
90140 96
90360 96
90572 96
90784 96
90996 96
91208 96
91428 96
91640 96
91852 96
92064 96
92284 96
92496 96
92708 96
92920 96
93132 96
93352 96
93564 96
93776 96
93988 96
94200 96
94420 96
94632 96
94844 96
95056 96
95268 96
95488 96
95700 96
95912 96
96124 96
96336 96
96556 96
96768 96
96980 96
97192 96
97408 96
97624 96
97836 96
98048 96
98260 96
98476 96
98688 96
98904 96
99116 96
99328 96
99544 96
99756 96
99968 96
100184 96
100396 96
100612 96
100824 96
101036 96
101248 96
101464 96
101680 96
101892 96
102104 96
102316 96
102536 96
102748 96
102960 96
103172 96
103384 96
103604 96
103816 96
104028 96
104240 96
104452 96
104672 96
104884 96
105096 96
105308 96
105520 96
105740 96
105952 96
106164 96
106376 96
106588 96
106808 96
107020 96
107232 96
107444 96
107664 96
107876 96
108088 96
108300 96
108512 96
108732 96
108944 96
109156 96
109368 96
109588 96
109800 96
110016 96
110232 96
110444 96
110656 96
110872 96
111084 96
111300 96
111512 96
111724 96
111940 96
112152 96
112364 96
112580 96
112792 96
113008 96
113220 96
113432 96
113644 96
113860 96
114076 96
114288 96
114500 96
114712 96
114924 96
115144 96
115356 96
115568 96
115780 96
116000 96
116212 96
116424 96
116636 96
116848 96
117068 96
117280 96
117492 96
117704 96
117916 96
118136 96
118348 96
118560 96
118772 96
118984 96
119204 96
119416 96
119628 96
119840 96
120060 96
120272 96
120484 96
120696 96
120908 96
121128 96
121340 96
121552 96
121764 96
121976 96
122196 96
122408 96
122620 96
122832 96
123044 96
123260 96
123476 96
123688 96
123900 96
124112 96
124328 96
124544 96
124756 96
124968 96
125184 96
125396 96
125608 96
125824 96
126036 96
126252 96
126464 96
126676 96
126888 96
127104 96
127320 96
127532 96
127744 96
127956 96
128168 96
128388 96
128600 96
128812 96
129024 96
129236 96
129456 96
129668 96
129880 96
130092 96
130312 96
130524 96
130736 96
130948 96
131160 96
131380 96
131592 96
131804 96
132016 96
132228 96
132448 96
132660 96
132872 96
133084 96
133296 96
133516 96
133728 96
133940 96
134152 96
134364 96
134584 96
134796 96
135008 96
135220 96
135440 96
135652 96
135864 96
136076 96
136288 96
136504 96
136720 96
136932 96
137144 96
137356 96
137572 96
137784 96
138000 96
138212 96
138424 96
138640 96
138852 96
139064 96
139280 96
139492 96
139708 96
139920 96
140132 96
140344 96
140564 96
140776 96
140988 96
141200 96
141412 96
141632 96
141844 96
142056 96
142268 96
142480 96
142700 96
142912 96
143124 96
143336 96
143548 96
143768 96
143980 96
144192 96
144404 96
144616 96
144836 96
145048 96
145260 96
145472 96
145692 96
145904 96
146116 96
146328 96
146540 96
146760 96
146972 96
147184 96
147396 96
147608 96
147828 96
148040 96
148252 96
148464 96
148676 96
148896 96
149108 96
149320 96
149532 96
149744 96
149964 96
150176 96
150388 96
150600 96
150816 96
151028 96
151244 96
151456 96
151668 96
151884 96
152096 96
152308 96
152524 96
152736 96
152952 96
153164 96
153376 96
153588 96
153804 96
154020 96
154232 96
154444 96
154656 96
154876 96
155088 96
155300 96
155512 96
155724 96
155944 96
156156 96
156368 96
156580 96
156792 96
157012 96
157224 96
157436 96
157648 96
157860 96
158080 96
158292 96
158504 96
158716 96
158928 96
159148 96
159360 96
159572 96
159784 96
160004 96
160216 96
160428 96
160640 96
160852 96
161072 96
161284 96
161496 96
161708 96
161920 96
162140 96
162352 96
162564 96
162776 96
162988 96
163204 96
163420 96
163632 96
163844 96
164056 96
164268 96
164484 96
164696 96
164912 96
165124 96
165336 96
165552 96
165764 96
165976 96
166192 96
166404 96
166620 96
166832 96
167044 96
167256 96
167472 96
167688 96
167900 96
168112 96
168324 96
168536 96
168756 96
168968 96
169180 96
169392 96
169612 96
169824 96
170036 96
170248 96
170460 96
170680 96
170892 96
171104 96
171316 96
171528 96
171748 96
171960 96
172172 96
172384 96
172596 96
172816 96
173028 96
173240 96
173452 96
173664 96
173884 96
174096 96
174308 96
174520 96
174740 96
174952 96
175164 96
175376 96
175588 96
175808 96
176020 96
176232 96
176444 96
176656 96
176872 96
177088 96
177300 96
177512 96
177724 96
177940 96
178152 96
178368 96
178580 96
178792 96
179008 96
179220 96
179432 96
179648 96
179864 96
180076 96
180288 96
180500 96
180712 96
180932 96
181144 96
181356 96
181568 96
181780 96
182000 96
182212 96
182424 96
182636 96
182848 96
183068 96
183280 96
183492 96
183704 96
183916 96
184136 96
184348 96
184560 96
184772 96
184992 96
185204 96
185416 96
185628 96
185840 96
186060 96
186272 96
186484 96
186696 96
186908 96
187128 96
187340 96
187552 96
187764 96
187976 96
188196 96
188408 96
188620 92
188832 96
189048 96
189264 96
189476 96
189688 96
189900 96
190116 96
190332 96
190544 96
190756 96
190968 96
191184 96
191396 96
191612 96
191824 96
192036 96
192252 96
192464 96
192676 96
192892 96
193104 96
193320 96
193532 96
193744 96
193956 96
194176 96
194388 96
194600 96
194812 96
195024 96
195244 96
195456 96
195668 96
195880 96
196092 96
196312 96
196524 96
196736 96
196948 96
197160 96
197380 96
197592 96
197804 96
198016 96
198228 96
198448 96
198660 96
198872 96
199084 96
199304 96
199516 96
199728 96
199940 96
200152 96
200372 96
200584 96
200796 96
201008 96
201220 96
201440 96
201652 96
201864 96
202076 96
202288 96
202508 96
202720 96
202932 96
203144 96
203356 96
203572 96
203788 96
204000 96
204212 96
204428 96
204640 96
204856 96
205068 96
205280 96
205496 96
205708 96
205920 96
206136 96
206348 96
206564 96
206776 96
206988 96
207200 96
207416 96
207632 96
207844 96
208056 96
208268 96
208480 96
208700 96
208912 96
209124 96
209336 96
209556 96
209768 96
209980 96
210192 96
210404 96
210624 96
210836 96
211048 96
211260 96
211472 96
211692 96
211904 96
212116 96
212328 96
212540 96
212760 96
212972 96
213184 96
213396 96
213608 96
213828 96
214040 96
214252 96
214464 96
214684 96
214896 96
215108 96
215320 96
215532 96
215752 96
215964 96
216176 96
216388 96
216600 96
216816 96
217032 96
217244 96
217456 96
217668 96
217884 96
218100 96
218312 96
218524 96
218736 96
218956 96
219168 96
219380 96
219592 96
219808 96
220020 96
220236 96
220448 96
220660 96
220876 96
221088 96
221300 96
221512 96
221728 96
221944 96
222156 96
222368 96
222580 96
222792 96
223012 96
223224 96
223436 96
223648 96
223868 96
224080 96
224292 96
224504 96
224716 96
224936 96
225148 96
225360 96
225572 96
225784 96
226004 96
226216 96
226428 96
226640 96
226852 96
227072 96
227284 96
227496 96
227708 96
227920 96
228140 96
228352 96
228564 96
228776 96
228996 96
229208 96
229420 96
229632 96
229844 96
230064 96
230276 96
230488 96
230700 96
230912 96
231128 96
231344 96
231556 96
231768 96
231980 96
232196 96
232412 96
232624 96
232836 96
233048 96
233264 94
233476 96
233688 96
233900 96
234120 96
234332 96
234544 96
234756 96
234968 96
235188 96
235400 96
235612 96
235824 96
236036 96
236252 96
236468 96
236680 96
236892 96
237104 96
237320 96
237536 96
237748 96
237960 96
238172 96
238388 96
238600 96
238816 96
239028 96
239244 96
239456 96
239668 96
239880 96
240096 96
240312 96
240524 96
240736 96
240948 96
241160 96
241380 96
241592 96
241804 96
242016 96
242228 96
242448 96
242660 96
242872 96
243084 96
243304 96
243516 96
243728 96
243940 96
244152 96
244372 96
244584 96
244796 96
245008 96
245220 96
245440 96
245652 96
245864 96
246076 96
246288 96
246508 96
246720 96
246932 96
247144 96
247356 96
247576 96
247788 96
248000 96
248212 96
248432 96
248644 96
248856 96
249068 96
249280 96
249496 96
249712 96
249924 96
250136 96
250348 96
250564 96
250776 96
250992 96
251204 96
251416 96
251632 96
251844 96
252056 96
252272 96
252484 96
252700 96
252912 96
253124 96
253336 96
253556 96
253768 96
253980 96
254192 96
254404 96
254624 96
254836 96
255048 96
255260 96
255472 96
255692 96
255904 96
256116 96
256328 96
256540 96
256760 96
256972 96
257184 96
257396 96
257608 96
257828 96
258040 96
258252 96
258464 96
258684 96
258896 96
259108 96
259320 96
259532 96
259752 96
259964 96
260176 96
260388 96
260600 96
260820 96
261032 96
261244 96
261456 96
261668 96
261888 96
262100 96
262312 96
262524 96
262736 96
262952 96
263168 96
263380 96
263592 96
263808 96
264020 96
264236 96
264448 96
264660 96
264876 96
265088 96
265300 96
265516 96
265728 96
265944 96
266156 96
266368 96
266580 96
266796 96
267012 96
267224 96
267436 96
267648 96
267860 96
268080 96
268292 96
268504 96
268716 96
268936 96
269148 96
269360 96
269572 96
269784 96
270004 96
270216 96
270428 96
270640 96
270852 96
271072 96
271284 96
271496 96
271708 96
271920 96
272136 96
272352 96
272564 96
272776 96
272988 96
273204 96
273420 96
273640 96
273852 96
274064 96
274276 96
274488 96
274708 96
274920 96
275132 96
275344 96
275556 96
275776 96
275988 96
276200 96
276412 96
276624 96
276840 96
277056 96
277268 96
277480 96
277696 96
277908 96
278124 96
278336 96
278548 96
278764 96
278976 96
279188 96
279404 96
279616 96
279832 96
280044 96
280256 96
280468 96
280684 96
280900 96
281112 96
281324 96
281536 96
281748 96
281968 96
282180 96
282392 96
282604 96
282824 96
283036 96
283248 96
283460 96
283672 96
283892 96
284104 96
284316 96
284528 96
284740 96
284960 96
285172 96
285384 96
285596 96
285808 96
286028 96
286240 96
286452 96
286664 96
286876 96
287096 96
287308 96
287520 96
287732 96
287952 96
288164 96
288376 96
288588 96
288800 96
289020 96
289232 96
289444 96
289656 96
289868 96
290084 96
290300 96
290512 96
290724 96
290936 96
291152 96
291368 96
291580 96
291792 96
292004 96
292220 96
292432 96
292648 96
292860 96
293076 96
293288 96
293500 96
293712 96
293928 96
294144 96
294356 96
294568 96
294780 96
294992 96
295212 96
295424 96
295636 96
295848 96
296060 96
296280 96
296492 96
296704 96
296916 96
297136 96
297348 96
297560 96
297772 96
297984 96
298204 96
298416 96
298628 96
298840 96
299052 96
299272 96
299484 96
299696 96
299908 96
300120 96
300340 96
300552 96
300764 96
300976 96
301188 96
301408 96
301620 96
301832 96
302044 96
302264 96
302476 96
302688 96
302900 96
303112 96
303328 96
303544 96
303756 96
303968 96
304180 96
304396 96
304612 96
304824 96
305036 96
305248 96
305464 96
305676 96
305892 96
306104 96
306316 96
306532 96
306744 96
306956 96
307172 96
307388 96
307600 96
307812 96
308024 96
308236 96
308456 96
308668 96
308880 96
309092 96
309304 96
309524 96
309736 96
309948 96
310160 96
310372 96
310592 96
310804 96
311016 96
311228 96
311440 96
311660 96
311872 96
312084 96
312296 96
312516 96
312728 96
312940 96
313152 96
313364 96
313584 96
313796 96
314008 96
314220 96
314432 96
314652 96
314864 96
315076 96
315288 96
315500 96
315720 96
315932 96
316144 96
316356 96
316568 96
316784 96
317000 96
317212 96
317424 96
317640 96
317852 96
318068 96
318280 96
318492 96
318708 96
318920 96
319132 96
319348 96
319560 96
319776 96
319988 96
320200 96
320412 96
320628 96
320844 96
321056 96
321268 96
321480 96
321692 96
321912 96
322124 96
322336 96
322548 96
322768 96
322980 96
323192 96
323404 96
323616 96
323836 96
324048 96
324260 96
324472 96
324684 96
324904 96
325116 96
325328 96
325540 96
325752 96
325968 96
326184 96
326396 96
326608 94
326820 96
327036 96
327252 96
327464 96
327676 96
327892 96
328104 96
328316 96
328528 96
328740 96
328952 96
329172 96
329384 96
329596 96
329808 96
330020 96
330240 96
330452 96
330664 96
330876 96
331092 96
331308 96
331520 96
331732 96
331944 96
332160 96
332372 96
332588 96
332800 96
333012 96
333228 96
333440 96
333652 96
333868 96
334080 96
334296 96
334508 96
334720 96
334932 96
335148 96
335364 96
335576 96
335788 96
336000 96
336220 96
336432 96
336644 96
336856 96
337068 96
337288 96
337500 96
337712 96
337924 96
338136 96
338356 96
338568 96
338780 96
338992 96
339204 96
339424 96
339636 96
339848 96
340060 96
340272 96
340492 96
340704 96
340916 96
341128 96
341348 96
341560 96
341772 96
341984 96
342196 96
342416 96
342628 96
342840 96
343052 96
343264 96
343484 96
343696 96
343908 96
344120 96
344332 96
344548 96
344764 96
344976 96
345188 96
345400 96
345616 96
345832 96
346044 96
346256 96
346472 96
346684 96
346896 96
347112 96
347324 96
347540 96
347752 96
347964 96
348176 96
348392 96
348608 96
348820 96
349032 96
349244 96
349456 96
349676 96
349888 96
350100 96
350312 96
350524 96
350744 96
350956 96
351168 96
351380 96
351600 96
351812 96
352024 96
352236 96
352448 96
352668 96
352880 96
353092 96
353304 96
353516 96
353736 96
353948 96
354160 96
354372 96
354584 96
354804 96
355016 96
355228 96
355440 96
355652 96
355868 96
356080 96
356292 96
356504 96
356724 96
356936 96
357148 96
357360 96
357572 96
357792 96
358004 96
358216 96
358428 96
358640 96
358856 96
359072 96
359284 96
359496 96
359708 96
359924 96
360136 96
360352 96
360564 96
360776 96
360992 96
361204 96
361416 96
361632 96
361848 96
362060 96
362272 96
362484 96
362696 96
362916 96
363128 96
363340 96
363552 96
363764 96
363984 96
364196 96
364408 96
364620 96
364832 96
365052 96
365264 96
365476 96
365688 96
365908 96
366120 96
366332 96
366544 96
366756 96
366976 96
367188 96
367400 96
367612 96
367824 96
368044 96
368256 96
368468 96
368680 96
368892 96
369112 96
369324 96
369536 96
369748 96
369960 96
370180 96
370392 96
370604 96
370816 96
371032 96
371248 96
371460 96
371672 96
371884 96
372100 96
372316 96
372528 96
372740 96
372952 96
373168 96
373380 96
373596 96
373808 96
374020 96
374236 96
374448 96
374660 96
374876 96
375088 96
375304 96
375516 96
375728 96
375940 96
376160 96
376372 96
376584 96
376796 96
377008 96
377228 96
377440 96
377652 96
377864 96
378076 96
378296 96
378508 96
378720 96
378932 96
379144 96
379364 96
379576 96
379788 96
380000 96
380212 96
380432 96
380644 96
380856 96
381068 96
381288 96
381500 96
381712 96
381924 96
382136 96
382356 96
382568 96
382780 96
383000 96
383216 96
383428 96
383640 96
383852 96
384064 96
384284 96
384496 96
384708 96
384920 96
385140 96
385352 96
385564 96
385776 96
385988 96
386208 96
386420 96
386632 96
386844 96
387056 96
387276 96
387488 96
387700 96
387912 96
388124 96
388344 96
388556 96
388768 96
388980 96
389192 96
389412 96
389624 96
389836 96
390048 96
390264 96
390480 96
390692 96
390904 96
391116 96
391332 96
391544 96
391760 96
391972 96
392184 96
392400 96
392612 96
392824 96
393036 96
393252 96
393468 96
393680 96
393892 96
394104 96
394316 96
394536 96
394748 96
394960 96
395172 96
395392 96
395604 96
395816 96
396028 96
396240 96
396460 96
396672 96
396884 96
397096 96
397308 96
397528 96
397740 96
397952 96
398164 96
398376 96
398592 96
398808 96
399020 96
399232 96
399444 96
399660 96
399876 96
400088 96
400300 96
400516 96
400728 96
400940 96
401156 96
401368 96
401584 96
401796 96
402008 96
402220 96
402436 96
402652 96
402864 96
403076 96
403288 96
403500 96
403720 96
403932 96
404144 96
404356 96
404576 96
404788 96
405000 96
405212 96
405424 96
405644 96
405856 96
406068 96
406280 96
406492 96
406712 96
406924 96
407136 96
407348 96
407560 96
407780 96
407992 96
408204 96
408416 96
408628 96
408848 96
409060 96
409272 96
409484 96
409704 96
409916 96
410128 96
410340 96
410552 96
410772 96
410984 96
411196 96
411408 96
411620 96
411836 96
412052 96
412264 96
412476 96
412688 96
412904 96
413120 96
413332 96
413544 96
413756 96
413972 96
414184 96
414400 96
414612 96
414828 96
415040 96
415252 96
415464 96
415680 96
415896 96
416108 96
416320 96
416532 96
416744 96
416964 96
417176 96
417388 96
417600 96
417812 96
418032 96
418244 96
418456 96
418668 96
418880 96
419100 96
419312 96
419524 96
419736 96
419956 96
420168 96
420380 96
420592 96
420804 96
421024 96
421236 96
421448 96
421660 96
421872 96
422092 96
422304 96
422516 96
422728 96
422940 96
423160 96
423372 96
423584 96
423796 96
424008 96
424228 96
424440 96
424652 96
424864 96
425080 96
425296 96
425508 96
425720 96
425932 96
426148 96
426364 96
426576 96
426788 96
427000 96
427216 96
427428 96
427644 96
427856 96
428068 96
428284 96
428496 96
428708 96
428924 96
429136 96
429352 96
429564 96
429776 96
429988 96
430208 96
430420 96
430632 96
430844 96
431056 96
431276 96
431488 96
431700 96
431912 96
432124 96
432344 96
432556 96
432768 96
432980 96
433192 96
433412 96
433624 96
433836 96
434048 96
434260 96
434480 96
434692 96
434904 96
435116 96
435332 96
435544 96
435760 96
435972 96
436184 96
436400 96
436612 96
436824 96
437040 96
437252 96
437468 96
