212 224
428 224
640 224
852 216
1064 199
1276 184
1496 159
1708 127
1920 103
2132 79
2344 51
2564 29
2776 7
2988 7
3200 15
3420 28
3632 39
3844 60
4056 79
4268 103
4488 127
4700 152
4912 172
5124 192
5336 206
5556 216
5768 224
5980 224
6192 220
6404 207
6624 193
6836 176
7048 152
7260 126
7472 97
7692 71
7904 39
8116 19
8328 7
8544 14
8760 19
8972 31
9184 48
9396 63
9612 88
9828 112
10040 135
10252 159
10464 177
10680 195
10892 211
11108 224
11320 225
11532 224
11748 220
11960 207
12172 192
12388 167
12600 147
12816 120
13028 96
13240 63
13452 39
13672 15
13884 7
14096 14
14308 24
14520 31
14740 49
14952 71
15164 96
15376 120
15588 143
15808 163
16020 184
16232 199
16444 216
16656 224
16876 227
17088 224
17300 216
17512 206
17724 192
17944 163
18156 135
18368 112
18580 88
18796 56
19012 30
19224 12
19436 7
19648 15
19864 24
20076 35
20292 56
20504 78
20716 99
20932 124
21144 145
21356 167
21572 192
21784 199
22000 216
22212 224
22424 224
22636 224
22856 211
23068 195
23280 177
23492 156
23704 127
23924 99
24136 71
24348 48
24560 24
24772 7
24992 12
25204 17
25416 30
25628 44
25840 63
26060 88
26272 112
26484 127
26696 158
26908 177
27128 193
27340 207
27552 220
27764 224
27984 224
28196 220
28408 207
28620 192
28832 167
29052 145
29264 120
29476 94
29688 63
29900 39
30120 15
30332 7
30544 12
30756 24
30968 31
31188 48
31400 71
31612 92
31824 115
32036 135
32252 159
32468 184
32680 199
32892 216
33108 224
33320 225
33532 225
33748 220
33960 207
34176 192
34388 167
34600 143
34812 115
35028 88
35244 60
35456 31
35668 15
35880 7
36092 15
36312 24
36524 35
36736 56
36948 71
37160 97
37380 120
37592 143
37804 167
38016 192
38236 199
38448 216
38660 224
38872 225
39084 224
39304 216
39516 199
39728 184
39940 159
40152 127
40372 103
40584 76
40796 48
41008 24
41220 7
41440 12
41652 15
41864 28
42076 39
42288 62
42508 83
42720 103
42932 127
43144 152
43364 176
43576 192
43788 207
44000 216
44212 224
44428 224
44644 220
44856 207
45068 192
45280 174
45496 147
45712 124
45924 96
46136 63
46348 39
46564 15
46776 7
46992 14
47204 19
47416 31
47632 48
47844 63
48056 92
48268 113
48488 135
48700 159
48912 184
49124 199
49336 211
49556 224
49768 224
49980 224
50192 220
50404 207
50620 192
50836 167
51048 143
51260 115
51472 88
51688 62
51900 35
52116 15
52328 7
52540 15
52756 24
52968 35
53180 56
53396 71
53612 96
53824 120
54036 143
54248 167
54460 188
54680 199
54896 216
55108 199
55320 184
55532 159
55752 135
55964 103
56176 79
56388 51
56608 28
56820 7
57032 7
57244 15
57456 28
57676 39
57888 60
58100 79
58312 103
58524 127
58744 152
58956 174
59168 192
59380 207
59592 224
59812 225
60024 225
60236 224
60448 211
60660 195
60876 176
61092 152
61304 127
61516 97
61732 63
61944 39
62156 17
62372 7
62584 14
62800 19
63012 31
63224 48
63436 63
63652 88
63868 113
64080 135
64292 159
64504 179
64716 195
64936 207
65148 220
65360 224
65572 224
65784 216
66004 206
66216 192
66428 163
66640 142
66860 112
67072 88
67284 56
67496 31
67708 14
67928 7
68140 15
68352 24
68564 35
68776 56
68992 76
69208 97
69420 124
69632 143
69844 167
70060 192
70276 199
70488 216
70700 224
70912 224
71128 224
71340 216
71556 199
71768 184
71984 159
72196 127
72408 103
72620 79
72836 49
73052 28
73264 7
73476 12
73688 15
73900 28
74120 39
74332 60
74544 79
74756 103
74968 127
75188 156
75400 176
75612 192
75824 207
76044 224
76256 225
76468 227
76680 224
76892 216
77112 195
77324 176
77536 156
77748 127
77960 99
78180 71
78392 39
78604 19
78816 7
79028 14
79248 19
79460 31
79672 48
79884 63
80096 88
80316 113
80528 135
80740 159
80952 179
81172 195
81384 211
81596 224
81808 224
82020 224
82236 216
82452 206
82664 192
82876 167
83088 143
83304 113
83520 88
83732 60
83944 31
84156 14
84372 7
84584 15
84800 24
85012 35
85224 56
85440 71
85652 97
85864 124
86080 143
86296 167
86508 192
86720 199
86932 216
87144 224
87364 224
87576 224
87788 211
88000 199
88212 179
88432 158
88644 127
88856 103
89068 71
89280 48
89500 24
89712 7
89924 12
90136 15
90348 28
90568 39
90780 62
90992 81
91204 103
91424 127
91636 156
91848 176
92060 192
92272 207
92492 220
92704 224
92916 225
93128 224
93340 211
93560 195
93772 176
93984 152
94196 127
94408 97
94628 71
94840 39
95052 24
95264 7
95476 14
95696 19
95908 31
96120 48
96332 63
96548 92
96764 112
96976 135
97188 159
97400 184
97616 199
97828 216
98044 224
98256 225
98468 225
98684 220
98896 207
99108 192
99324 167
99536 143
99752 120
99964 88
100176 62
100388 31
100604 14
100820 7
101032 15
101244 24
101456 33
101676 56
101888 71
102100 96
102312 120
102524 143
102744 167
102956 184
103168 199
103380 216
103592 224
103812 224
104024 224
104236 216
104448 199
104660 184
104876 159
105092 127
105304 103
105516 78
105728 48
105944 24
106160 7
106372 7
106584 15
106800 28
107012 39
107224 62
107440 79
107652 103
107868 127
108080 152
108292 176
108504 192
108720 207
108936 220
109148 224
109360 224
109576 220
109792 207
110008 192
110220 167
110432 143
110644 120
110864 88
111076 62
111288 31
111500 15
111712 7
111932 15
112144 24
112356 33
112568 51
112780 71
113000 96
113212 120
113424 143
113636 163
113848 184
114068 199
114280 216
114492 224
114704 224
114916 224
115136 216
115348 199
115560 184
115772 159
115992 127
116204 103
116416 78
116628 49
116840 28
117060 7
117272 12
117484 15
117696 28
117908 39
118128 60
118340 79
118552 103
118764 127
118976 152
119192 176
119408 192
119620 207
119832 220
120044 224
120260 225
120476 224
120688 211
120900 195
121116 176
121328 156
121540 127
121756 99
121968 71
122184 46
122396 24
122608 7
122820 12
123036 17
123252 31
123464 48
123676 63
123888 88
124100 112
124320 135
124532 159
124744 184
124956 195
125176 216
125388 224
125600 225
125812 225
126024 224
126244 207
126456 192
126668 167
126880 143
127092 120
127312 92
127524 63
127736 35
127948 15
128160 7
128380 15
128592 24
128804 35
129016 49
129228 71
129448 96
129660 120
129872 143
130084 167
130304 184
130516 199
130728 216
130940 224
131152 224
131372 224
131584 216
131796 199
132008 184
132220 159
132436 127
132652 103
132864 79
133076 49
133288 25
133504 7
133720 7
133932 15
134144 28
134356 39
134572 60
134784 79
135000 103
135212 127
135428 152
135640 174
135852 192
136064 207
136280 216
136496 224
136708 224
136920 220
137132 207
137344 193
137564 176
137776 152
137988 126
138200 96
138412 67
138632 39
138844 19
139056 7
139268 12
139480 17
139700 31
139912 48
140124 63
140336 92
140556 113
140768 135
140980 159
141192 179
141404 199
141624 211
141836 224
142048 225
142260 225
142472 224
142692 207
142904 192
143116 167
143328 143
143540 120
143760 92
143972 63
144184 35
144396 15
144608 7
144828 15
145040 24
145252 31
145464 51
145680 71
145896 96
146108 120
146320 143
146532 163
146748 185
146964 199
147176 216
147388 224
147600 225
147816 224
148028 216
148240 199
148456 184
148668 159
148884 135
149096 108
149308 79
149520 56
149736 28
149952 7
150164 7
150376 15
150588 24
150808 39
151020 60
151232 79
151444 103
151656 127
151876 152
152088 174
152300 192
152512 207
152724 216
152944 224
153156 224
153368 220
153580 207
153792 193
154012 176
154224 152
154436 126
154648 96
154860 63
155080 39
155292 17
155504 7
155716 14
155932 19
156144 31
156360 48
156572 63
156784 92
157000 113
157212 135
157424 159
157640 184
157852 195
158068 209
158280 224
158492 224
158704 224
158920 220
159136 206
159348 192
159560 167
159772 143
159992 115
160204 88
160416 60
160628 35
160840 15
161060 7
161272 15
161484 24
161696 35
161908 51
162128 71
162340 96
162552 121
162764 143
162976 167
163196 192
163408 199
163620 216
163832 224
164044 227
164252 224
164472 216
164684 199
164896 184
165108 159
165320 127
165540 103
165752 78
165964 48
166176 24
166396 7
166608 7
166820 15
167032 28
167244 39
167464 62
167676 81
167888 103
168100 127
168312 152
168532 176
168744 192
168956 207
169168 216
169380 224
169600 224
169812 220
170024 207
170236 192
170448 172
170668 147
170880 124
171092 96
171304 63
171524 39
171736 15
171948 7
172160 14
172372 24
172588 31
172804 48
173016 67
173228 92
173440 115
173656 135
173872 159
174084 184
174296 199
174508 216
174724 224
174936 225
175148 225
175364 220
175576 207
175792 192
176004 167
176216 143
176428 115
176648 88
176860 60
177072 31
177284 15
177496 7
177716 15
177928 24
178140 35
178352 56
178564 71
178784 97
178996 124
179208 143
179420 167
179632 192
179852 204
180064 216
180276 224
180488 227
180700 224
180920 216
181132 199
181344 184
181556 159
181776 135
181988 103
182200 79
182412 51
182624 28
182844 7
183056 7
183268 15
183480 28
183692 39
183912 60
184124 81
184336 103
184548 127
184760 152
184980 176
185192 192
185404 207
185616 220
185828 224
186048 224
186260 220
186472 207
186684 193
186900 176
187112 152
187328 124
187540 96
187752 63
187968 39
188180 15
188392 7
188608 14
188820 19
189036 31
189248 48
189460 67
189672 92
189888 115
190104 135
190316 159
190528 184
190740 199
190960 211
191172 224
191384 224
191596 224
191808 216
192028 199
192240 192
192452 163
192664 142
192876 112
193096 88
193308 57
193520 31
193732 14
193944 7
194164 15
194376 24
194588 35
194800 56
195012 78
195232 99
195444 126
195656 145
195868 167
196088 192
196300 206
196512 216
196724 224
196936 227
197156 224
197368 216
197580 199
197792 184
198004 159
198224 127
198436 103
198648 79
198860 51
199072 28
199288 7
199504 12
199716 15
199928 28
200140 39
200356 60
200572 79
200784 103
200996 127
201212 156
201424 176
201636 192
201852 207
202064 220
202280 225
202492 225
202704 224
202916 216
203132 195
203348 176
203560 152
203772 127
203984 96
204196 67
204416 39
204628 15
204840 7
205052 14
205264 19
205484 31
205696 48
205908 63
206120 92
206340 113
206552 135
206764 159
206976 184
207188 199
207408 211
207620 224
207832 224
208044 224
208256 216
208476 199
208688 188
208900 163
209112 135
209324 112
209544 83
209756 56
209968 31
210180 12
210392 7
210612 15
210824 24
211036 39
211248 56
211468 78
211680 99
211892 126
212104 147
212316 167
212532 192
212748 206
212960 216
213172 224
213384 224
213600 224
213816 216
214028 199
214240 184
214452 159
214668 127
214880 103
215096 71
215308 48
215520 24
215736 7
215948 12
216160 15
216372 28
216592 39
216804 62
217016 88
217228 103
217440 127
217660 156
217872 176
218084 193
218296 207
218508 224
218724 225
218940 227
219152 224
219364 207
219584 192
219796 172
220008 147
220220 120
220432 92
220652 63
220864 35
221076 15
221288 7
221500 14
221720 24
221932 31
222144 51
222356 71
222576 96
222788 120
223000 143
223212 163
223424 184
223644 199
223856 216
224068 224
224280 224
224492 224
224712 216
224924 199
225136 184
225348 159
225560 127
225780 103
225992 79
226204 49
226416 25
226632 7
226848 7
227060 15
227272 28
227484 39
227700 62
227916 79
228128 103
228340 127
228552 152
228768 176
228980 192
229196 207
229408 216
229620 224
229836 224
230048 220
230260 207
230476 193
230688 176
230904 152
231116 124
231328 96
231540 63
231760 39
231972 17
232184 7
232396 14
232608 19
232828 31
233040 48
233252 63
233464 92
233676 113
233896 135
234108 159
234320 184
234532 199
234744 216
234964 224
235176 225
235388 225
235600 220
235812 207
236032 192
236244 167
236456 143
236668 120
236888 92
237100 62
237312 35
237524 15
237736 7
237956 15
238168 24
238380 31
238592 51
238804 71
239024 96
239236 120
239448 143
239660 167
239872 188
240088 199
240304 216
240516 224
240728 225
240940 224
241156 216
241372 199
241584 188
241796 159
242012 135
242224 108
242436 79
242652 51
242864 28
243080 7
243292 7
243504 15
243716 28
243932 39
244148 60
244360 79
244572 103
244784 127
244996 152
245216 176
245428 192
245640 207
245852 216
246064 224
246284 224
246496 220
246708 207
246920 193
247140 176
247352 152
247564 124
247776 96
247988 63
248208 39
248420 15
248632 7
248844 14
249056 19
249276 31
249488 48
249700 67
249912 92
250124 115
250344 135
250556 159
250768 184
250980 199
251192 211
251412 224
251624 224
251836 224
252048 216
252268 199
252480 192
252692 163
252904 142
253116 113
253332 88
253548 60
253760 31
253972 14
254184 7
254400 15
254616 24
254828 35
255040 56
255252 71
255468 97
255680 124
255896 145
256108 167
256320 192
256536 206
256748 220
256960 224
257176 227
257392 225
257604 216
257816 199
258028 184
258240 159
258460 135
258672 103
258884 79
259096 51
259308 28
259528 7
259740 7
259952 15
260164 28
260376 39
260596 60
260808 79
261020 103
261232 127
261452 156
261664 176
261876 192
262088 207
262300 220
262520 224
262732 224
262944 224
263156 209
263368 195
263588 176
263800 152
264012 124
264224 96
264436 63
264656 39
264868 15
265080 7
265292 14
265504 19
265724 31
265936 48
266148 67
266360 92
266576 115
266792 135
267004 159
267216 184
267428 199
267644 211
267860 224
268072 224
268284 224
268496 216
268712 199
268924 184
269140 159
269352 135
269564 112
269780 79
269992 56
270204 30
270420 14
270632 7
270848 15
271060 24
271272 39
271484 56
271704 79
271916 99
272128 126
272340 152
272552 167
272772 192
272984 207
273196 216
273408 224
273616 224
273828 216
274040 199
274260 184
274472 159
274684 127
274896 103
275108 79
275328 49
275540 28
275752 7
275964 7
276176 15
276396 28
276608 39
276820 60
277032 79
277244 103
277464 127
277676 152
277888 174
278100 192
278320 207
278532 220
278744 224
278956 224
279168 224
279384 211
279600 195
279812 176
280024 156
280236 127
280452 97
280668 71
280880 44
281092 24
281304 7
281520 12
281732 17
281948 31
282160 46
282372 63
282588 88
282800 112
283012 135
283228 159
283444 184
283656 199
283868 216
284080 224
284292 227
284512 225
284724 224
284936 207
285148 192
285360 174
285580 147
285792 120
286004 94
286216 63
286428 35
286648 15
286860 7
287072 14
287284 24
287504 31
287716 51
287928 71
288140 96
288352 120
288572 143
288784 163
288996 184
289208 199
289420 216
289640 224
289852 224
290064 224
290276 216
290488 199
290708 184
290920 159
291132 127
291344 103
291556 79
291776 49
291988 28
292200 7
292412 7
292628 15
292844 28
293056 39
293268 62
293480 79
293696 103
293912 127
294124 152
294336 174
294548 192
294764 207
294976 216
295192 224
295404 224
295616 220
295832 207
296044 193
296256 174
296472 152
296684 124
296900 96
297112 63
297324 39
297536 17
297756 7
297968 15
298180 19
298392 31
298604 48
298824 67
299036 92
299248 113
299460 135
299672 159
299892 184
300104 199
300316 216
300528 224
300740 225
300960 225
301172 220
301384 207
301596 192
301808 167
302028 143
302240 120
302452 89
302664 62
302884 31
303096 15
303308 7
303520 15
303732 24
303952 35
304164 56
304376 71
304588 96
304800 120
305020 143
305232 167
305444 192
305656 206
305868 216
306088 224
306300 227
306512 224
306724 216
306936 199
307152 184
307368 159
307580 135
307792 108
308008 79
308220 49
308436 28
308648 7
308860 7
309076 15
309288 28
309500 39
309716 60
309928 79
310144 103
310356 127
310568 152
310780 176
310996 192
311212 207
311424 216
311636 224
311848 224
312060 220
312280 207
312492 192
312704 176
312916 152
313136 124
313348 96
313560 63
313772 39
313984 15
314204 7
314416 14
314628 24
314840 31
315052 48
315272 67
315484 92
315696 115
315908 135
316120 159
316336 184
316552 199
316764 211
316976 224
317188 224
317404 224
317620 216
317832 199
318044 188
318260 163
318472 135
318684 112
318900 88
319112 56
319328 31
319540 14
319752 7
319964 15
320176 24
320396 35
320608 56
320820 71
321032 99
321244 124
321464 147
321676 167
321888 192
322100 206
322320 216
322532 224
322744 227
322956 224
323168 216
323388 199
323600 184
323812 159
324024 127
324236 103
324456 78
324668 49
324880 28
325092 7
325304 7
325524 15
325736 28
325948 39
326160 62
326372 79
326592 103
326804 127
327016 153
327228 176
327448 192
327660 207
327872 220
328084 224
328292 224
328504 220
328724 207
328936 192
329148 167
329360 147
329580 120
329792 96
330004 63
330216 39
330428 17
330648 7
330860 15
331072 24
331284 31
331496 48
331716 67
331928 92
332140 115
332352 142
332564 159
332784 184
332996 199
333208 216
333420 224
333640 227
333852 225
334064 220
334276 207
334488 192
334708 167
334920 143
335132 115
335344 88
335556 60
335772 31
335988 15
336200 7
336412 15
336624 24
336840 35
337056 56
337268 71
337480 97
337692 124
337908 143
338120 167
338336 192
338548 199
338764 216
338976 224
339188 225
339400 224
339616 216
339832 199
340044 184
340256 159
340468 127
340680 103
340900 71
341112 48
341324 24
341536 7
341748 12
341968 15
342180 28
342392 39
342604 63
342816 83
343036 108
343248 127
343460 156
343672 176
343892 192
344104 207
344316 220
344528 224
344740 224
344960 220
345172 207
345384 192
345596 167
345808 143
346028 120
346240 92
346452 63
346664 35
346876 15
347096 7
347308 15
347520 24
347732 31
347944 49
348164 71
348376 96
348588 120
348800 143
349016 159
349232 184
349444 199
349656 216
349868 224
350084 224
350300 224
350512 216
350724 199
350936 188
351152 159
351364 135
351580 112
351792 83
352004 56
352220 31
352432 14
352644 7
352860 15
353072 24
353288 39
353500 56
353712 79
353924 99
354144 126
354356 152
354568 167
354780 192
354992 207
355212 220
355424 225
355636 227
355848 224
356060 216
356280 199
356492 184
356704 159
356916 127
357128 103
357348 71
357560 48
357772 24
357984 7
358196 7
358416 15
358628 28
358840 39
359052 63
359272 88
359484 110
359696 127
359908 156
360120 176
360340 195
360552 207
360764 220
360976 224
361188 224
361408 220
361620 207
361832 192
362044 167
362256 145
362472 120
362688 92
362900 63
363112 35
363328 15
363540 7
363756 15
363968 24
364180 31
364396 51
364608 71
364820 96
365036 120
365248 143
365464 163
365676 184
365888 199
366100 216
366316 224
366532 224
366744 224
366956 216
367168 199
367380 184
367600 159
367812 127
368024 103
368236 79
368456 49
368668 28
368880 12
369092 7
369304 15
369524 28
369736 39
369948 60
370160 79
370372 103
370592 127
370804 152
371016 176
371228 192
371440 207
371660 220
371872 225
372084 225
372296 224
372508 216
372728 195
372940 177
373152 156
373364 127
373584 99
373796 71
374008 48
374220 24
374432 7
374652 12
374864 17
375076 30
375288 46
375500 63
375716 88
375932 112
376144 135
376356 159
376568 177
376784 195
377000 211
377212 224
377424 225
377636 225
377852 224
378064 207
378280 192
378492 174
378708 147
378920 120
379132 92
379344 63
379560 35
379776 15
379988 7
380200 14
380412 24
380624 35
380844 51
381056 71
381268 96
381480 120
381692 143
381912 163
382124 184
382336 199
382548 216
382760 224
382980 224
383192 211
383404 195
383620 177
383832 156
384044 127
384256 103
384476 71
384688 48
384900 24
385112 7
385324 12
385544 15
385756 30
385968 39
386180 63
386392 88
386612 112
386824 127
387036 158
387248 176
387460 195
387680 207
387892 224
388104 225
388316 227
388528 224
388744 209
388956 193
389168 176
389380 152
389600 124
389812 96
390024 63
390236 39
390448 17
390668 7
390880 14
391092 19
391304 31
391516 48
391736 67
391948 92
392160 115
392372 135
392584 159
392800 184
393016 199
393228 216
393440 224
393652 225
393868 224
394084 220
394296 206
394508 192
394724 167
394936 142
395148 112
395364 88
395576 56
395792 30
396004 12
396216 7
396428 15
396644 24
396860 39
397072 56
397284 78
397496 99
397708 126
397928 147
398140 167
398352 192
398564 199
398784 216
398996 224
399208 224
399420 224
399632 207
399852 195
400064 176
400276 156
400488 127
400700 99
400920 67
401132 39
401344 19
401556 7
401768 14
401988 19
402200 31
402412 48
402624 63
402836 88
403056 112
403268 135
403480 159
403692 177
403912 195
404124 207
404336 224
404548 224
404760 224
404980 220
405192 207
405404 192
405616 167
405828 143
406044 120
406260 92
406472 63
406684 35
406896 15
407112 7
407328 15
407540 24
407752 31
407964 49
408180 71
408392 96
408608 120
408820 143
409036 163
409248 188
409460 199
409672 216
409888 224
410104 227
410316 224
410528 220
410740 206
410952 192
411172 163
411384 135
411596 112
411808 81
412020 56
412240 30
412452 12
412664 7
412876 15
413088 24
413308 39
413520 56
413732 79
413944 103
414164 127
414376 152
414588 174
414800 192
415012 207
415232 220
415444 224
415656 224
415868 224
416080 211
416300 195
416512 176
416724 152
416936 127
417148 97
417368 67
417580 39
417792 17
418004 7
418216 14
418436 19
418648 31
418860 48
419072 63
419288 92
419504 112
419716 135
419928 159
420140 179
420356 195
420568 207
420784 220
420996 224
421208 224
421424 216
421636 204
421848 192
422064 167
422276 143
422492 113
422704 88
422916 60
423128 31
423344 15
423560 7
423772 15
423984 24
424196 35
424416 56
424628 71
424840 97
425052 124
425264 143
425484 167
425696 192
425908 206
426120 216
426332 224
426552 225
426764 224
426976 216
427188 199
427400 184
427620 159
427832 127
428044 103
428256 79
428468 51
428688 28
428900 7
429112 7
429324 15
429540 28
429752 39
429968 60
430180 79
430392 103
430608 127
430820 156
431032 176
431248 193
431460 207
431676 220
431888 225
432100 227
432312 224
432528 216
432744 195
432956 177
433168 152
433380 127
433600 97
433812 67
434024 39
434236 17
434448 7
434668 12
434880 19
435092 31
435304 48
435516 63
435736 92
435948 112
436160 135
436372 159
436584 179
436804 199
437016 211
437228 224
437440 224
