212 295
428 312
640 318
852 319
1064 319
1280 319
1496 316
1708 304
1920 287
2132 271
2344 248
2564 224
2776 195
2988 163
3200 127
3412 103
3632 71
3844 39
4056 15
4268 7
4488 12
4700 15
4912 30
5124 46
5336 63
5556 88
5768 110
5980 127
6192 159
6404 192
6620 211
6836 231
7048 255
7260 275
7472 287
7688 304
7900 316
8116 319
8328 319
8540 319
8756 312
8968 304
9180 287
9396 255
9612 248
9824 220
10036 192
10248 159
10460 127
10680 96
10892 63
11104 31
11316 7
11528 7
11748 14
11960 24
12172 31
12384 48
12596 63
12816 92
13028 113
13240 142
13452 163
13672 192
13884 216
14096 240
14308 255
14520 280
14740 287
14952 304
15164 312
15376 318
15588 319
15808 316
16020 312
16232 295
16444 284
16656 255
16876 240
17088 216
17300 192
17512 158
17724 126
17944 96
18156 63
18368 31
18580 7
18796 7
19012 14
19224 19
19436 31
19648 48
19864 63
20076 92
20292 113
20504 142
20716 167
20932 192
21144 220
21356 240
21572 255
21784 280
22000 295
22212 312
22424 319
22636 319
22852 319
23068 319
23280 318
23492 305
23704 287
23924 271
24136 252
24348 224
24560 195
24772 163
24992 127
25204 99
25416 63
25628 35
25840 14
26060 7
26272 14
26484 17
26696 31
26908 48
27128 63
27340 88
27552 112
27764 135
27976 159
28196 192
28408 216
28620 231
28832 255
29052 271
29264 287
29476 304
29688 312
29900 319
30120 319
30332 318
30544 312
30756 295
30968 284
31188 255
31400 240
31612 216
31824 188
32036 156
32252 124
32468 92
32680 60
32892 30
33104 7
33320 7
33536 15
33748 24
33960 31
34176 49
34388 71
34600 96
34816 120
35028 143
35244 167
35456 193
35668 220
35880 241
36096 255
36312 280
36524 295
36736 305
36948 316
37160 319
37380 319
37592 319
37804 312
38016 295
38228 284
38448 255
38660 240
38872 216
39084 192
39304 158
39516 127
39728 96
39940 63
40152 31
40372 7
40584 7
40796 14
41008 24
41220 31
41436 48
41652 63
41864 92
42076 115
42288 142
42504 167
42720 192
42932 216
43144 240
43356 255
43572 280
43784 295
44000 312
44212 319
44428 319
44640 319
44852 319
45064 316
45280 304
45496 287
45708 271
45920 248
46132 224
46344 192
46564 159
46776 127
46988 96
47200 63
47412 31
47632 7
47844 7
48056 14
48268 24
48488 31
48700 48
48912 63
49124 92
49336 113
49556 135
49768 163
49980 192
50192 216
50404 240
50624 255
50836 280
51048 287
51260 304
51472 312
51692 318
51904 319
52116 316
52328 312
52540 295
52760 280
52972 255
53184 238
53396 209
53616 184
53828 152
54040 120
54252 88
54464 56
54680 24
54900 60
55112 79
55328 103
55540 127
55756 158
55968 184
56184 207
56396 231
56608 255
56820 271
57036 287
57252 304
57464 316
57676 319
57888 319
58100 319
58320 319
58532 312
58744 295
58956 280
59168 255
59388 231
59600 199
59812 176
60024 143
60236 112
60456 78
60668 46
60880 15
61092 7
61312 12
61524 15
61736 28
61948 39
62160 60
62380 79
62592 103
62804 127
63016 156
63228 184
63448 207
63660 227
63872 252
64084 271
64296 287
64516 300
64728 312
64940 318
65152 319
65364 319
65584 312
65796 304
66008 287
66220 271
66436 248
66652 224
66864 193
67076 163
67288 127
67504 99
67720 67
67932 39
68144 12
68356 7
68572 12
68784 19
69000 31
69212 46
69424 63
69640 88
69852 112
70064 135
70280 159
70492 192
70708 216
70920 231
71132 255
71344 275
71564 287
71776 304
71988 316
72200 319
72412 319
72632 319
72844 316
73056 304
73268 287
73480 271
73700 248
73912 224
74124 195
74336 167
74548 135
74768 103
74980 71
75192 39
75404 15
75624 7
75836 7
76048 17
76260 30
76472 39
76692 62
76904 83
77116 103
77328 127
77540 159
77760 184
77972 209
78184 231
78396 255
78608 271
78828 287
79040 304
79252 316
79464 319
79676 319
79896 319
80108 318
80320 305
80532 287
80748 271
80964 252
81176 225
81388 199
81600 167
81816 135
82028 103
82244 71
82456 39
82668 14
82884 7
83096 12
83308 19
83524 30
83736 46
83952 63
84164 88
84376 112
84588 127
84804 159
85020 188
85232 209
85444 231
85656 255
85876 271
86088 287
86300 304
86512 312
86724 318
86944 319
87156 318
87368 312
87580 295
87792 284
88012 255
88224 241
88436 216
88648 192
88860 159
89080 127
89292 96
89504 63
89716 31
89928 7
90148 7
90360 15
90572 19
90784 31
91004 48
91216 63
91428 92
91640 113
91852 142
92072 167
92284 192
92496 220
92708 240
92920 255
93140 280
93352 295
93564 307
93776 318
93988 319
94204 319
94420 319
94632 316
94844 304
95056 287
95272 271
95488 248
95700 224
95912 193
96128 159
96340 127
96552 99
96764 67
96980 39
97196 14
97408 7
97620 12
97832 17
98044 31
98264 46
98476 63
98688 88
98900 112
99112 135
99332 159
99544 192
99756 216
99968 231
100180 255
100400 275
100612 287
100824 304
101036 316
101256 319
101468 319
101680 319
101892 316
102104 304
102324 287
102536 270
102748 248
102960 224
103172 192
103388 159
103604 127
103816 96
104028 63
104240 31
104456 7
104668 7
104884 14
105096 19
105308 31
105524 48
105736 63
105948 92
106164 113
106380 140
106592 167
106804 192
107016 216
107228 240
107448 255
107660 280
107872 287
108084 304
108296 312
108516 319
108728 319
108940 316
109152 312
109364 295
109584 280
109796 255
110012 231
110228 206
110440 176
110652 143
110864 113
111080 79
111292 49
111508 24
111720 7
111932 7
112148 15
112360 24
112572 39
112788 56
113004 78
113216 99
113428 127
113640 152
113852 176
114072 204
114284 225
114496 252
114708 270
114920 287
115140 304
115352 312
115564 319
115776 319
115988 319
116208 319
116420 312
116632 295
116844 280
117056 255
117276 231
117488 207
117700 176
117912 143
118132 112
118344 79
118556 48
118768 17
118980 7
119200 7
119412 15
119624 24
119836 39
120048 56
120268 79
120480 103
120692 127
120904 153
121116 177
121336 206
121548 227
121760 248
121972 255
122188 287
122404 295
122616 312
122828 316
123040 319
123256 318
123472 312
123684 304
123896 287
124108 271
124324 248
124536 224
124752 195
124964 167
125176 135
125392 103
125604 71
125816 39
126032 15
126244 7
126460 7
126672 17
126884 28
127096 39
127316 62
127528 81
127740 103
127952 127
128164 159
128384 188
128596 209
128808 231
129020 255
129232 273
129452 287
129664 304
129876 316
130088 319
130300 319
130520 319
130732 318
130944 312
131156 291
131368 275
131588 255
131800 227
132012 199
132224 174
132444 142
132656 110
132868 78
133080 48
133292 17
133512 7
133724 7
133936 15
134148 28
134360 39
134580 60
134792 79
135004 103
135216 127
135428 156
135648 184
135860 207
136072 231
136284 252
136496 271
136712 287
136928 304
137140 312
137352 319
137568 319
137780 319
137996 316
138208 307
138420 287
138636 271
138848 254
139060 227
139276 199
139488 167
139704 135
139916 103
140128 71
140340 39
140556 14
140772 7
140984 7
141196 17
141408 30
141620 39
141840 63
142052 83
142264 110
142476 127
142696 159
142908 184
143120 207
143332 231
143544 255
143764 271
143976 287
144188 304
144400 312
144612 318
144832 319
145044 318
145256 312
145468 302
145680 287
145900 255
146112 248
146324 220
146536 192
146748 159
146968 127
147180 97
147392 63
147604 35
147824 12
148036 7
148248 12
148460 19
148672 31
148892 48
149104 63
149316 88
149528 112
149740 135
149956 163
150172 192
150384 216
150596 240
150808 255
151024 280
151236 291
151452 305
151664 318
151876 319
152092 319
152304 319
152516 318
152732 305
152948 287
153160 271
153372 252
153584 227
153796 199
154016 167
154228 135
154440 103
154652 71
154864 39
155084 14
155296 7
155508 12
155720 17
155932 30
156152 39
156364 63
156576 83
156788 110
157008 127
157220 159
157432 188
157644 207
157856 231
158076 255
158288 271
158500 287
158712 304
158924 312
159144 319
159356 319
159568 319
159780 312
159992 304
160212 287
160424 255
160636 248
160848 224
161060 192
161280 159
161492 127
161704 96
161916 63
162132 31
162348 7
162560 7
162772 14
162984 24
163200 31
163416 48
163628 63
163840 92
164052 113
164268 152
164480 176
164692 199
164904 224
165124 248
165336 255
165548 287
165760 304
165972 312
166192 319
166404 319
166616 319
166828 319
167040 312
167260 295
167472 284
167684 255
167896 240
168108 211
168328 184
168540 152
168752 120
168964 88
169176 56
169396 24
169608 7
169820 7
170032 15
170252 24
170464 35
170676 56
170888 71
171100 97
171320 124
171532 152
171744 176
171956 199
172168 224
172388 248
172600 255
172812 284
173024 295
173236 312
173456 316
173668 319
173880 319
174092 316
174308 304
174524 287
174736 275
174948 255
175160 227
175376 199
175588 167
175804 142
176016 110
176228 71
176444 44
176656 15
176868 7
177084 7
177296 15
177512 28
177724 39
177936 60
178148 79
178364 103
178580 127
178792 158
179004 184
179216 207
179436 231
179648 254
179860 271
180072 287
180284 304
180504 312
180716 319
180928 319
181140 319
181352 316
181572 305
181784 291
181996 275
182208 255
182420 227
182640 199
182852 174
183064 143
183276 112
183488 79
183708 48
183920 19
184132 7
184344 7
184564 15
184776 28
184988 39
185200 60
185412 79
185632 103
185844 127
186056 156
186268 179
186480 206
186700 227
186912 252
187124 271
187336 287
187548 304
187764 312
187980 319
188192 319
188404 319
188616 319
188832 312
189048 295
189260 280
189472 255
189688 231
189900 199
190112 176
190328 143
190540 112
190756 76
190968 46
191180 15
191392 7
191608 7
191824 15
192036 30
192248 39
192460 60
192672 79
192892 103
193104 127
193316 158
193528 184
193740 207
193960 231
194172 252
194384 271
194596 287
194816 300
195028 312
195240 318
195452 319
195664 318
195884 312
196096 304
196308 287
196520 270
196732 248
196952 224
197164 192
197376 163
197588 127
197800 99
198020 67
198232 35
198444 14
198656 7
198868 14
199084 19
199296 30
199508 46
199720 63
199940 88
200152 112
200364 135
200576 159
200788 192
201008 211
201220 236
201432 255
201644 280
201856 287
202072 305
202288 316
202500 319
202712 319
202924 319
203140 316
203352 304
203568 287
203780 271
203992 252
204208 225
204420 199
204632 167
204848 135
205064 103
205276 71
205488 39
205700 15
205912 7
206132 7
206344 15
206556 28
206768 39
206980 60
207200 83
207412 103
207624 127
207836 159
208048 184
208268 207
208480 231
208692 255
208904 271
209124 287
209336 304
209548 312
209760 319
209972 319
210192 319
210404 316
210616 304
210828 287
211040 271
211260 252
211472 224
211684 195
211896 167
212108 127
212328 99
212540 63
212752 35
212964 7
213176 7
213396 12
213608 19
213820 31
214032 46
214248 63
214464 88
214676 112
214888 135
215100 159
215316 192
215532 216
215744 231
215956 255
216168 271
216384 287
216596 304
216812 312
217024 318
217236 319
217452 318
217664 312
217876 295
218092 286
218304 255
218520 243
218732 216
218948 188
219164 156
219376 124
219588 92
219804 56
220016 28
220228 7
220440 7
220656 15
220872 24
221084 35
221296 51
221508 71
221720 96
221940 120
222152 143
222364 167
222576 195
222796 224
223008 243
223220 255
223432 281
223644 295
223864 305
224076 316
224288 319
224500 319
224712 316
224928 307
225144 295
225356 280
225568 255
225780 236
225996 207
226212 184
226424 152
226636 120
226848 88
227064 56
227276 28
227492 7
227704 7
227920 15
228132 24
228344 35
228556 51
228772 71
228988 96
229200 120
229412 147
229624 176
229836 199
230056 224
230268 248
230480 255
230692 286
230904 295
231124 312
231336 319
231548 319
231760 319
231980 319
232192 316
232404 304
232616 287
232828 255
233048 241
233260 216
233472 188
233684 156
233896 124
234116 92
234328 60
234540 28
234752 7
234964 7
235184 15
235396 24
235608 33
235820 51
236032 71
236252 96
236464 120
236676 143
236888 167
237108 195
237320 224
237532 243
237744 255
237956 280
238172 295
238388 312
238600 316
238812 319
239024 319
239240 316
239456 307
239668 295
239880 280
240092 255
240308 231
240520 207
240736 176
240948 143
241160 113
241376 79
241588 48
241800 19
242016 7
242232 7
242444 15
242656 28
242868 39
243080 56
243300 79
243512 99
243724 127
243936 152
244148 177
244368 199
244580 225
244792 248
245004 255
245216 286
245436 302
245648 312
245860 318
246072 319
246284 319
246504 316
246716 305
246928 291
247140 280
247360 255
247572 231
247784 206
247996 176
248208 143
248428 112
248640 79
248852 49
249064 24
249276 7
249496 7
249708 15
249920 25
250132 39
250344 56
250564 79
250776 99
250988 126
251200 152
251412 177
251632 199
251844 227
252056 252
252268 271
252484 287
252700 304
252912 312
253124 319
253336 319
253552 319
253764 319
253980 312
254192 295
254404 284
254620 255
254832 236
255044 207
255260 177
255472 152
255688 113
255900 79
256112 49
256324 24
256540 7
256756 7
256968 15
257180 28
257392 39
257612 56
257824 78
258036 99
258248 126
258460 152
258680 177
258892 199
259104 225
259316 248
259528 255
259748 287
259960 295
260172 312
260384 318
260596 319
260816 319
261028 316
261240 304
261452 287
261664 271
261880 252
262096 225
262308 199
262520 167
262736 135
262948 103
263160 71
263376 39
263588 15
263804 7
264016 12
264228 15
264440 30
264656 44
264872 63
265084 88
265296 103
265508 127
265720 159
265940 184
266152 207
266364 231
266576 255
266796 271
267008 287
267220 304
267432 316
267644 319
267864 319
268076 319
268288 318
268500 305
268712 287
268932 271
269144 254
269356 227
269568 199
269780 167
270000 135
270212 110
270424 78
270636 48
270848 17
271068 7
271280 7
271492 15
271704 28
271924 39
272136 60
272348 79
272560 103
272772 127
272992 158
273204 184
273416 207
273628 240
273840 255
274052 280
274268 295
274484 307
274696 316
274908 319
275120 319
275336 319
275548 312
275764 304
275976 287
276192 255
276404 248
276616 220
276828 192
277044 159
277260 127
277472 96
277684 63
277896 35
278108 12
278328 7
278540 14
278752 19
278964 31
279176 48
279396 63
279608 88
279820 113
280032 135
280252 163
280464 192
280676 216
280888 240
281100 255
281320 280
281532 295
281744 307
281956 318
282168 319
282388 319
282600 319
282812 316
283024 304
283236 287
283456 270
283668 248
283880 224
284092 192
284304 159
284524 127
284736 96
284948 63
285160 31
285380 7
285592 7
285804 15
286016 24
286228 31
286444 48
286660 67
286872 92
287084 120
287296 142
287512 167
287728 192
287940 216
288152 240
288364 255
288580 280
288792 291
289004 304
289220 316
289432 319
289648 319
289860 316
290072 312
290284 295
290504 280
290716 255
290928 238
291140 207
291352 184
291572 152
291784 120
291996 88
292208 56
292420 28
292640 7
292852 7
293064 15
293276 24
293488 35
293708 56
293920 71
294132 96
294344 120
294556 145
294776 176
294988 195
295200 224
295412 248
295632 255
295844 286
296056 295
296268 312
296480 319
296700 319
296912 319
297124 319
297336 312
297548 304
297768 286
297980 255
298192 240
298404 216
298616 188
298836 156
299048 124
299260 92
299472 62
299684 31
299900 7
300116 7
300328 15
300540 24
300756 31
300968 51
301184 71
301396 96
301608 120
301824 143
302036 167
302248 193
302464 224
302676 241
302892 255
303104 280
303316 295
303528 312
303744 318
303960 319
304172 319
304384 319
304596 312
304808 295
305028 284
305240 255
305452 240
305664 211
305884 184
306096 152
306308 120
306520 88
306732 56
306952 24
307164 7
307376 7
307588 15
307800 24
308020 35
308232 56
308444 71
308656 97
308868 124
309084 152
309300 176
309512 199
309724 224
309936 248
310152 255
310368 284
310580 295
310792 307
311008 316
311220 319
311432 319
311648 316
311860 304
312076 287
312288 280
312500 255
312712 231
312928 204
313144 176
313356 143
313568 112
313780 79
313992 49
314212 24
314424 7
314636 7
314848 15
315068 24
315280 39
315492 56
315704 79
315916 99
316136 127
316348 152
316560 177
316772 199
316984 227
317204 252
317416 270
317628 287
317840 304
318052 312
318272 319
318484 319
318696 319
318908 319
319120 312
319340 295
319552 284
319764 255
319976 240
320196 207
320408 184
320620 152
320832 120
321044 88
321264 56
321476 24
321688 7
321900 7
322112 15
322328 24
322544 35
322756 56
322968 71
323180 97
323396 126
323612 152
323824 176
324036 199
324248 224
324464 248
324676 255
324892 286
325104 295
325320 312
325532 318
325744 319
325956 319
326172 316
326388 305
326600 291
326812 275
327024 255
327236 231
327456 199
327668 174
327880 142
328092 110
328308 78
328520 48
328732 15
328944 7
329164 7
329376 15
329588 28
329800 39
330020 60
330232 79
330444 103
330656 127
330868 156
331088 184
331300 206
331512 227
331724 252
331936 271
332152 287
332368 300
332580 312
332792 318
333004 319
333220 319
333436 312
333648 304
333860 287
334072 271
334288 252
334500 224
334712 195
334924 167
335144 135
335356 103
335568 71
335780 39
335992 15
336212 7
336424 12
336636 15
336848 28
337060 39
337280 63
337492 88
337704 103
337916 127
338128 159
338348 185
338560 207
338772 231
338984 255
339196 271
339416 287
339628 304
339840 316
340052 319
340268 319
340484 319
340696 319
340908 312
341120 295
341336 280
341552 255
341764 231
341976 199
342188 176
342404 142
342616 110
342832 78
343044 48
343256 15
343472 7
343684 7
343896 15
344112 28
344328 39
344540 60
344752 79
344964 103
345176 127
345396 158
345608 184
345820 207
346032 231
346244 254
346464 271
346676 287
346888 304
347100 312
347312 319
347532 319
347744 319
347956 316
348168 304
348380 287
348600 271
348812 248
349024 224
349236 195
349456 163
349668 127
349880 99
350092 63
350304 35
350524 7
350736 7
350948 14
351160 19
351372 31
351592 48
351804 63
352016 88
352228 112
352440 135
352660 159
352872 192
353084 216
353296 231
353508 255
353728 271
353940 287
354152 304
354364 312
354580 319
354796 319
355008 318
355220 312
355432 302
355648 287
355860 255
356076 248
356288 220
356500 192
356716 159
356928 127
357140 97
357356 63
357568 35
357784 12
357996 7
358208 14
358420 19
358636 31
358852 48
359064 63
359276 88
359488 112
359708 135
359920 163
360132 192
360344 216
360556 240
360776 255
360988 280
361200 295
361412 312
361624 318
361844 319
362056 319
362268 319
362480 318
362692 305
362912 287
363124 271
363336 252
363548 224
363760 195
363980 163
364192 127
364404 99
364616 63
364836 35
365048 7
365260 7
365472 14
365684 19
365904 31
366116 48
366328 63
366540 88
366752 112
366972 135
367184 159
367396 192
367608 216
367820 240
368036 255
368252 280
368464 287
368676 304
368888 316
369104 319
369316 319
369528 318
369740 312
369960 295
370172 284
370384 255
370596 240
370808 216
371028 188
371240 156
371452 124
371664 92
371876 60
372096 30
372308 7
372520 7
372732 15
372944 24
373160 33
373376 49
373588 71
373800 96
374012 120
374228 143
374444 167
374656 195
374868 220
375084 241
375296 255
375508 284
375724 295
375936 312
376152 318
376364 319
376576 319
376788 319
377004 312
377220 295
377432 284
377644 255
377856 240
378068 216
378288 188
378500 156
378712 126
378924 92
379144 60
379356 31
379568 7
379780 7
379992 14
380212 24
380424 31
380636 49
380848 67
381060 96
381280 120
381492 143
381704 167
381916 195
382128 224
382348 241
382560 255
382772 284
382992 295
383204 312
383416 319
383632 319
383844 319
384056 318
384268 312
384480 295
384700 280
384912 255
385124 231
385336 207
385548 176
385768 143
385980 112
386192 79
386404 48
386616 17
386836 7
387048 7
387260 15
387472 28
387692 39
387904 60
388116 79
388328 103
388540 127
388760 156
388972 179
389184 206
389396 227
389608 248
389828 270
390040 287
390252 295
390464 312
390676 318
390896 319
391108 319
391320 312
391532 304
391744 287
391964 271
392176 252
392388 225
392600 199
392816 167
393032 135
393244 103
393456 71
393668 44
393884 15
394096 7
394312 12
394524 15
394736 28
394952 39
395164 62
395376 79
395592 103
395804 127
396020 158
396232 184
396444 207
396656 231
396876 255
397088 271
397300 287
397512 304
397724 316
397944 319
398156 319
398368 319
398580 319
398792 312
399012 295
399224 280
399436 255
399648 231
399860 206
400080 176
400292 143
400504 112
400716 79
400928 48
401148 17
401360 7
401572 7
401784 15
402004 28
402216 39
402428 60
402640 79
402852 103
403072 127
403284 158
403496 184
403708 207
403920 231
404140 252
404352 271
404564 287
404776 304
404988 312
405208 319
405420 319
405632 319
405844 316
406056 304
406272 287
406488 271
406700 252
406912 224
407128 195
407340 163
407556 127
407768 99
407980 67
408196 35
408408 7
408620 7
408836 12
409048 19
409264 31
409476 48
409688 63
409900 88
410116 112
410332 135
410544 159
410756 192
410968 216
411180 231
411400 255
411612 273
411824 287
412036 304
412256 312
412468 319
412680 319
412892 319
413104 312
413324 302
413536 287
413748 255
413960 248
414172 224
414392 192
414604 159
414816 127
415028 97
415240 63
415460 35
415672 12
415884 7
416096 14
416308 19
416528 31
416740 48
416952 63
417164 88
417384 112
417596 135
417808 163
418020 192
418232 216
418452 240
418664 255
418876 280
419088 295
419300 312
419516 318
419732 319
419944 319
420156 319
420368 318
420584 305
420796 287
421012 271
421224 252
421436 224
421652 195
421864 167
422076 127
422288 99
422508 63
422720 35
422932 12
423144 7
423356 14
423576 19
423788 31
424000 48
424212 63
424424 88
424640 112
424856 135
425068 159
425280 192
425492 216
425708 236
425920 255
426136 275
426348 287
426560 304
426776 312
426988 319
427200 319
427416 318
427632 312
427844 295
428056 284
428268 255
428480 240
428700 216
428912 188
429124 156
429336 124
429548 92
429768 60
429980 30
430192 7
430404 7
430616 15
430836 24
431048 31
431260 49
431472 71
431692 96
431904 120
432116 143
432328 167
432540 195
432760 224
432972 241
433184 255
433396 280
433608 295
433828 312
434040 318
434252 319
434464 319
434676 319
434896 312
435108 295
435320 284
435532 255
435744 240
435964 216
436176 188
436388 156
436600 126
436816 92
437032 62
437244 31
437456 7
