220 7
432 14
644 24
856 31
1068 48
1288 63
1500 92
1712 113
1924 142
2140 163
2356 192
2568 216
2780 231
2992 248
3208 255
3420 271
3636 280
3848 280
4060 280
4276 270
4488 255
4700 240
4916 216
5128 192
5344 159
5556 127
5768 99
5980 67
6196 39
6412 14
6624 7
6836 12
7048 17
7268 31
7480 48
7692 63
7904 88
8116 112
8336 135
8548 159
8760 184
8972 207
9184 225
9404 248
9616 255
9828 255
10040 271
10252 275
10472 271
10684 255
10896 254
11108 236
11320 216
11540 192
11752 159
11964 127
12176 99
12396 63
12608 35
12820 14
13032 7
13244 12
13464 19
13676 31
13888 48
14100 63
14312 88
14532 112
14744 135
14956 159
15168 184
15380 207
15596 227
15812 248
16024 255
16236 255
16448 271
16664 271
16876 271
17092 255
17304 255
17520 240
17732 216
17944 192
18156 163
18372 135
18588 103
18800 71
19012 44
19224 17
19436 7
19656 7
19868 15
20080 28
20292 39
20504 62
20724 83
20936 103
21148 127
21360 158
21572 184
21792 207
22004 225
22216 243
22428 255
22648 271
22860 280
23072 284
23284 280
23496 271
23716 255
23928 248
24140 225
24352 199
24564 176
24784 143
24996 112
25208 79
25420 49
25632 24
25852 7
26064 7
26276 15
26488 28
26700 39
26916 56
27128 79
27340 103
27552 127
27772 152
27984 176
28196 199
28408 224
28620 240
28840 254
29052 255
29264 271
29476 271
29688 271
29904 255
30120 255
30332 243
30544 224
30756 199
30972 167
31184 143
31400 112
31612 79
31824 48
32040 19
32252 7
32464 7
32680 15
32896 28
33108 39
33320 56
33532 79
33744 99
33964 127
34176 152
34388 176
34600 199
34812 220
35032 240
35244 254
35456 255
35668 271
35880 280
36100 271
36312 271
36524 255
36736 243
36956 224
37168 199
37380 176
37592 143
37804 115
38024 88
38236 56
38448 28
38660 7
38872 7
39092 15
39304 24
39516 35
39728 56
39940 71
40160 97
40372 124
40584 152
40796 176
41008 195
41228 220
41440 240
41652 255
41864 255
42080 275
42296 280
42508 280
42720 275
42932 255
43148 252
43364 231
43576 207
43788 184
44000 158
44216 126
44428 96
44644 63
44856 31
45068 7
45284 7
45496 15
45708 24
45924 31
46136 49
46352 71
46564 96
46776 120
46988 143
47208 167
47420 192
47632 216
47844 231
48056 248
48276 255
48488 271
48700 275
48912 275
49124 271
49344 255
49556 248
49768 231
49980 207
50192 184
50412 152
50624 124
50836 92
51048 62
51260 31
51480 7
51692 7
51904 15
52116 24
52336 31
52548 49
52760 71
52972 96
53184 120
53404 143
53616 167
53828 192
54040 211
54252 231
54472 248
54684 255
54904 231
55116 207
55332 179
55544 152
55756 120
55968 88
56188 56
56400 28
56612 7
56824 7
57036 15
57256 24
57468 35
57680 56
57892 71
58104 96
58324 121
58536 143
58748 167
58960 193
59172 216
59392 231
59604 252
59816 255
60028 271
60240 273
60460 271
60672 270
60884 255
61096 248
61316 225
61528 199
61740 176
61952 147
62164 120
62384 88
62596 56
62808 28
63020 7
63232 7
63448 15
63664 24
63876 35
64088 56
64300 71
64516 97
64732 124
64944 147
65156 176
65368 195
65584 217
65796 238
66012 252
66224 255
66440 271
66652 280
66864 275
67076 271
67292 255
67508 248
67720 227
67932 207
68144 184
68356 153
68576 124
68788 92
69000 62
69212 31
69424 7
69644 7
69856 15
70068 24
70280 31
70492 49
70712 71
70924 96
71136 120
71348 143
71568 167
71780 192
71992 216
72204 231
72416 252
72636 255
72848 271
73060 280
73272 280
73484 280
73704 255
73916 255
74128 236
74340 216
74552 192
74772 159
74984 127
75196 96
75408 63
75624 35
75840 7
76052 7
76264 14
76476 24
76692 31
76908 48
77120 63
77332 92
77544 113
77760 142
77972 163
78188 192
78400 207
78612 227
78828 248
79040 255
79252 270
79468 271
79680 275
79896 271
80108 255
80320 252
80532 231
80752 207
80964 184
81176 158
81388 127
81600 96
81820 63
82032 31
82244 7
82456 7
82668 14
82888 24
83100 31
83312 48
83524 67
83736 92
83956 120
84168 142
84380 167
84592 192
84804 209
85024 231
85236 248
85448 255
85660 271
85880 275
86092 280
86304 271
86516 255
86728 252
86948 231
87160 216
87372 192
87584 159
87796 127
88016 99
88228 67
88440 39
88652 14
88864 7
89084 14
89296 19
89508 31
89720 48
89932 63
90148 88
90364 112
90576 135
90788 159
91004 192
91216 207
91432 231
91644 248
91856 255
92072 271
92284 280
92496 280
92712 280
92924 271
93140 255
93352 240
93564 224
93776 195
93992 167
94208 135
94420 103
94632 71
94844 39
95056 15
95276 7
95488 7
95700 17
95912 30
96132 46
96344 63
96556 88
96768 110
96980 127
97200 159
97412 184
97624 206
97836 224
98048 241
98268 255
98480 255
98692 271
98904 275
99116 271
99336 255
99548 255
99760 240
99972 216
100184 192
100404 163
100616 127
100828 103
101040 71
101260 39
101472 15
101684 7
101896 12
102108 17
102328 31
102540 46
102752 63
102964 88
103176 110
103392 127
103608 159
103820 184
104032 206
104244 225
104460 243
104676 255
104888 255
105100 271
105312 280
105528 271
105740 255
105956 255
106168 240
106384 220
106596 192
106808 167
107020 135
107236 103
107452 71
107664 48
107876 17
108088 7
108300 12
108520 15
108732 28
108944 39
109156 62
109368 79
109584 120
109796 143
110008 167
110220 192
110440 216
110652 231
110864 252
111076 255
111288 271
111504 280
111720 280
111932 280
112144 270
112360 255
112572 240
112784 216
112996 192
113212 159
113428 127
113640 99
113852 63
114064 39
114276 14
114496 7
114708 14
114920 19
115132 31
115344 48
115564 63
115776 88
115988 112
116200 135
116412 159
116632 192
116844 207
117056 227
117268 248
117488 255
117700 271
117912 275
118124 280
118336 271
118556 255
118768 252
118980 231
119192 216
119404 192
119624 159
119836 127
120048 96
120260 63
120472 35
120692 7
120904 7
121116 15
121328 19
121540 31
121760 48
121972 63
122184 92
122396 112
122612 135
122828 159
123040 192
123252 207
123464 227
123680 248
123896 255
124108 270
124320 271
124532 275
124748 271
124960 255
125176 252
125388 231
125600 216
125816 192
126028 159
126240 127
126456 99
126668 63
126884 39
127096 15
127308 7
127520 12
127740 19
127952 31
128164 48
128376 63
128588 88
128808 112
129020 135
129232 159
129444 188
129656 207
129876 227
130088 248
130300 255
130512 271
130724 280
130944 280
131156 280
131368 271
131580 255
131800 241
132012 224
132224 195
132436 167
132648 135
132868 103
133080 71
133292 48
133504 15
133716 7
133936 7
134148 15
134360 30
134572 39
134784 62
135004 88
135216 103
135428 127
135640 158
135852 184
136072 206
136284 224
136496 241
136708 255
136924 255
137140 275
137352 280
137564 271
137776 270
137992 255
138204 240
138420 220
138632 193
138844 167
139060 135
139272 103
139484 71
139700 39
139912 15
140128 7
140340 14
140552 17
140764 30
140980 44
141196 63
141408 88
141620 108
141832 127
142052 159
142264 184
142476 204
142688 224
142900 240
143120 255
143332 255
143544 271
143756 275
143968 271
144188 255
144400 255
144612 240
144824 220
145036 193
145256 163
145468 135
145680 103
145892 71
146104 46
146324 15
146536 7
146748 7
146960 15
147180 30
147392 39
147604 62
147816 79
148028 103
148248 127
148460 158
148672 184
148884 199
149096 224
149316 243
149528 255
149740 270
149952 280
150164 280
150380 280
150596 271
150808 255
151020 248
151232 225
151448 199
151664 176
151876 143
152088 113
152304 81
152516 56
152728 24
152944 7
153156 7
153372 15
153584 24
153796 39
154008 56
154224 78
154440 99
154652 126
154864 152
155076 176
155288 199
155508 224
155720 240
155932 255
156144 255
156356 271
156576 280
156788 280
157000 271
157212 255
157432 248
157644 224
157856 199
158068 176
158280 143
158500 112
158712 79
158924 51
159136 24
159348 7
159564 7
159780 15
159992 25
160204 39
160416 56
160632 79
160844 103
161060 127
161272 152
161484 176
161700 199
161912 220
162124 240
162340 254
162556 255
162768 271
162980 271
163192 271
163404 255
163624 255
163836 241
164048 224
164260 193
164480 163
164692 135
164904 103
165116 71
165328 39
165548 14
165760 7
165972 12
166184 17
166396 30
166616 46
166828 63
167040 88
167252 112
167464 127
167684 159
167896 184
168108 206
168320 225
168532 241
168752 255
168964 255
169176 271
169388 275
169604 271
169820 255
170032 254
170244 231
170456 216
170672 192
170888 159
171100 127
171312 99
171524 63
171740 35
171952 14
172168 7
172380 12
172592 19
172808 31
173020 48
173232 63
173448 88
173660 112
173876 135
174088 159
174300 185
174512 207
174732 227
174944 248
175156 255
175368 270
175580 271
175800 280
176012 271
176224 255
176436 255
176648 240
176868 216
177080 192
177292 163
177504 127
177716 103
177936 71
178148 39
178360 15
178572 7
178784 7
179004 17
179216 30
179428 39
179640 63
179856 88
180072 110
180284 127
180496 159
180708 184
180924 207
181136 227
181352 248
181564 255
181776 271
181992 280
182204 284
182416 280
182632 271
182844 255
183060 248
183272 224
183484 199
183696 174
183916 143
184128 112
184340 79
184552 48
184764 19
184984 7
185196 7
185408 15
185620 28
185832 39
186052 60
186264 79
186476 103
186688 127
186900 156
187120 177
187332 199
187544 224
187756 240
187968 255
188188 255
188400 271
188612 275
188824 271
189044 255
189256 255
189468 240
189680 224
189892 193
190112 167
190324 135
190536 103
190748 71
190960 39
191180 15
191392 7
191604 7
191816 15
192028 28
192248 39
192460 62
192672 81
192884 103
193096 127
193312 158
193528 184
193740 199
193952 224
194168 241
194380 255
194596 255
194808 271
195020 275
195236 271
195448 255
195660 255
195876 240
196088 220
196304 193
196516 167
196728 135
196940 112
197156 79
197372 48
197584 19
197796 7
198008 7
198220 15
198440 28
198652 39
198864 60
199076 79
199296 103
199508 127
199720 156
199932 179
200144 199
200364 224
200576 241
200788 255
201000 271
201212 280
201432 280
201644 280
201856 271
202068 255
202280 252
202500 227
202712 206
202924 177
203136 152
203348 120
203568 88
203780 56
203992 24
204204 7
204424 7
204636 15
204848 24
205060 39
205272 56
205488 78
205704 99
205916 126
206128 152
206340 176
206556 199
206772 220
206984 240
207196 254
207408 255
207624 271
207836 280
208052 275
208264 271
208476 255
208692 248
208904 224
209116 199
209328 176
209548 143
209760 112
209972 79
210184 49
210396 24
210616 7
210828 7
211040 15
211252 28
211464 39
211680 60
211896 79
212108 103
212320 127
212532 152
212748 176
212960 199
213176 220
213388 240
213600 254
213816 255
214028 271
214240 275
214456 271
214672 255
214884 255
215096 241
215308 224
215520 199
215740 174
215952 143
216164 113
216376 81
216588 56
216808 24
217020 7
217232 7
217444 15
217656 24
217876 39
218088 56
218300 78
218512 99
218732 127
218952 156
219164 179
219376 199
219596 224
219808 240
220020 255
220232 255
220444 271
220660 275
220876 271
221088 255
221300 255
221516 240
221728 224
221940 195
222156 167
222368 135
222584 108
222796 78
223008 48
223220 19
223436 7
223652 7
223864 15
224076 28
224288 39
224500 60
224720 79
224932 103
225144 127
225356 156
225568 179
225788 199
226000 224
226212 241
226424 255
226644 14
226856 280
227068 280
227280 280
227492 271
227712 255
227924 248
228136 227
228348 199
228560 176
228776 147
228992 120
229204 88
229416 56
229628 28
229844 7
230060 7
230272 15
230484 24
230696 35
230912 56
231124 76
231340 99
231552 124
231768 152
231980 176
232192 195
232404 220
232620 240
232836 255
233048 255
233260 275
233472 280
233684 280
233904 271
234116 255
234328 248
234540 231
234752 207
234972 177
235184 152
235396 120
235608 88
235828 56
236040 24
236252 7
236464 7
236676 15
236896 24
237108 35
237320 56
237532 71
237744 97
237964 124
238176 147
238388 174
238600 195
238812 216
239032 236
239244 252
239456 255
239668 271
239880 275
240100 271
240312 270
240524 255
240736 248
240956 224
241168 199
241380 176
241592 147
241804 120
242020 88
242236 56
242448 28
242660 7
242872 7
243088 15
243304 24
243516 35
243728 56
243940 71
244156 99
244368 124
244584 152
244796 176
245008 195
245224 220
245436 240
245648 255
245864 255
246080 271
246292 280
246504 280
246716 271
246928 255
247148 252
247360 231
247572 207
247784 184
247996 156
248216 124
248428 96
248640 63
248852 31
249064 7
249284 7
249496 14
249708 24
249920 31
250132 49
250352 71
250564 96
250776 120
250988 143
251208 167
251420 192
251632 216
251844 231
252056 252
252276 255
252488 271
252700 280
252912 280
253124 280
253344 255
253556 255
253768 231
253980 216
254192 192
254412 159
254624 127
254836 96
255048 63
255260 31
255476 7
255692 7
255904 14
256116 24
256332 31
256544 49
256760 67
256972 94
257184 115
257400 143
257612 167
257824 192
258040 211
258252 231
258468 248
258680 255
258892 271
259104 275
259320 280
259536 271
259748 255
259960 252
260172 231
260384 207
260604 184
260816 156
261028 126
261240 96
261460 62
261672 31
261884 7
262096 7
262308 15
262528 24
262740 31
262952 51
263164 71
263376 96
263596 120
263808 143
264020 167
264232 192
264444 216
264660 231
264876 252
265088 255
265300 271
265512 280
265728 280
265944 271
266156 255
266368 255
266584 238
266796 216
267008 192
267224 159
267436 127
267652 99
267864 67
268076 39
268288 15
268504 7
268720 14
268932 19
269144 31
269356 48
269568 63
269788 88
270000 112
270212 135
270424 159
270644 192
270856 211
271068 231
271280 248
271492 255
271712 271
271924 280
272136 281
272348 280
272560 271
272780 255
272992 240
273204 220
273416 193
273632 156
273844 127
274064 96
274276 63
274488 33
274700 12
274920 7
275132 14
275344 24
275556 31
275768 48
275988 67
276200 92
276412 115
276624 142
276836 163
277056 192
277268 216
277480 231
277692 252
277904 255
278124 271
278336 280
278548 280
278760 280
278972 255
279192 255
279404 240
279616 216
279828 192
280044 159
280260 127
280472 99
280684 63
280896 35
281112 12
281324 7
281540 14
281752 19
281964 31
282180 48
282392 63
282604 88
282820 112
283032 135
283248 159
283460 188
283672 207
283884 227
284100 248
284316 255
284528 270
284740 273
284952 275
285172 271
285384 255
285596 252
285808 231
286020 209
286240 185
286452 158
286664 127
286876 96
287088 63
287308 31
287520 7
287732 7
287944 14
288156 24
288376 31
288588 48
288800 63
289012 92
289224 113
289444 140
289656 163
289868 192
290080 209
290300 231
290512 248
290724 255
290936 271
291148 275
291368 280
291580 271
291792 255
292004 254
292216 231
292436 216
292648 192
292860 159
293072 127
293284 99
293500 67
293716 39
293928 14
294140 7
294352 14
294568 19
294784 31
294996 48
295208 63
295424 88
295636 112
295848 135
296064 159
296276 188
296492 207
296704 231
296916 248
297128 255
297344 271
297560 280
297772 280
297984 280
298196 271
298408 255
298628 240
298840 220
299052 193
299264 167
299476 135
299696 103
299908 71
300120 39
300332 15
300552 7
300764 7
300976 17
301188 30
301400 39
301620 63
301832 88
302044 110
302256 127
302468 159
302684 184
302900 206
303112 224
303324 243
303536 255
303752 255
303968 271
304180 280
304392 271
304604 255
304820 255
305032 240
305248 216
305460 192
305676 159
305888 127
306100 99
306312 71
306528 39
306744 14
306956 7
307168 7
307380 17
307592 31
307812 46
308024 63
308236 88
308448 112
308660 135
308880 159
309092 184
309304 207
309516 225
309736 248
309948 255
310160 255
310372 271
310584 280
310804 271
311016 255
311228 255
311440 240
311652 216
311872 192
312084 163
312296 135
312508 103
312720 71
312940 39
313152 15
313364 7
313576 7
313788 15
314008 28
314220 39
314432 62
314644 83
314864 110
315076 127
315288 159
315500 184
315712 206
315928 227
316144 248
316356 255
316568 271
316780 280
316996 280
317212 280
317424 271
317636 255
317848 248
318064 224
318276 199
318492 172
318704 143
318916 112
319132 79
319344 48
319556 19
319768 7
319988 7
320200 15
320412 28
320624 39
320836 60
321056 79
321268 103
321480 127
321692 156
321904 177
322124 199
322336 224
322548 240
322760 255
322972 255
323192 271
323404 280
323616 275
323828 270
324040 255
324260 240
324472 224
324684 195
324896 167
325116 135
325328 103
325540 76
325752 46
325964 17
326184 7
326396 7
326608 15
326820 28
327032 39
327252 62
327464 79
327676 103
327888 127
328100 156
328312 192
328524 211
328736 231
328948 248
329164 255
329380 271
329592 271
329804 275
330016 271
330232 255
330444 248
330656 231
330872 207
331084 184
331300 156
331512 126
331724 96
331936 63
332156 31
332368 7
332580 7
332792 14
333004 24
333224 31
333436 48
333648 67
333860 92
334072 115
334292 143
334504 167
334716 192
334928 216
335140 231
335360 252
335572 255
335784 271
335996 280
336208 280
336428 280
336640 270
336852 255
337064 240
337284 216
337496 192
337708 159
337920 127
338132 103
338352 67
338564 39
338776 14
338988 7
339200 14
339420 19
339632 31
339844 48
340056 63
340268 88
340488 112
340700 135
340912 159
341124 188
341336 207
341552 227
341768 248
341980 255
342192 271
342408 280
342620 280
342836 271
343048 255
343260 255
343476 231
343688 216
343900 192
344112 159
344328 127
344544 96
344756 63
344968 35
345180 7
345392 7
345612 14
345824 24
346036 31
346248 48
346460 63
346680 88
346892 113
347104 135
347316 159
347536 192
347748 207
347960 227
348172 248
348384 255
348604 270
348816 271
349028 275
349240 271
349452 255
349668 252
349884 231
350096 211
350308 192
350520 159
350736 127
350952 97
351164 63
351376 39
351588 14
351804 7
352016 14
352232 19
352444 31
352660 48
352872 63
353084 88
353296 113
353512 135
353728 163
353940 192
354152 207
354364 227
354576 248
354796 255
355008 271
355220 280
355432 280
355644 280
355864 271
356076 255
356288 240
356500 220
356720 193
356932 167
357144 135
357356 103
357568 71
357788 39
358000 15
358212 7
358424 12
358636 15
358856 30
359068 39
359280 63
359492 83
359704 110
359924 127
360136 159
360348 184
360560 207
360772 225
360992 248
361204 255
361416 270
361628 280
361848 280
362060 275
362272 255
362484 255
362696 240
362912 220
363128 193
363340 163
363552 135
363764 103
363980 71
364196 39
364408 15
364620 7
364832 12
365048 17
365260 31
365476 46
365688 63
365900 88
366116 112
366328 127
366540 159
366756 184
366972 207
367184 225
367396 241
367608 255
367820 255
368040 271
368252 275
368464 271
368676 255
368888 254
369108 231
369320 216
369532 192
369744 159
369956 127
370176 103
370388 71
370600 39
370812 15
371024 7
371244 12
371456 17
371668 30
371880 44
372100 63
372312 88
372524 112
372736 135
372948 159
373168 184
373380 207
373592 225
373804 248
374016 255
374236 271
374448 280
374660 280
374872 280
375084 271
375304 255
375516 241
375728 224
375940 199
376152 167
376372 140
376584 112
376796 79
377008 48
377224 19
377440 7
377652 7
377864 15
378076 28
378292 39
378504 60
378720 79
378932 103
379144 127
379360 156
379572 179
379784 199
380000 224
380212 241
380428 255
380640 270
380852 275
381064 280
381280 280
381496 271
381708 255
381920 248
382132 224
382352 199
382564 167
382776 142
382996 88
383208 60
383420 31
383636 7
383852 7
384064 15
384276 24
384488 33
384704 51
384916 71
385132 96
385344 120
385556 143
385772 167
385984 193
386196 216
386412 236
386624 254
386840 255
387052 271
387264 280
387476 280
387696 280
387908 255
388120 254
388332 231
388544 211
388764 185
388976 158
389188 127
389400 96
389612 63
389832 31
390044 7
390256 7
390468 15
390680 24
390900 31
391112 49
391324 71
391536 96
391748 120
391968 143
392180 167
392392 192
392604 211
392824 231
393036 248
393248 255
393460 271
393672 275
393892 275
394104 271
394316 255
394528 248
394740 227
394960 207
395172 184
395384 152
395596 121
395808 92
396028 60
396240 30
396452 7
396664 7
396876 15
397092 24
397308 35
397520 56
397732 71
397948 96
398160 120
398376 143
398588 167
398800 192
399016 216
399228 231
399440 252
399656 255
399868 271
400084 280
400296 280
400508 271
400720 255
400936 248
401152 231
401364 207
401576 184
401788 156
402000 124
402220 96
402432 63
402644 31
402856 7
403076 7
403288 14
403500 24
403712 31
403924 48
404144 71
404356 96
404568 120
404780 143
404992 167
405212 192
405424 216
405636 231
405848 252
406060 255
406280 271
406492 280
406704 280
406916 280
407128 270
407344 255
407556 240
407768 216
407980 192
408200 159
408412 127
408624 97
408836 63
409048 35
409268 12
409480 7
409692 14
409904 19
410116 31
410336 48
410548 63
410760 89
410972 113
411184 135
411400 163
411616 192
411828 207
412040 231
412252 248
412468 255
412684 270
412896 275
413108 280
413324 271
413536 255
413748 252
413964 231
414176 211
414392 184
414604 159
414816 127
415028 96
415244 63
415460 31
415672 7
415884 7
416096 14
416308 24
416528 31
416740 48
416952 67
417164 92
417384 120
417596 142
417808 167
418020 192
418232 207
418452 231
418664 248
418876 255
419088 271
419300 275
419520 280
419732 271
419944 255
420156 252
420368 231
420588 211
420800 188
421012 159
421224 127
421436 96
421656 63
421868 35
422080 14
422292 7
422512 12
422724 24
422936 31
423148 48
423360 63
423580 92
423792 113
424004 135
424216 163
424428 192
424644 211
424860 231
425072 248
425284 255
425496 271
425712 280
425924 281
426140 280
426352 271
426564 255
426780 240
426992 220
427204 192
427420 163
427636 127
427848 103
428060 71
428272 39
428484 15
428704 7
428916 12
429128 17
429340 31
429552 46
429772 63
429984 88
430196 112
430408 135
430620 159
430840 184
431052 207
431264 227
431476 248
431688 255
431908 271
432120 275
432332 280
432544 271
432764 255
432976 255
433188 240
433400 216
433612 192
433832 159
434044 127
434256 99
434468 63
434680 35
434900 12
435112 7
435324 12
435536 19
435748 31
435968 48
436180 63
436392 88
436604 112
436816 135
437036 159
437248 188
437460 207
