212 352
424 352
640 344
852 335
1064 319
1280 312
1492 287
1708 271
1920 248
2132 220
2344 192
2560 159
2776 127
2988 97
3200 63
3412 39
3632 15
3844 7
4056 7
4268 17
4480 30
4700 39
4912 62
5124 79
5336 103
5548 127
5768 159
5980 184
6192 207
6404 231
6616 255
6836 280
7048 295
7260 316
7472 327
7684 344
7904 352
8116 353
8328 353
8540 352
8760 348
8972 335
9184 319
9396 305
9608 286
9828 255
10040 231
10252 207
10464 176
10676 143
10892 112
11108 79
11320 51
11532 24
11744 7
11960 7
12176 15
12388 24
12600 35
12812 56
13028 71
13240 96
13456 120
13668 143
13884 174
14096 199
14308 224
14520 248
14736 270
14952 287
15164 305
15376 319
15588 334
15800 344
16020 348
16232 352
16444 352
16656 344
16868 334
17088 319
17300 304
17512 284
17724 255
17936 231
18156 207
18368 176
18580 143
18792 113
19012 79
19224 51
19436 24
19648 7
19860 7
20080 15
20292 24
20504 35
20716 56
20928 71
21148 96
21360 120
21572 143
21784 167
21996 195
22216 224
22428 248
22640 270
22852 287
23064 305
23284 319
23496 335
23708 344
23920 352
24136 352
24352 352
24564 348
24776 335
24988 319
25204 312
25420 287
25632 270
25844 248
26056 220
26272 192
26484 159
26700 127
26912 96
27124 63
27340 35
27552 15
27764 7
27980 12
28192 17
28408 30
28620 44
28832 62
29044 83
29264 108
29476 127
29688 159
29900 184
30112 211
30332 238
30544 255
30756 280
30968 295
31180 316
31400 327
31612 344
31824 348
32036 352
32248 352
32468 352
32680 344
32892 334
33104 318
33316 295
33536 280
33748 255
33960 225
34172 195
34388 167
34604 135
34816 103
35028 71
35240 39
35456 15
35668 7
35884 7
36096 15
36308 28
36524 39
36736 60
36948 79
37164 103
37376 127
37592 156
37804 184
38016 207
38228 231
38448 255
38660 275
38872 295
39084 312
39296 319
39516 335
39728 344
39940 352
40152 352
40364 348
40584 337
40796 327
41008 316
41220 295
41432 280
41652 255
41864 225
42076 199
42288 167
42500 135
42720 103
42932 78
43144 48
43356 24
43576 7
43788 7
44000 15
44212 24
44424 39
44644 56
44856 71
45068 97
45280 124
45492 152
45712 176
45924 199
46136 227
46348 252
46560 271
46780 291
46992 312
47204 319
47416 335
47628 348
47844 352
48060 353
48272 352
48484 352
48700 339
48912 327
49124 312
49340 287
49552 270
49768 241
49980 216
50192 185
50404 156
50620 124
50836 92
51048 62
51260 31
51472 7
51684 7
51904 14
52116 24
52328 31
52540 48
52752 63
52972 88
53184 112
53396 135
53608 163
53828 192
54040 216
54252 240
54464 255
54676 284
54892 12
55104 19
55320 30
55532 44
55744 63
55960 83
56172 103
56388 127
56600 159
56812 184
57024 207
57240 236
57456 255
57668 280
57880 300
58092 316
58304 327
58524 344
58736 352
58948 352
59160 352
59372 352
59592 344
59804 335
60016 319
60228 304
60448 284
60660 255
60872 231
61084 206
61296 176
61516 143
61728 112
61940 79
62152 51
62364 24
62584 7
62796 7
63008 15
63220 24
63432 35
63652 56
63864 71
64076 96
64288 120
64500 147
64720 176
64932 199
65144 224
65356 248
65576 271
65788 287
66000 312
66212 319
66424 335
66640 344
66856 352
67068 352
67280 352
67492 344
67708 335
67924 319
68136 305
68348 287
68560 255
68776 240
68988 207
69204 177
69416 147
69628 115
69844 83
70056 56
70268 24
70484 7
70700 7
70912 15
71124 24
71336 35
71548 51
71768 71
71980 96
72192 120
72404 143
72616 172
72836 199
73048 224
73260 248
73472 270
73684 287
73904 305
74116 319
74328 334
74540 344
74752 348
74972 352
75184 352
75396 344
75608 335
75828 319
76040 305
76252 287
76464 255
76676 240
76896 211
77108 184
77320 152
77532 120
77744 92
77964 60
78176 31
78388 7
78600 7
78812 15
79032 24
79244 31
79456 48
79668 63
79880 92
80100 113
80312 135
80524 167
80736 192
80952 220
81168 241
81380 255
81592 287
81804 304
82020 319
82232 335
82448 344
82660 352
82872 353
83088 353
83300 352
83512 344
83728 334
83940 318
84156 295
84368 280
84580 252
84792 224
85012 193
85224 163
85436 127
85648 99
85860 71
86080 39
86292 15
86504 7
86716 12
86928 19
87148 30
87360 39
87572 63
87784 79
87996 103
88216 127
88428 159
88640 184
88852 207
89064 231
89284 255
89496 280
89708 295
89920 313
90140 327
90352 335
90564 344
90776 352
90988 352
91208 348
91420 335
91632 327
91844 312
92056 295
92276 271
92488 248
92700 224
92912 192
93124 159
93340 127
93556 97
93768 67
93980 39
94192 15
94408 7
94624 12
94836 17
95048 28
95264 39
95476 62
95688 81
95904 103
96116 127
96332 159
96544 188
96756 211
96968 231
97184 255
97400 280
97612 295
97824 316
98036 327
98248 344
98468 352
98680 352
98892 352
99104 352
99316 344
99536 335
99748 319
99960 304
100172 284
100392 255
100604 231
100816 199
101028 176
101240 143
101460 112
101672 79
101884 51
102096 24
102308 7
102528 7
102740 15
102952 24
103164 35
103376 56
103596 71
103808 96
104020 120
104232 143
104444 174
104664 199
104876 224
105088 248
105300 271
105520 287
105732 312
105944 319
106156 335
106368 344
106584 352
106800 352
107012 352
107224 344
107436 335
107652 319
107868 307
108080 287
108292 255
108504 240
108720 207
108932 179
109148 147
109360 115
109580 44
109792 15
110004 7
110220 7
110432 15
110644 28
110856 39
111076 60
111288 79
111500 99
111712 127
111924 156
112144 184
112356 206
112568 231
112780 255
112992 275
113212 295
113424 312
113636 327
113848 335
114060 348
114276 352
114492 353
114704 352
114916 352
115128 335
115344 319
115560 312
115772 287
115984 255
116200 240
116412 207
116624 184
116840 152
117052 120
117268 88
117480 56
117692 28
117904 7
118120 7
118336 15
118548 24
118760 31
118972 48
119184 67
119404 92
119616 120
119828 143
120040 167
120260 195
120472 224
120684 248
120896 255
121108 287
121328 304
121540 319
121752 334
121964 344
122176 352
122396 352
122608 352
122820 344
123032 335
123244 319
123464 305
123676 287
123888 255
124100 240
124312 209
124532 184
124744 152
124956 120
125168 88
125388 56
125600 28
125812 7
126024 7
126236 15
126456 24
126668 33
126880 51
127092 71
127304 96
127520 120
127736 143
127948 167
128160 195
128372 224
128588 248
128804 255
129016 287
129228 304
129440 319
129656 334
129868 344
130084 352
130296 352
130512 352
130724 344
130936 335
131148 319
131364 312
131580 287
131792 255
132004 241
132216 216
132428 188
132648 156
132860 126
133072 96
133284 63
133496 33
133716 12
133928 7
134140 14
134352 24
134564 31
134784 48
134996 63
135208 88
135420 112
135640 135
135852 159
136064 192
136276 216
136488 240
136708 255
136920 284
137132 304
137344 319
137556 332
137776 344
137988 352
138200 353
138412 352
138624 352
138844 344
139056 327
139268 318
139480 295
139692 280
139912 252
140124 225
140336 195
140548 163
140764 127
140980 99
141192 71
141404 39
141616 15
141832 7
142044 7
142260 19
142472 30
142684 39
142900 62
143112 81
143324 103
143540 127
143752 158
143968 184
144180 207
144392 231
144604 255
144820 280
145036 295
145248 313
145460 327
145672 335
145892 344
146104 352
146316 352
146528 344
146740 335
146960 327
147172 312
147384 295
147596 271
147808 248
148028 224
148240 192
148452 159
148664 127
148876 99
149096 67
149308 39
149520 15
149732 7
149944 12
150164 17
150376 28
150588 39
150800 62
151016 83
151228 103
151444 127
151656 159
151868 184
152084 211
152296 231
152508 255
152724 280
152936 295
153152 318
153364 327
153576 344
153788 352
154004 352
154220 353
154432 352
154644 344
154856 335
155076 319
155288 304
155500 284
155712 255
155924 231
156144 204
156356 176
156568 143
156780 112
156992 79
157212 51
157424 24
157636 7
157848 7
158060 15
158280 24
158492 35
158704 56
158916 71
159128 96
159348 124
159560 145
159772 176
159984 199
160204 224
160416 248
160628 271
160840 287
161052 307
161272 319
161484 335
161696 344
161908 352
162120 352
162340 352
162552 344
162764 335
162976 319
163188 304
163404 284
163620 255
163832 231
164044 207
164264 176
164476 143
164688 113
164900 81
165120 51
165332 24
165544 7
165756 7
165968 15
166188 24
166400 35
166612 56
166824 71
167036 96
167256 120
167468 145
167680 176
167892 199
168104 224
168324 252
168536 271
168748 287
168960 305
169176 319
169392 335
169604 344
169816 352
170028 352
170244 352
170456 344
170672 334
170884 319
171096 304
171312 284
171524 255
171736 231
171952 206
172164 176
172380 143
172592 112
172804 79
173016 49
173232 24
173448 7
173660 7
173872 15
174084 24
174304 35
174516 56
174728 71
174940 96
175152 124
175372 152
175584 176
175796 199
176008 225
176220 252
176440 271
176652 287
176864 312
177076 319
177288 335
177508 348
177720 352
177932 353
178144 352
178356 348
178576 335
178788 319
179000 312
179212 287
179432 255
179644 240
179856 216
180068 184
180280 156
180500 124
180712 92
180924 63
181136 31
181348 12
181564 7
181780 14
181992 24
182204 31
182416 48
182632 63
182848 88
183060 112
183272 135
183484 163
183700 192
183912 216
184128 240
184340 255
184556 286
184768 304
184980 319
185192 327
185408 344
185624 352
185836 352
186048 352
186260 352
186472 344
186692 327
186904 316
187116 295
187328 271
187540 248
187760 220
187972 192
188184 159
188396 127
188608 96
188828 63
189040 31
189252 7
189464 7
189684 14
189896 19
190108 31
190320 48
190532 63
190752 88
190964 112
191176 135
191388 159
191600 192
191820 216
192032 240
192244 255
192456 284
192668 300
192888 316
193100 327
193312 335
193524 348
193744 352
193956 352
194168 348
194380 335
194592 319
194808 312
195024 287
195236 271
195448 248
195660 220
195876 192
196092 159
196304 127
196516 97
196728 67
196944 39
197156 15
197372 7
197584 12
197796 17
198012 30
198224 46
198436 63
198652 81
198868 103
199080 127
199292 159
199504 184
199716 211
199936 238
200148 255
200360 280
200572 300
200784 318
201004 327
201216 344
201428 352
201640 353
201852 355
202072 352
202284 348
202496 335
202708 319
202920 304
203140 284
203352 255
203564 231
203776 199
203996 176
204208 142
204420 112
204632 79
204844 48
205064 19
205276 7
205488 7
205700 15
205912 24
206132 39
206344 56
206556 78
206768 99
206980 126
207200 152
207412 177
207624 199
207836 225
208048 252
208268 271
208480 287
208692 312
208904 319
209120 335
209336 344
209548 352
209760 352
209972 352
210188 344
210400 327
210616 319
210828 304
211040 280
211256 255
211468 231
211680 199
211896 167
212108 140
212324 103
212536 78
212748 48
212960 17
213176 7
213392 7
213604 15
213816 28
214028 39
214248 56
214460 79
214672 103
214884 127
215096 152
215316 177
215528 206
215740 227
215952 254
216164 271
216384 295
216596 312
216808 319
217020 335
217232 348
217452 352
217664 352
217876 352
218088 344
218300 335
218520 319
218732 305
218952 284
219164 255
219376 231
219588 206
219808 176
220020 143
220232 112
220444 79
220656 48
220876 24
221088 7
221300 7
221512 15
221724 24
221940 39
222156 56
222368 71
222580 97
222796 124
223008 152
223224 176
223436 199
223648 225
223864 252
224076 271
224288 287
224504 312
224716 319
224932 335
225144 344
225356 352
225568 352
225784 352
226000 344
226212 334
226424 319
226636 304
226848 284
227068 255
227280 231
227492 207
227704 177
227924 145
228136 115
228348 88
228560 56
228772 30
228992 7
229204 7
229416 15
229628 24
229840 31
230060 49
230272 71
230484 96
230696 120
230908 143
231128 167
231340 195
231552 224
231764 248
231976 255
232196 287
232408 312
232620 319
232832 335
233052 348
233264 352
233476 355
233688 353
233900 352
234120 344
234332 327
234544 316
234756 295
234968 271
235184 248
235400 220
235612 192
235824 159
236036 127
236252 96
236468 63
236680 31
236892 7
237104 7
237320 14
237532 19
237748 31
237960 48
238176 63
238388 88
238600 112
238812 135
239028 159
239244 192
239456 216
239668 240
239880 255
240092 284
240312 304
240524 318
240736 327
240948 339
241160 348
241380 352
241592 352
241804 344
242016 335
242236 319
242448 312
242660 287
242872 255
243084 248
243304 216
243516 188
243728 156
243940 124
244152 96
244372 62
244584 31
244796 7
245008 7
245220 14
245440 19
245652 31
245864 48
246076 63
246288 88
246508 112
246720 135
246932 163
247144 192
247360 216
247576 241
247788 255
248000 286
248212 304
248428 319
248644 327
248856 344
249068 352
249280 353
249496 352
249708 352
249924 344
250136 327
250348 318
250564 295
250776 280
250988 254
251204 225
251416 195
251632 167
251844 135
252056 103
252268 71
252488 46
252700 17
252912 7
253124 7
253336 15
253556 28
253768 39
253980 60
254192 79
254404 103
254624 127
254836 156
255048 179
255260 207
255472 231
255692 255
255904 275
256116 295
256328 312
256540 319
256760 335
256972 348
257184 352
257396 352
257616 352
257828 344
258040 334
258252 319
258464 304
258684 280
258896 255
259108 231
259320 199
259532 167
259752 135
259964 103
260176 71
260388 46
260600 15
260820 7
261032 7
261244 15
261456 28
261668 39
261884 60
262100 79
262312 103
262524 127
262740 156
262952 179
263168 207
263380 227
263592 254
263808 271
264020 291
264232 312
264448 319
264660 335
264876 344
265088 352
265300 352
265512 348
265728 344
265944 327
266156 318
266368 302
266580 280
266792 255
267012 231
267224 199
267436 174
267648 143
267868 112
268080 79
268292 51
268504 24
268716 7
268936 7
269148 15
269360 24
269572 35
269784 56
270004 71
270216 96
270428 124
270640 152
270852 176
271068 199
271284 225
271496 252
271708 271
271920 287
272136 312
272352 319
272564 335
272776 348
272992 352
273204 353
273416 353
273632 348
273844 335
274064 319
274276 312
274488 287
274700 255
274912 241
275132 216
275344 184
275556 152
275768 120
275988 88
276200 56
276412 28
276624 7
276836 7
277056 15
277268 24
277480 31
277692 49
277904 67
278120 96
278336 120
278548 143
278760 167
278972 193
279188 224
279404 248
279616 255
279828 287
280040 304
280256 319
280468 332
280684 344
280896 352
281112 352
281324 352
281536 344
281748 335
281964 319
282180 312
282392 287
282604 255
282816 240
283028 216
283248 184
283460 152
283672 124
283884 92
284096 62
284316 31
284528 7
284740 7
284952 14
285164 19
285384 31
285596 48
285808 63
286020 88
286240 113
286452 135
286664 163
286876 192
287088 220
287308 241
287520 255
287732 287
287944 304
288156 319
288376 335
288588 344
288800 352
289012 355
289224 355
289444 352
289656 344
289868 334
290080 319
290292 304
290512 280
290724 255
290936 227
291148 195
291364 163
291580 127
291792 103
292004 71
292216 39
292432 15
292648 7
292860 7
293072 17
293284 28
293500 39
293712 60
293928 79
294140 103
294352 127
294568 158
294780 184
294992 207
295208 231
295420 255
295636 280
295848 295
296060 313
296272 327
296492 335
296704 344
296916 352
297128 352
297340 348
297560 344
297772 327
297984 316
298196 295
298408 275
298628 252
298840 224
299052 193
299264 163
299476 127
299696 99
299908 67
300120 39
300332 15
300544 7
300764 12
300976 17
301188 30
301400 39
301620 63
301832 79
302044 103
302256 127
302468 159
302688 184
302900 207
303112 231
303324 255
303536 280
303756 295
303968 316
304180 327
304392 344
304604 352
304820 352
305036 353
305248 352
305460 344
305672 335
305888 319
306104 304
306316 284
306528 255
306744 231
306956 199
307168 176
307384 143
307596 112
307812 79
308024 51
308236 24
308448 7
308664 7
308880 15
309092 24
309304 35
309516 56
309728 71
309948 96
310160 124
310372 152
310584 176
310804 199
311016 225
311228 252
311440 271
311652 287
311872 312
312084 319
312296 335
312508 348
312720 352
312940 353
313152 352
313364 348
313576 335
313788 319
314008 312
314220 287
314432 255
314644 240
314856 209
315076 179
315288 152
315500 120
315712 88
315932 56
316144 24
316356 7
316568 7
316780 15
317000 24
317212 35
317424 56
317636 71
317848 96
318064 120
318280 143
318492 172
318704 195
318916 224
319132 248
319348 270
319560 287
319772 305
319984 319
320200 335
320412 344
320628 352
320840 352
321056 352
321268 344
321480 335
321692 319
321908 305
322124 287
322336 255
322548 240
322760 207
322972 184
323192 152
323404 120
323616 88
323828 56
324040 30
324260 7
324472 7
324684 15
324896 24
325108 31
325328 49
325540 71
325752 92
325964 120
326184 143
326396 167
326608 195
326820 224
327032 248
327252 270
327464 287
327676 307
327888 319
328100 335
328316 337
328528 352
328740 352
328960 353
329172 353
329384 352
329596 335
329816 319
330028 312
330240 287
330452 255
330664 240
330884 211
331096 184
331308 152
331520 120
331732 92
331952 57
332164 30
332376 7
332588 7
332800 14
333020 24
333232 31
333444 48
333656 67
333868 92
334088 120
334300 142
334512 167
334724 193
334940 224
335156 248
335368 255
335580 287
335792 304
336008 319
336220 334
336436 344
336648 352
336860 352
337076 352
337288 348
337500 335
337716 319
337928 312
338144 287
338356 255
338568 241
338780 216
338996 184
339212 152
339424 120
339636 88
339848 56
340068 28
340280 7
340492 7
340704 15
340916 24
341136 33
341348 49
341560 67
341772 96
341984 120
342204 143
342416 167
342628 193
342840 224
343052 248
343272 255
343484 287
343696 305
343908 319
344120 334
344336 344
344548 352
344760 352
344972 352
345192 348
345404 335
345616 319
345828 312
346040 287
346260 255
346472 243
346684 216
346896 192
347108 158
347328 126
347540 96
347752 63
347964 35
348176 14
348392 7
348608 14
348820 19
349032 31
349244 48
349460 63
349676 88
349888 112
350100 135
350316 159
350528 192
350740 216
350956 240
351168 255
351384 286
351596 304
351808 319
352020 334
352236 344
352452 352
352664 353
352876 355
353088 352
353300 344
353520 334
353732 319
353944 302
354156 280
354376 255
354588 225
354800 195
355012 167
355224 135
355444 103
355656 71
355868 39
356080 15
356292 7
356512 12
356724 17
356936 28
357148 39
357360 62
357580 81
357792 103
358004 127
358216 158
358428 184
358648 207
358860 231
359072 255
359284 280
359504 295
359716 316
359928 327
360140 335
360352 344
360572 352
360784 352
360996 348
361208 344
361420 327
361636 316
361852 295
362064 271
362276 252
362488 224
362704 192
362920 159
363132 127
363344 99
363556 67
363772 39
363984 15
364200 7
364412 12
364628 17
364840 31
365052 39
365264 62
365480 83
365696 108
365908 127
366120 159
366332 184
366544 211
366764 236
366976 255
367188 284
367400 295
367612 318
367832 327
368044 344
368256 352
368468 353
368680 353
368900 352
369112 344
369324 335
369536 319
369756 304
369968 284
370180 255
370392 231
370604 199
370824 176
371036 143
371248 112
371460 79
371672 49
371892 24
372104 7
372316 7
372528 15
372740 24
372960 35
373172 56
373384 71
373596 96
373808 124
374028 152
374240 176
374452 199
374664 225
374880 252
375096 271
375308 287
375520 312
375732 319
375948 335
376164 344
376376 352
376588 352
376800 352
377016 348
377228 335
377444 319
377656 304
377868 286
378084 255
378296 231
378508 207
378724 176
378936 143
379152 112
379364 79
379576 49
379788 24
380008 7
380220 7
380432 15
380644 24
380856 35
381076 56
381288 71
381500 97
381712 124
381924 152
382144 176
382356 199
382568 225
382780 252
382996 287
383216 312
383428 319
383640 335
383852 344
384064 352
384284 352
384496 352
384708 344
384920 327
385132 319
385348 302
385564 280
385776 255
385988 227
386200 199
386416 167
386632 135
386844 103
387056 71
387272 44
387484 15
387696 7
387912 7
388124 15
388340 28
388552 39
388764 60
388976 79
389192 99
389408 127
389620 156
389832 179
390044 207
390256 231
390476 255
390688 275
390900 295
391112 312
391324 319
391544 335
391756 348
391968 352
392180 352
392400 352
392612 344
392824 334
393036 319
393248 304
393468 284
393680 255
393892 231
394104 207
394316 176
394536 143
394748 113
394960 83
395172 56
395384 28
395604 7
395816 7
396028 15
396240 24
396452 35
396672 51
396884 71
397096 96
397308 120
397528 143
397740 172
397952 199
398164 224
398376 248
398592 271
398808 287
399020 312
399232 319
399444 335
399660 348
399876 352
400088 353
400300 352
400512 352
400728 337
400940 327
401156 312
401368 287
401580 270
401796 241
402008 216
402220 184
402436 152
402652 120
402864 88
403076 60
403288 28
403500 7
403720 7
403932 15
404144 24
404356 31
404568 49
404788 67
405000 94
405212 120
405424 143
405636 167
405856 193
406068 224
406280 243
406492 255
406704 287
406924 304
407136 319
407348 327
407560 344
407780 348
407992 352
408204 352
408416 344
408628 335
408848 319
409060 305
409272 287
409484 255
409696 240
409916 207
410128 184
410340 152
410552 120
410764 88
410984 57
411196 30
411408 7
411620 7
411832 15
412052 24
412264 31
412476 48
412688 67
412904 92
413120 120
413332 143
413544 167
413756 193
413972 224
414184 248
414400 255
414612 287
414824 305
415040 319
415252 335
415464 344
415680 352
415892 353
416108 353
416320 352
416532 344
416744 327
416964 316
417176 295
417388 273
417600 252
417812 224
418032 192
418244 159
418456 127
418668 99
418880 67
419100 39
419312 15
419524 7
419736 7
419948 17
420168 31
420380 39
420592 62
420804 79
421016 103
421236 127
421448 159
421660 184
421872 207
422092 238
422304 255
422516 280
422728 295
422940 316
423160 327
423372 337
423584 348
423796 352
424008 352
424228 348
424440 339
424652 327
424864 316
425076 295
425292 271
425508 248
425720 224
425932 192
426144 159
426360 127
426576 97
426788 63
427000 35
427216 12
427428 7
427640 12
427856 19
428068 30
428284 46
428496 63
428708 88
428920 110
429136 127
429352 159
429564 192
429776 216
429988 238
430200 255
430420 280
430632 300
430844 316
431056 327
431268 339
431488 352
431700 352
431912 352
432124 352
432344 344
432556 327
432768 318
432980 295
433192 280
433412 252
433624 224
433836 195
434048 167
434260 135
434480 103
434692 71
434904 48
435116 19
435328 7
435548 7
435760 15
435972 25
436184 39
436396 56
436616 79
436828 103
437040 127
437252 152
437472 179
