148 135
208 63
272 3
332 0
396 0
456 0
528 48
588 124
652 224
712 319
776 448
836 543
900 639
964 768
1024 807
1088 864
1148 896
1212 880
1272 831
1336 775
1400 704
1460 608
1528 504
1592 385
1652 287
1716 192
1776 120
1840 62
1904 28
1964 15
2028 31
2088 71
2152 135
2212 224
2276 316
2336 412
2400 511
2464 608
2532 704
2592 768
2656 799
2716 830
2780 828
2844 799
2904 768
2968 688
3028 608
3092 511
3152 415
3216 319
3276 240
3340 163
3404 120
3464 71
3528 63
3596 71
3656 112
3720 159
3784 240
3844 318
3908 399
3968 496
4032 575
4092 647
4156 711
4220 768
4280 775
4344 783
4404 768
4468 736
4528 671
4596 591
4660 511
4724 432
4784 352
4848 263
4908 199
4972 152
5032 120
5096 112
5160 112
5220 135
5284 192
5344 248
5408 316
5468 385
5532 480
5600 551
5664 624
5724 671
5788 716
5848 768
5912 768
5976 736
6036 704
6100 639
6160 588
6224 515
6284 448
6348 384
6408 304
6472 248
6536 192
6596 158
6664 142
6728 143
6788 163
6852 199
6916 255
6976 319
7040 384
7100 451
7164 519
7224 583
7288 639
7352 675
7412 704
7476 707
7536 704
7600 671
7668 636
7732 575
7792 513
7856 449
7916 384
7980 319
8040 263
8104 224
8164 192
8228 192
8292 192
8352 192
8416 224
8476 255
8540 319
8600 384
8672 448
8732 510
8796 568
8856 624
8920 639
8980 671
9044 688
9108 671
9168 652
9232 624
9292 575
9356 519
9416 463
9480 399
9540 352
9604 295
9668 255
9732 224
9796 206
9860 199
9920 224
9984 248
10044 280
10108 319
10168 384
10232 448
10296 496
10356 540
10420 582
10480 624
10544 639
10604 647
10668 639
10736 636
10800 608
10860 568
10924 513
10984 480
11048 415
11108 384
11172 318
11236 280
11296 254
11360 240
11420 240
11484 240
11544 255
11608 287
11672 327
11740 384
11800 448
11864 480
11924 524
11988 568
12052 608
12112 624
12176 636
12236 632
12300 624
12360 590
12424 560
12484 513
12548 480
12612 423
12672 384
12736 335
12804 295
12864 271
12928 255
12992 254
13052 255
13116 271
13176 304
13240 335
13300 384
13364 415
13424 463
13488 508
13552 543
13612 575
13676 608
13736 608
13804 608
13868 608
13932 575
13992 543
14056 511
14116 480
14180 448
14240 385
14304 352
14368 319
14428 287
14492 273
14552 271
14616 271
14676 287
14740 316
14808 352
14872 384
14932 415
14996 455
15056 504
15120 527
15180 560
15244 575
15308 583
15368 588
15432 575
15492 568
15556 542
15616 511
15680 480
15744 448
15804 399
15872 384
15936 327
15996 316
