156 255
216 224
280 192
344 156
404 127
468 120
528 112
592 112
652 124
716 135
780 176
840 224
904 254
964 304
1028 368
1096 415
1160 480
1220 526
1284 575
1344 624
1408 664
1468 704
1532 736
1592 768
1656 768
1720 768
1780 736
1844 704
1904 671
1968 639
2028 608
2100 543
2160 504
2224 448
2284 391
2348 352
2408 295
2472 255
2536 224
2596 192
2660 163
2720 156
2784 147
2844 156
2908 159
2968 192
3032 224
3096 254
3164 287
3224 335
3288 384
3348 448
3412 480
3476 526
3536 572
3600 608
3660 639
3724 670
3784 704
3848 704
3912 704
3972 704
4036 704
4096 668
4164 638
4228 608
4292 568
4352 519
4416 480
4476 448
4540 384
4600 352
4664 312
4724 263
4788 240
4852 224
4912 193
4976 192
5036 192
5100 192
5168 199
5232 224
5292 254
5356 286
5416 319
5480 384
5540 399
5604 448
5668 496
5728 526
5792 568
5852 608
5916 624
5976 639
6040 655
6100 668
6164 670
6228 655
6292 639
6356 632
6416 608
6480 574
6540 540
6604 504
6664 455
6728 415
6792 384
6852 352
6916 316
6976 284
7040 255
7100 240
7164 224
7232 224
7296 224
7356 224
7420 240
7480 255
7544 284
7604 316
7668 352
7732 384
7792 415
7856 449
7916 496
7980 519
8040 560
8104 575
8164 608
8236 632
8296 638
8360 639
8420 639
8484 636
8544 624
8608 608
8668 575
8732 543
8796 513
8856 480
8920 448
8980 414
9044 384
9104 352
9168 319
9232 287
9300 270
9360 255
9424 248
9484 248
9548 248
9608 252
9672 255
9736 284
9796 312
9860 327
9920 384
9984 391
10044 432
10108 455
10172 496
10232 519
10300 543
10364 575
10424 591
10488 608
10552 624
10612 624
10676 624
10736 608
10800 591
10860 575
10924 551
10984 526
11048 504
11112 480
11172 448
11236 408
11304 384
11364 352
11428 319
11492 304
11552 287
11616 271
11676 255
11740 255
11800 263
11864 275
11928 287
11988 312
12052 327
12112 352
12176 384
12236 408
12300 448
12368 480
12432 496
12492 515
12556 542
12616 560
12680 575
12740 583
12804 590
12868 591
12928 583
12992 575
13052 572
13116 547
13176 527
13240 510
13304 481
13372 451
13432 432
13496 399
13556 384
13620 352
13684 332
13744 318
13808 304
13868 287
13932 287
13992 287
14056 287
14116 304
14180 316
14244 319
14304 352
14372 384
14436 391
14496 415
14560 448
14624 480
14684 496
14748 512
14808 527
14872 543
14932 568
14996 572
15060 574
15120 574
15184 572
15244 568
15308 543
15368 529
15436 511
15500 496
15564 480
15624 448
15688 419
15748 399
15812 384
15872 384
15936 352
16000 319
