20 448
60 384
104 312
148 254
188 206
232 167
272 142
316 127
356 127
400 135
440 159
492 195
532 248
576 295
616 352
660 415
700 480
744 543
788 608
828 664
872 711
912 768
956 783
996 799
1040 816
1084 816
1124 798
1168 769
1208 768
1252 704
1292 639
1336 575
1376 519
1420 455
1464 396
1512 327
1552 280
1596 240
1636 195
1680 176
1724 158
1764 152
1808 159
1848 192
1892 206
1932 248
1976 287
2020 352
2060 398
2104 455
2144 515
2188 575
2228 636
2272 679
2312 736
2356 768
2400 771
2440 783
2484 792
2532 775
2572 768
2616 736
2660 704
2700 639
2744 583
2784 527
2828 480
2868 415
2912 384
2956 316
2996 263
3040 240
3080 199
3124 192
3164 192
3208 192
3248 192
3292 224
3336 252
3376 287
3420 332
3460 384
3504 448
3552 508
3596 560
3636 608
3680 655
3720 704
3764 736
3804 768
3848 768
3892 768
3932 768
3976 768
4016 719
4060 704
4100 639
4144 608
4184 543
4228 496
4272 448
4312 387
4356 352
4396 295
4440 255
4480 240
4524 224
4572 195
4616 195
4656 224
4700 225
4740 255
4784 287
4828 327
4868 384
4912 448
4952 480
4996 527
5036 575
5080 632
5120 668
5164 704
5208 736
5248 768
5292 768
5332 768
5376 736
5416 707
5460 688
5504 639
5544 608
5592 551
5636 508
5676 451
5720 408
5764 384
5804 319
5848 286
5888 255
5932 240
5972 224
6016 224
6056 224
6100 248
6144 255
6184 287
6228 327
6268 384
6312 415
6352 460
6396 511
6440 560
6480 608
6524 638
6564 670
6608 704
6656 711
6700 736
6740 736
6784 711
6824 704
6868 671
6908 639
6952 608
6992 568
7036 515
7080 480
7120 432
7164 384
7204 352
7248 316
7288 284
7332 255
7376 252
7416 248
7460 248
7500 254
7544 271
7584 295
7628 319
7672 384
7716 408
7760 449
7800 496
7844 540
7884 575
7928 624
7968 639
8012 671
8056 704
8096 704
8140 704
8180 704
8224 704
8264 670
8308 639
8348 608
8392 575
8436 536
8476 496
8520 449
8560 414
8604 384
8644 352
8696 312
8736 286
8780 268
8820 255
8864 255
8904 263
8948 284
8992 312
9032 327
9076 384
9116 399
9160 448
9200 480
9244 515
9284 560
9328 591
9372 624
9412 639
9456 670
9496 679
9540 704
9580 704
9624 671
9668 659
9716 638
9756 608
9800 575
9840 540
9884 504
9928 460
9968 423
10012 385
10052 353
10096 327
10136 312
10180 287
10220 280
10264 271
10308 284
10348 287
10392 312
10432 327
10476 368
10516 387
10560 432
10604 463
10644 504
10688 536
10736 575
10776 608
10820 636
10864 639
10912 668
10956 671
10996 671
11040 664
11080 639
11124 632
11172 608
11216 572
11256 536
11300 504
11340 463
11384 432
11424 391
11468 384
11508 352
11552 319
11596 304
11636 287
11680 287
11720 291
11764 312
11804 319
11848 352
11892 384
11932 396
11976 448
12016 463
12060 504
12100 527
12144 568
12192 608
12236 624
12276 639
12320 647
12360 655
12404 655
12444 647
12488 639
12532 624
12572 608
12616 574
12656 543
12700 511
12740 480
12784 448
12828 414
12868 384
12912 368
12952 335
12996 319
13036 312
13080 312
13120 312
13164 316
13212 319
13256 352
13296 384
13340 391
13380 423
13424 455
13468 496
13508 519
13552 547
13592 575
13636 608
13676 624
13720 636
13764 639
13804 639
13848 639
13888 632
13932 624
13972 608
14016 575
14056 543
14100 515
14144 496
14184 455
14232 423
14276 396
14316 384
14360 352
14404 335
14444 319
14488 319
14528 319
14572 319
14612 335
14656 352
14700 384
14740 391
14784 415
14824 448
14868 480
14908 510
14952 536
14992 568
15036 575
15080 608
15120 624
15164 632
15204 632
15252 632
15296 624
15340 608
15380 591
15424 574
15464 543
15508 519
15548 496
15592 480
15636 448
15676 415
15720 387
15760 384
15804 352
15844 352
15888 335
15928 327
15972 335
16016 352
16056 352
16100 384
16140 391
16184 415
16224 448
16276 480
16316 504
16360 519
16400 543
16444 572
16484 583
16528 608
16572 608
16612 624
16656 624
16696 608
16740 608
16780 583
16824 572
16864 547
16908 526
16952 504
16992 480
17036 449
17076 432
17120 401
17160 384
17204 384
17248 368
17296 352
17336 352
17380 352
17420 352
17464 384
17508 384
17548 391
17592 415
17632 448
17676 463
17716 496
17760 511
17800 536
17844 560
17888 574
17928 583
17972 608
18012 608
18056 608
18096 608
18140 608
18184 583
18224 572
18268 547
18316 527
18356 508
18400 480
18444 455
18484 448
18528 415
18568 391
18612 384
18652 384
18696 368
18736 352
18780 352
18824 368
18864 384
18908 384
18948 391
18992 414
19032 448
19076 451
19120 480
19160 504
19204 519
19244 543
19288 568
19336 575
19380 583
19420 608
19464 608
19504 608
19548 588
19588 575
19632 572
19672 547
19716 527
19760 511
19800 496
19844 480
19884 448
19928 423
19968 408
20012 391
20056 384
20096 384
20140 384
20180 384
20224 384
20264 384
20308 384
20348 396
20400 415
20440 448
20484 451
20524 480
20568 504
20608 513
20652 536
20696 551
20736 572
20780 575
20820 583
20864 583
20904 583
20948 583
20992 575
21032 568
21076 551
21116 536
21160 515
21200 504
21244 480
21284 455
21328 448
21372 415
21420 399
21460 387
21504 384
21544 384
21588 384
21632 384
21672 384
21716 384
21756 396
21804 415
21848 448
21888 448
21932 480
21972 496
22016 510
22056 524
22100 543
22144 560
22184 572
22228 575
22268 575
22312 575
22352 575
22396 574
22440 568
22480 547
22524 536
22564 515
22612 504
22656 480
22696 455
22740 448
22784 423
22824 412
22868 396
22908 384
22952 384
22992 384
23036 384
23080 384
23120 387
23164 399
23204 414
23248 432
23288 448
23332 460
23372 480
23416 504
23460 513
23500 527
23544 543
23584 560
23632 572
23676 574
23720 574
23760 574
23804 572
23844 560
23888 543
23928 536
23972 515
24016 508
24056 480
24100 480
24140 448
24184 448
24224 415
24268 408
24308 396
24352 387
24396 384
24436 384
24480 385
24520 391
24564 399
24604 414
24656 432
24696 448
24740 455
24780 480
24824 496
24864 511
24908 519
24952 540
24992 543
25036 560
25076 568
25120 568
25160 572
25204 568
25244 560
25288 543
25332 536
25372 519
25416 508
25456 496
25500 480
25540 455
25584 448
25628 448
25676 415
25716 408
25760 399
25800 391
25844 391
25888 391
25928 399
25972 403
26012 415
26056 432
26096 448
26140 451
26180 480
26224 496
26268 504
26308 512
26352 527
26392 540
26436 543
26476 551
26520 560
26564 560
26604 560
26648 547
26696 543
26736 531
26780 519
26820 510
26864 496
26908 480
26948 480
26992 448
27032 448
27076 432
27116 415
27160 412
27204 399
27244 399
27288 399
27328 399
27372 412
27412 415
27456 432
27496 448
27540 449
27584 480
27624 480
27668 496
27716 510
27756 519
27800 527
27844 542
27884 543
27928 547
27968 547
28012 547
28052 543
28096 542
28140 527
28180 519
28224 511
28264 504
28308 481
28348 480
28392 455
28432 448
28476 448
28520 419
28560 415
28604 412
28644 408
28688 408
28736 408
28780 414
28820 415
28864 432
28904 448
28948 448
28988 462
29032 480
29076 496
29116 504
29160 512
29200 519
29244 527
29284 540
29328 543
29368 543
29412 543
29456 543
29496 540
29540 527
29580 519
29624 512
29664 504
29708 496
29756 480
29800 463
29840 448
29884 448
29924 448
29968 419
30012 415
30052 415
30096 414
30136 415
30180 415
30220 419
30264 448
30304 448
30348 448
30392 455
30432 480
30476 480
30516 496
30560 508
30600 513
30644 524
30688 527
30728 536
30776 542
30820 542
30860 540
30904 531
30948 527
30988 519
31032 511
31072 504
31116 496
31156 480
31200 480
31240 455
31284 448
31328 448
31368 448
31412 423
31452 415
31496 415
31536 415
31580 415
31624 423
31664 448
31708 448
31748 448
31796 455
31840 480
31884 480
31924 496
31968 504
32008 511
32052 515
32092 519
32136 527
32176 527
32220 536
32264 529
32304 527
32348 519
32388 515
32432 511
32472 504
32516 496
32560 480
32600 480
32644 460
32688 448
32728 448
32772 448
32816 432
32856 419
32900 419
32940 419
32984 419
33024 432
33068 448
33108 448
33152 448
33196 455
33236 480
33280 480
33320 496
33364 504
33404 508
33448 512
33492 519
33532 526
33576 527
33616 527
33664 527
33708 527
33752 527
33792 515
33836 511
33876 508
33920 504
33960 496
34004 480
34044 480
34088 455
34132 448
34172 448
34216 448
34256 448
34300 432
34340 432
34384 432
34428 448
34468 448
34512 448
34552 448
34596 451
34636 463
34684 480
34728 480
34772 496
34812 504
34856 510
34896 513
34940 519
34980 521
35024 524
35068 526
35108 524
35152 519
35192 515
35236 511
35276 508
35320 496
35364 496
35404 480
35448 480
35488 455
35532 449
35572 448
35616 448
35656 448
35708 448
35748 448
35792 448
35832 448
35876 448
35916 448
35960 448
36004 451
36044 463
36088 480
36128 480
36172 496
36212 504
36256 508
36300 511
36340 513
36384 519
36424 519
36468 524
36508 519
36552 519
36592 515
36636 512
36680 508
36720 504
36768 496
36812 480
36852 480
36896 480
36940 455
36980 448
37024 448
37064 448
37108 448
37148 448
37192 448
37236 448
37276 448
37320 448
37360 448
37404 451
37444 455
37488 480
37528 480
37572 481
37616 496
37656 504
37700 508
37740 511
37788 513
37832 515
37876 519
37916 515
37960 515
38000 512
38044 511
38084 508
38128 504
38172 496
38212 481
38256 480
38296 480
38340 460
38380 451
38424 448
38464 448
38508 448
38552 448
38592 448
38636 448
38676 448
38720 448
38760 448
38808 449
38852 455
38896 480
38936 480
38980 480
39020 496
39064 496
39104 504
39148 508
39192 511
39232 512
39276 513
39316 513
39360 513
39400 512
39444 511
39484 508
39528 504
39572 496
39612 496
39656 480
39696 480
39740 480
39780 460
39828 451
39872 448
39916 448
39956 448
40000 448
40040 448
40084 448
40124 448
40168 448
40212 449
40252 455
40296 463
40336 480
40380 480
40420 480
40464 496
40504 504
40548 504
40592 508
40632 510
40676 511
40716 511
40760 511
40800 511
40852 510
40892 508
40936 504
40976 496
41020 496
41060 480
41104 480
41144 480
41188 463
41232 455
41272 451
41316 448
41356 448
41400 448
41440 448
41484 448
41528 448
41568 448
41612 451
41652 455
41696 463
41736 480
41780 480
41820 480
41872 496
41912 496
41956 504
41996 508
42040 508
42080 510
42124 511
42168 511
42208 510
42252 508
42292 508
42336 504
42376 496
42420 496
42464 481
42504 480
42548 480
42588 480
42632 460
42672 455
42716 449
42756 448
42800 448
42844 448
42892 448
42932 448
42976 449
43016 451
43060 455
43104 463
43144 480
43188 480
43228 480
43272 496
43312 496
43356 504
43400 504
43440 508
43484 508
43524 508
43568 508
43608 508
43652 504
43692 504
43736 504
43784 496
43828 496
43868 480
43912 480
43952 480
43996 480
44036 463
44080 455
44124 455
44164 451
44208 448
44248 448
44292 448
44332 449
44376 451
44420 455
44460 455
44504 463
44544 480
44588 480
44628 480
44672 481
44712 496
44756 496
44804 504
44848 504
44888 504
44932 508
44972 508
45016 508
45060 504
45100 504
45144 504
45184 496
45228 496
45268 481
45312 480
45356 480
45396 480
45440 480
45480 455
45524 455
45564 451
45608 449
45648 449
45692 449
45736 449
45776 451
45824 455
45868 459
45908 463
45952 480
45996 480
46036 480
46080 480
46120 496
46164 496
46204 504
46248 504
46292 504
46332 504
46376 508
46416 508
46460 508
46500 504
46544 504
46584 496
46628 496
46672 496
46712 480
46756 480
46796 480
46844 480
46888 463
46932 455
46972 455
47016 451
47056 449
47100 451
47140 451
47184 451
47228 455
47268 455
47312 463
47352 480
47396 480
47436 480
47480 480
47520 481
47564 496
47608 496
47648 504
47692 504
47732 504
47776 504
47816 504
47868 504
47908 504
47952 496
47992 496
48036 496
48076 481
48120 480
48164 480
48204 480
48248 480
48288 463
48332 460
48372 455
48416 455
48456 454
48500 455
48544 451
48584 455
48628 455
48668 462
48712 463
48752 480
48796 480
48840 480
48888 480
48928 515
48972 543
49012 568
49056 574
49100 575
49140 575
49184 575
49224 572
49268 568
49308 560
49352 543
49392 542
49436 536
49480 527
49520 524
49564 519
49604 515
49648 513
49688 512
49732 512
49776 511
49816 511
49860 510
49900 508
49948 508
49992 508
50036 504
50076 508
50120 508
50160 504
50204 504
50244 504
50288 504
50328 504
50372 504
50416 504
50456 504
50500 504
50540 504
50584 496
50624 496
50668 504
50712 496
50752 496
50796 496
50836 496
50880 496
50920 496
50972 496
51012 496
51056 496
51096 496
51140 496
51180 496
51224 496
51264 496
51308 496
51352 496
51392 496
51436 496
51476 496
51520 496
51560 496
51604 496
51648 496
51688 496
51732 496
51772 496
51816 496
51856 496
51900 496
51940 496
51988 496
52032 496
52076 496
52116 496
52160 496
52200 496
52244 496
52284 496
52328 496
52368 496
52412 496
52456 496
52496 496
52540 496
52580 496
52624 496
52664 496
52708 496
52752 496
52792 496
52836 496
52876 496
52920 496
52960 496
53008 496
53052 496
53096 496
53136 496
53180 496
53220 496
53264 496
53304 496
53348 496
53392 481
53432 496
53476 496
53516 496
53560 496
53600 496
53644 496
53684 496
53728 496
53772 496
53812 481
53856 496
53896 481
53940 481
53980 496
54032 481
54072 481
54116 481
54156 496
54200 496
54240 481
54284 481
54328 496
54368 496
54412 481
54456 496
54496 481
54540 481
54580 481
54624 481
54664 496
54708 481
54748 481
54800 481
54840 481
54884 481
54924 481
54968 481
55008 481
55052 481
55096 481
55136 481
55180 481
55220 481
55264 481
55304 481
55348 481
55388 480
55432 481
55476 481
55516 481
55560 481
55600 481
55644 481
55684 481
55728 480
55772 481
55820 481
55860 481
55904 481
55944 481
55988 481
56032 481
56072 496
56116 481
56156 481
56200 481
56240 481
56284 481
56324 481
56368 481
56412 480
56452 481
56496 481
56536 481
56580 481
56620 481
56664 481
56708 481
56748 481
56792 481
56832 481
56880 481
56924 481
56968 481
57008 481
57052 481
57092 480
57136 481
57176 481
57220 481
57260 481
57304 481
57348 481
57388 480
57432 481
57472 481
57516 481
57556 481
57600 481
57644 481
57684 481
57728 481
57768 481
57812 481
57852 481
57904 481
57944 481
57988 496
58028 481
58072 481
58112 481
58156 481
58196 481
58240 481
58284 481
58324 481
58368 481
58408 481
58452 481
58492 481
58536 481
58580 481
58620 481
58664 481
58704 481
58748 481
58788 481
58832 496
58872 481
58920 481
58964 481
59008 496
59048 481
59092 481
59132 481
59176 481
59216 481
59260 480
59300 481
59344 481
59388 481
59428 481
59472 481
59512 481
59556 481
59596 481
59640 481
59684 481
59724 481
59768 480
59808 481
59852 496
59892 481
59940 481
59984 481
60028 481
60068 481
60112 481
60152 481
60196 481
60236 481
60280 481
60324 481
60364 496
60408 481
60448 481
60492 481
60532 481
60576 481
60616 496
60660 481
60704 481
60744 481
60788 481
60828 481
60872 480
60912 481
60964 481
61004 481
61048 481
61088 481
61132 481
61172 481
61216 481
61260 481
61300 481
61344 481
61384 481
61428 481
61468 481
61512 481
61552 481
61596 496
61640 481
61680 481
61724 481
61764 481
61808 481
61848 481
61892 481
61936 496
61984 481
62024 481
62068 481
62108 481
62152 481
62196 481
62236 481
62280 481
62320 481
62364 481
62404 481
62448 481
62488 481
62532 481
62576 481
62616 481
62660 480
62700 481
62744 481
62784 481
62828 481
62872 481
62912 481
62956 481
63004 480
63044 481
63088 481
63132 481
63172 481
63216 481
63256 481
63300 481
63340 481
63384 481
63424 481
63468 481
63512 481
63552 481
63596 481
63636 481
63680 481
63720 481
63764 481
63808 481
63848 481
63892 481
63932 481
63976 481
64024 481
64068 481
64108 481
64152 481
64192 481
64236 481
64276 481
64320 481
64360 481
64404 481
64448 481
64488 481
64532 481
64572 481
64616 481
64656 481
64700 481
64744 481
64784 481
64828 481
64868 481
64912 481
64952 481
64996 481
65044 481
65088 481
65128 481
65172 481
65212 481
65256 481
65296 481
65336 481
65380 481
65420 481
65464 481
65508 481
65548 481
65592 481
65632 481
65676 481
65716 481
65760 481
65804 481
65844 481
65888 481
65928 496
65972 481
66012 481
66056 481
66096 481
66140 481
66184 481
66232 481
66272 481
66316 481
66356 496
66400 481
66444 481
66484 481
66528 481
66568 481
66612 481
66652 481
66696 480
66736 481
66780 481
66824 481
66864 481
66908 481
66948 481
66992 481
67032 481
67076 481
67120 481
67160 481
67204 481
67252 481
67292 481
67336 481
67380 481
67420 481
67464 481
67504 481
67548 480
67588 481
67632 481
67672 481
67716 481
67760 481
67800 481
67844 481
67884 481
67928 481
67968 481
68012 480
68056 481
68096 481
68140 481
68180 481
68224 480
68272 481
68316 481
68356 481
68400 481
68440 481
68484 481
68524 481
68568 481
68608 481
68652 481
68696 481
68736 481
68780 481
68820 481
68864 481
68904 481
68948 481
68992 481
69032 481
69076 481
69116 481
69160 481
69200 481
69244 481
69292 496
69336 481
69376 481
69420 481
69460 481
69504 481
69544 481
69588 481
69632 481
69672 496
69716 481
69756 481
69800 481
69840 481
69884 480
69928 481
69968 481
70012 481
70052 481
70096 481
70136 481
70180 481
70220 481
70264 481
70308 481
70356 481
70396 481
70440 496
70480 481
70524 481
70568 481
70608 496
70652 481
70692 481
70736 481
70776 481
70820 481
70864 481
70904 481
70948 496
70988 481
71032 481
71072 481
71116 481
71156 481
71200 481
71244 481
71284 481
71328 481
71376 481
71416 481
71460 481
71504 481
71544 496
71588 481
71628 481
71672 481
71712 481
71756 481
71800 481
71840 481
71884 481
71924 481
71968 481
72008 481
72052 481
72092 481
72136 481
72180 481
72220 481
72264 481
72304 481
72348 481
72392 481
72436 481
72480 481
72520 481
72564 481
72604 481
72648 481
72688 481
72732 481
72772 480
72816 481
72860 481
72900 481
72944 481
72984 481
73028 481
73068 481
73112 481
73156 481
73196 481
73240 481
73280 481
73324 481
73364 481
73412 481
73456 481
73500 481
73540 481
73584 481
73624 481
73668 481
73708 481
73752 481
73796 481
73836 481
73880 481
73920 481
73964 481
74004 481
74048 481
74092 481
74132 481
74176 481
74216 481
74260 481
74300 481
74344 481
74384 481
74436 481
74476 481
74520 481
74560 481
74604 481
74644 481
74688 480
74732 496
74772 481
74816 481
74856 481
74900 480
74940 481
74984 481
75028 481
75068 481
75112 481
75152 481
75196 480
75236 481
75280 481
75320 481
75364 480
75408 481
75456 481
75496 481
75540 481
75580 481
75624 481
75668 481
75708 481
75752 481
75792 481
75836 481
75876 481
75920 481
75964 481
76004 481
76048 481
76088 481
76132 481
76172 481
76216 481
76256 481
76300 481
76340 481
76384 481
76424 481
76468 481
76512 481
76552 481
76600 481
76644 481
76684 481
76728 481
76768 481
76812 481
76856 481
76896 481
76940 481
76980 481
77024 481
77064 481
77108 481
77148 481
77192 481
77236 481
77276 481
77320 481
77360 481
77404 480
77444 481
77488 481
77532 481
77572 481
77620 481
77664 481
77704 481
77748 481
77788 481
77832 481
77876 481
77916 481
77960 481
78000 481
78044 481
78084 481
78128 481
78172 481
78212 481
78256 481
78296 496
78340 481
78380 481
78424 481
78464 481
78508 481
78552 481
78592 481
78640 481
78684 481
78724 481
78768 481
78812 481
78852 481
78896 481
78936 481
78980 481
79020 481
79064 481
79108 481
79148 481
79192 481
79232 481
79276 481
79316 481
79360 481
79400 481
79444 481
79488 481
79528 480
79572 481
79612 481
79656 481
79704 481
79748 481
79788 481
79832 481
79872 481
79916 481
79956 481
80000 481
80044 481
80084 481
80128 481
80168 481
80212 481
80252 481
80296 481
80336 481
80380 481
80424 481
80464 481
80508 480
80548 481
80592 481
80632 481
80676 480
80720 496
80764 481
80808 481
80848 481
80892 481
80932 481
80976 481
81016 481
81060 481
81104 481
81144 481
81188 481
81228 481
81272 481
81312 481
81356 481
81396 481
81440 481
81484 481
81524 481
81568 481
81608 481
81652 481
81692 481
81744 481
81784 481
81828 481
81868 481
81912 481
81952 481
81996 481
82040 481
82080 481
82124 480
82164 481
82208 481
82248 480
82292 481
82332 481
82376 481
82420 481
82460 481
82504 481
82544 481
82588 481
82628 481
82672 481
82716 481
82764 481
82804 481
82848 481
82888 481
82932 481
82976 481
83016 481
83060 481
83100 481
83144 481
83184 481
83228 481
83268 481
83312 481
83356 481
83396 481
83440 481
83480 481
83524 496
83564 481
83608 481
83652 481
83692 481
83736 481
83784 481
83824 481
83868 496
83912 481
83952 481
83996 481
84036 496
84080 481
84120 481
84164 481
84204 481
84248 481
84292 481
84332 481
84376 481
84416 480
84460 481
84500 481
84544 481
84588 481
84628 481
84672 481
84712 481
84756 480
84804 481
84848 481
84888 481
84932 481
84972 481
85016 481
85056 481
85100 481
85140 481
85184 481
85228 481
85268 481
85312 481
85352 481
85396 481
85436 481
85480 481
85524 481
85564 481
85608 481
85648 481
85692 481
85732 481
85776 481
85824 481
85868 481
85908 481
85952 481
85992 496
86036 481
86076 481
86120 481
86164 481
86204 481
86248 481
86288 481
86332 481
86372 481
86416 481
86460 496
86500 481
86544 481
86584 481
86628 481
86668 481
86712 481
86752 481
86796 481
86844 481
86888 481
86928 481
86972 481
87012 481
87056 481
