24 1023
96 284
156 224
220 159
280 127
344 120
404 127
468 192
532 240
592 318
656 408
716 504
780 608
840 679
904 768
968 796
1028 824
1092 824
1160 783
1220 736
1284 655
1348 574
1408 480
1472 385
1532 312
1596 240
1656 192
1720 156
1780 152
1844 167
1908 224
1968 271
2032 352
2092 448
2160 540
2224 624
2288 704
2348 768
2412 782
2472 796
2536 780
2596 768
2660 704
2724 624
2784 536
2848 448
2908 384
2972 287
3032 240
3096 192
3156 176
3228 192
3288 224
3352 255
3412 319
3476 399
3536 480
3600 568
3664 638
3724 704
3788 768
3848 768
3912 768
3972 768
4036 707
4100 652
4160 575
4228 504
4292 415
4352 352
4416 284
4480 240
4540 199
4604 193
4664 224
4728 248
4788 287
4852 368
4912 448
4976 508
5040 575
5100 639
5164 704
5232 736
5292 768
5356 768
5420 711
5480 671
5544 609
5604 543
5668 480
5728 398
5792 332
5856 280
5916 248
5980 224
6040 224
6104 240
6164 271
6228 327
6296 391
6360 463
6420 531
6484 608
6544 654
6608 704
6668 736
6732 736
6796 711
6856 704
6920 639
6980 575
7044 515
7104 448
7168 384
7232 319
7300 280
7360 252
7424 240
7484 248
7548 263
7612 312
7672 384
7736 419
7796 496
7860 547
7920 608
7984 654
8044 704
8108 704
8172 704
8232 704
8300 647
8364 608
8424 543
8488 496
8552 423
8612 384
8676 319
8736 280
8800 255
8860 255
8924 270
8988 295
9048 352
9112 387
9172 448
9236 510
9296 572
9368 624
9428 655
9492 688
9552 704
9616 688
9676 655
9740 632
9800 575
9864 519
9928 480
9988 412
10052 368
10112 319
10176 287
10236 271
10300 280
10368 295
10432 319
10492 384
10556 415
10616 480
10680 527
10744 575
10804 624
10868 647
10928 670
10992 671
11052 655
11116 636
11176 608
11240 547
11304 504
11372 448
11432 387
11496 352
11556 318
11620 291
11684 287
11744 295
11808 319
11868 352
11932 391
11992 448
12056 496
12120 543
12180 583
12244 624
12304 639
12368 655
12432 654
12496 639
12560 608
12620 574
12684 526
12744 480
12808 448
12868 384
12932 352
12992 319
13056 312
13120 312
13180 318
13244 352
13304 384
13368 415
13436 463
13500 511
13560 560
13624 591
13684 624
13748 639
13808 639
13872 638
13932 624
13996 583
14060 543
14120 508
14184 460
14244 415
14308 384
14368 352
14440 319
14500 318
14564 319
14624 335
14688 384
14748 396
14812 448
14876 480
14936 519
15000 568
15060 608
15124 624
15184 636
15248 636
15308 624
15372 608
15436 572
15504 526
15564 481
15628 448
15688 399
15752 384
15816 352
15876 332
15940 327
16000 352
16064 352
16124 384
16188 415
16248 451
16312 496
16372 529
16436 572
16500 591
16560 609
16624 624
16684 624
16748 608
16808 575
16872 547
16932 512
16996 480
17064 448
17128 399
17188 384
17252 352
17312 352
17376 352
17440 352
17500 384
17564 396
17624 448
17688 480
17748 508
17812 540
17876 572
17936 590
18000 608
18060 608
18128 608
18192 583
18256 568
18316 527
18380 504
18440 462
18504 432
18564 398
18628 384
18688 368
18752 352
18816 352
18876 384
18940 384
19000 415
19064 448
19132 480
19196 513
19256 543
19320 574
19380 583
19444 608
19504 608
19568 583
19632 572
19692 543
19756 513
19816 480
19880 448
19940 415
20004 391
20064 384
20136 384
20196 384
20260 384
20320 384
20384 403
20444 448
20508 462
20572 496
20632 521
20696 547
20756 574
20820 583
20880 588
20944 583
21008 574
21068 560
21132 527
21200 504
21260 480
21324 448
21388 414
21448 391
21512 384
21572 384
21636 384
21696 384
21760 398
21820 415
21884 448
21948 480
22008 508
22072 527
22132 560
22200 574
22264 575
22328 588
22388 591
22452 583
22512 575
22576 568
22636 543
22700 536
22764 527
22824 519
22888 515
22948 512
23012 511
23072 510
23136 510
23204 508
23268 508
23328 508
23392 504
23452 504
23516 504
23576 504
23640 504
23704 504
23764 504
23828 504
23888 504
23952 496
24012 496
24076 496
24140 496
24200 496
24268 496
24332 496
24392 496
24456 496
24520 496
24580 496
24644 496
24704 496
24768 496
24828 496
24892 496
24952 496
25016 496
25080 496
25140 496
25204 496
25272 496
25332 496
25396 496
25460 496
25520 496
25584 496
25644 496
25708 496
25768 496
25832 496
25896 496
25956 496
26020 496
26080 496
26144 496
26204 496
26272 496
26336 496
26400 496
26460 496
26524 496
26584 496
26648 496
26708 496
26772 496
26836 496
26896 481
26960 496
27020 481
27084 481
27144 481
27208 481
27272 481
27340 481
27400 481
27464 481
27524 481
27588 481
27652 481
27712 481
27776 481
27836 481
27900 481
27960 481
28024 496
28084 481
28148 481
28212 481
28272 481
28340 481
28404 481
28464 481
28528 481
28592 481
28652 481
28716 481
28776 496
28840 481
28900 481
28964 481
29028 481
29088 496
29152 481
29212 481
29276 481
29336 481
29408 481
29468 481
29532 481
29592 481
29656 481
29716 481
29780 481
29840 481
29904 481
29968 481
30028 481
30092 481
30152 481
30216 481
30276 481
30340 481
30408 481
30472 496
30532 496
30596 481
30656 481
30720 481
30784 481
30844 481
30908 481
30968 481
31032 481
31092 481
31156 481
31216 496
31280 481
31344 481
31412 481
31472 481
31536 481
31596 481
31660 481
31724 481
31784 481
31848 481
31908 481
31972 481
32032 481
32100 481
32160 481
32224 481
32284 481
32348 481
32412 496
32472 481
32536 481
32596 481
32660 481
32720 481
32784 481
32852 481
32916 481
32976 481
33040 481
33100 481
33164 481
33224 481
33288 480
33352 481
33412 481
33476 480
33536 481
33600 481
33660 481
33724 481
33788 481
33848 481
33916 481
33980 481
34040 481
34104 481
34168 481
34228 481
34292 481
34352 481
34416 481
34476 481
34540 481
34600 481
34664 481
34728 481
34788 481
34852 481
34920 481
34980 481
35044 481
35108 481
35168 481
35232 481
35292 481
35356 481
35416 481
35480 481
35544 481
35604 481
35668 481
35728 481
35792 481
35852 481
35920 481
35984 481
36048 481
36108 481
36172 481
36232 481
36296 481
36356 481
36420 481
36484 481
36544 481
36608 481
36668 496
36732 481
36792 481
36856 481
36920 481
36988 481
37048 481
37112 481
37172 481
37236 481
37300 481
37360 481
37424 481
37484 481
37548 481
37608 481
37672 481
37732 481
37796 496
37860 480
37920 481
37988 481
38052 481
38112 481
38176 481
38240 481
38300 481
38364 481
38424 481
38488 481
38548 481
38612 481
38676 481
38736 496
38800 481
38860 481
38924 481
38984 480
39056 481
39116 480
39180 481
39240 481
39304 481
39364 481
39428 481
39488 480
39552 481
39616 481
39676 481
39740 481
39800 481
39864 481
39924 481
39988 481
40056 481
40120 481
40180 481
40244 481
40304 481
40368 481
40432 481
40492 481
40556 481
40616 481
40680 481
40740 481
40804 481
40864 481
40928 481
40992 481
41060 480
41120 481
41184 481
41244 481
41308 481
41372 481
41432 481
41496 481
41556 480
41620 481
41680 481
41744 481
41808 481
41868 481
41932 481
41992 481
42056 496
42124 481
42188 481
42248 481
42312 481
42372 481
42436 481
42496 481
42560 481
42620 481
42684 481
42748 481
42808 481
42872 481
42932 481
42996 481
43056 481
43128 481
43188 481
43252 481
43312 481
43376 481
43436 481
43500 481
43564 481
43624 481
43688 481
43748 481
43812 481
43872 481
43936 496
43996 481
44060 481
44128 448
44192 352
44252 255
44316 192
44376 143
44440 124
44504 127
44564 159
44628 224
44688 287
44752 384
44812 480
44876 572
44940 655
45000 736
45064 783
45124 824
45192 824
45256 798
45320 768
45380 688
45444 608
45504 511
45568 415
45628 327
45692 255
45752 195
45816 159
45880 145
45940 159
46004 195
46064 255
46128 327
46196 415
46260 511
46320 608
46384 671
46444 992
46508 771
46568 792
46632 783
46696 768
46756 705
46820 639
46880 568
46944 480
47004 391
47068 318
47128 254
47200 199
47260 192
47324 192
47384 195
47448 248
47508 304
47572 384
47636 451
47696 536
47760 609
47820 671
47884 736
47944 768
48008 768
48072 768
48136 707
48196 655
48260 585
48320 512
48388 432
48452 352
48512 287
48576 248
48640 224
48700 199
48764 224
48824 248
48888 287
48948 352
49012 423
49072 504
49136 574
49200 638
49260 704
49324 736
49384 768
49452 768
49516 711
49580 671
49640 624
49704 543
49764 480
49828 408
49888 352
49952 287
50012 252
50076 224
50140 224
50200 240
50264 271
50324 319
50388 384
50456 455
50520 527
50580 591
50644 639
50704 704
50768 711
50828 736
50892 711
50956 704
51016 639
51080 583
51140 519
51204 451
51264 387
51328 334
51388 287
51460 255
51520 248
51584 252
51644 270
51708 312
51768 368
51832 415
51896 480
51956 543
52020 608
52080 639
52144 688
52204 704
52268 704
52332 704
52392 655
52456 608
52524 551
52584 496
52648 448
52712 384
52772 319
52836 287
52896 255
52960 255
53020 268
53084 291
53144 334
53208 384
53272 448
53332 504
53396 560
53456 608
53524 647
53588 671
53652 704
53712 688
53776 659
53836 632
53900 575
53960 527
54024 480
54088 415
54148 384
54212 319
54272 287
54336 275
54396 271
54460 287
54528 319
54592 384
54652 415
54716 480
54776 519
54840 575
54900 624
54964 639
55028 670
55088 671
55152 659
55212 639
55276 608
55336 560
55400 508
55464 449
55524 399
55588 353
55652 319
55716 304
55776 287
55840 291
55900 316
55964 352
56024 384
56088 448
56148 481
56212 531
56276 575
56336 624
56400 639
56460 655
56524 655
56592 639
56656 624
56716 575
56780 536
56840 496
56904 448
56964 391
57028 352
57088 319
57152 312
57216 312
57276 316
57340 335
57400 384
57464 408
57524 449
57596 508
57656 543
57720 583
57780 624
57844 638
57904 639
57968 639
58032 624
58092 608
58156 560
58216 513
58280 480
58340 432
58404 384
58464 352
58528 327
58592 319
58660 319
58720 332
58784 368
58844 387
58908 432
58972 480
59032 512
59096 551
59156 583
59220 609
59280 632
59344 632
59408 624
59468 608
59532 575
59592 540
59660 496
59724 451
59788 414
59848 384
59912 352
59972 335
60036 327
60096 335
60160 352
60220 384
60284 408
60348 448
60408 496
60472 519
60532 560
60596 583
60664 608
60728 624
60788 624
60852 608
60912 575
60976 550
61036 515
61100 480
61164 448
61224 408
61288 384
61348 353
61412 352
61472 352
61536 352
61596 384
61660 391
61728 448
61792 480
61852 504
61916 536
61976 568
62040 583
62104 608
62164 608
62228 608
62288 583
62352 568
62412 536
62476 504
62540 480
62600 448
62664 399
62732 384
62792 384
62856 352
62920 368
62980 384
63044 385
63104 415
63168 448
63228 480
63292 512
63352 543
63416 572
63480 583
63540 608
63604 608
63664 583
63732 572
63796 543
63860 513
63920 481
63984 449
64044 419
64108 396
64172 384
64232 384
64296 384
64356 384
64420 384
64484 399
64544 423
64608 451
64668 496
64732 513
64792 543
64860 572
64924 575
64988 583
65048 583
65112 575
65172 560
65236 536
65296 510
65360 480
65424 448
65484 419
65548 399
65608 384
65672 384
65732 384
65796 384
65856 391
65928 415
65988 448
66052 480
66112 504
66176 524
66236 543
66300 568
66364 575
66424 575
66488 591
66548 585
66612 575
66672 572
66736 547
66796 542
66860 527
66928 519
66992 515
67052 512
67116 511
67176 511
67240 508
67304 508
67364 508
67428 508
67488 504
67552 504
67612 504
67676 504
67740 504
67800 504
67864 504
67932 504
67992 496
68056 496
68120 496
68180 496
68244 496
68304 496
68368 496
68428 496
68492 496
68552 496
68616 496
68680 496
68740 496
68804 496
68864 496
68928 496
68996 496
69060 496
69120 496
69184 496
69244 496
69308 496
69368 496
69432 496
69496 496
69556 496
69620 496
69680 496
69744 496
69804 496
69868 496
69928 496
70000 496
70060 496
70124 496
70184 496
70248 496
70308 496
70372 496
70436 496
70496 496
70560 481
70620 496
70684 496
70744 496
70808 496
70868 496
70932 496
71000 496
71064 496
71124 496
71188 481
71248 496
71312 496
71376 496
71436 496
71500 496
71560 496
71624 496
71684 496
71748 481
71812 496
71872 496
71936 496
71996 496
72064 481
72128 496
72192 496
72252 496
72316 481
72376 481
72440 481
72500 481
72564 481
72624 481
72688 481
72752 481
72812 481
72876 481
72936 481
73000 481
73068 481
73132 481
73192 481
73256 481
73316 481
73380 481
73440 481
73504 481
73568 481
73628 481
73692 481
73752 481
73816 481
73876 481
73940 481
74000 481
74072 481
74132 481
74196 481
74256 481
74320 481
74380 481
74444 481
74508 481
74568 481
74632 481
74692 481
74756 481
74816 481
74880 481
74944 481
75004 481
75068 481
75136 481
75196 481
75260 481
75324 481
75384 481
75448 481
75508 481
75572 481
75632 481
75696 481
75756 481
75820 481
75884 481
75944 481
76008 481
76068 481
76136 481
76200 481
76264 481
76324 480
76388 481
76448 481
76512 481
76572 481
76636 481
76700 481
76760 480
76824 481
76884 481
76948 481
77008 481
77072 481
77132 481
77204 481
77264 481
77328 481
77388 480
77452 481
77512 481
77576 481
77640 481
77700 481
77764 481
77824 481
77888 481
77948 481
78012 481
78076 481
78136 481
78204 481
78268 481
78328 481
78392 481
78456 481
78516 481
78580 481
78640 481
78704 481
78764 481
78828 481
78888 481
78952 481
79016 481
79076 481
79140 481
79208 481
79268 481
79332 481
79396 481
79456 481
79520 481
79580 480
79644 481
79704 481
79768 481
79832 481
79892 481
79956 481
80016 480
80080 481
80140 481
80200 481
80264 481
80324 481
80388 481
80452 480
80512 480
80576 481
80636 481
80700 481
80768 481
80832 481
80892 496
80956 481
81016 481
81080 481
81140 481
81204 481
81268 481
81328 481
81392 481
81452 481
81516 496
81576 481
81640 481
81700 481
81772 481
81832 481
81896 481
81956 481
82020 481
82080 481
82144 481
82208 481
82268 481
82332 481
82392 481
82456 481
82516 481
82580 481
82644 481
82704 481
82768 481
82836 481
82896 481
82960 481
83024 481
83084 481
83148 481
83208 481
83272 480
83332 481
83396 481
83456 481
83520 481
83584 496
83644 481
83708 481
83768 481
83836 481
83900 481
83964 481
84024 481
84088 481
84148 481
84212 481
84272 481
84336 481
84400 481
84460 481
84524 481
84584 481
84648 481
84708 481
84772 481
84840 481
84904 481
84964 481
85028 496
85088 481
85152 481
85212 481
85276 481
85340 481
85400 481
85464 481
85524 481
85588 496
85648 481
85712 481
85776 481
85836 481
85904 496
85968 481
86028 481
86092 481
86156 481
86216 481
86280 481
86340 481
86404 481
86464 496
86528 481
86588 481
86652 481
86716 481
86776 496
86840 481
86908 481
86968 496
87032 481
87096 496
87156 481
87220 481
87280 481
87344 481
87404 481
87468 481
87532 481
87592 481
87656 481
87716 481
87780 481
87840 481
87908 481
87972 481
88036 481
88096 481
88160 481
88220 481
88284 408
88344 316
88408 240
88472 176
88532 127
88596 126
88656 135
88720 192
88780 248
88844 319
88908 415
88976 519
89036 609
89100 704
89160 768
89224 799
89288 824
89348 807
89412 775
89472 736
89536 639
89596 568
89660 480
89720 384
89784 304
89848 240
89908 192
89976 156
90040 156
90100 192
90164 225
90228 287
90288 384
90352 455
90412 543
90476 632
90536 704
90600 768
90664 780
90724 792
90788 771
90848 768
90912 679
90980 608
91044 515
91104 448
91168 352
91228 284
91292 224
91352 192
91416 192
91476 192
91540 224
91604 255
91664 327
91728 408
91788 496
91852 572
91912 639
91976 704
92044 768
92108 768
92168 768
92232 768
92292 704
92356 638
92420 568
92480 496
92544 412
92604 352
92668 280
92728 240
92792 207
92852 199
92916 224
92980 254
93048 316
93108 384
93172 448
93232 519
93296 608
93360 655
93420 704
93484 736
93544 768
93608 768
93668 704
93732 655
93796 608
93856 527
93920 455
93980 387
94048 319
94112 271
94176 240
94236 224
94300 225
94360 252
94424 287
94484 352
94548 408
94608 480
94672 543
94736 608
94796 655
94860 704
94920 719
94984 736
95044 705
95116 671
95176 624
95240 568
95300 504
95364 448
95424 384
95488 318
95552 271
95612 252
95676 248
95736 254
95800 280
95860 319
95924 384
95984 448
96048 504
96116 568
96180 624
96244 655
96304 704
96368 704
96428 704
96492 679
96552 639
96624 591
96684 536
96748 480
96808 415
96872 368
96932 316
96996 284
97056 255
97120 255
97184 275
97244 312
97308 352
97368 399
97432 455
97492 515
97556 574
97624 632
97688 655
97748 679
97812 704
97872 671
97936 647
97996 609
98060 568
98124 511
98184 451
98248 399
98308 352
98372 318
98432 287
98496 280
98560 284
98620 304
98684 335
98748 384
98812 448
98872 480
98936 536
98996 575
99060 632
99120 647
99184 668
99244 670
99308 654
99372 632
99432 590
99496 543
99556 496
99620 448
99688 385
99752 352
99812 318
99876 304
99936 287
100000 312
100060 319
100124 368
100184 399
100248 448
100312 504
100372 543
100436 590
100496 624
100560 639
100620 655
100692 647
100752 636
100816 608
100876 568
100940 515
101000 480
101064 419
101128 384
101188 352
101252 319
101312 312
101376 312
101436 319
101500 352
101560 384
101624 419
101688 480
101756 515
101816 568
101880 608
101940 632
102004 639
102068 639
102128 636
102192 624
102252 575
102316 543
102376 504
102440 451
102504 414
102564 384
102628 352
102688 319
102756 319
102820 319
102884 352
102944 384
103008 399
103068 448
103132 496
103192 527
103256 572
103316 608
103380 624
103444 632
103504 632
103568 624
103628 591
103692 568
103760 519
103824 480
103884 448
103948 399
104008 384
104072 352
104132 335
104196 327
104260 352
104320 384
104384 385
104444 419
104508 460
104568 504
104632 540
104692 574
104756 608
104824 624
104888 624
104948 624
105012 608
105072 574
105136 542
105200 508
105260 480
105324 432
105384 391
105448 384
105508 352
105572 352
105632 352
105696 352
105760 384
105828 408
105888 448
105952 480
106012 512
106076 543
106140 575
106200 608
106264 608
106324 608
106388 608
106448 575
106512 560
106576 526
106636 496
106700 455
106760 423
106828 387
106892 384
106956 353
107016 352
107080 368
107140 384
107204 391
107264 419
107328 451
107388 496
107452 519
107516 547
107576 575
107640 591
107700 608
107764 608
107824 583
107896 572
107956 542
108020 510
108080 480
108144 448
108204 415
108268 391
108332 384
108392 384
108456 384
108516 384
108580 384
108640 408
108704 448
108764 480
108828 504
108896 527
108960 560
109020 575
109084 583
109144 590
109208 583
109272 574
109332 551
109396 527
109456 504
109520 480
109580 448
109644 412
109708 387
109768 384
109832 384
109900 384
109960 384
110024 399
110088 419
110148 448
110212 480
110272 510
110336 536
110396 560
110460 574
110520 575
110584 591
110648 591
110708 583
110772 575
110832 568
110896 543
110964 536
111028 524
111088 519
111152 513
111212 512
111276 511
111336 510
111400 508
111464 508
111524 508
111588 508
111648 504
111712 504
111772 504
111836 504
111896 504
111968 504
112028 504
112092 496
112152 504
112216 496
112280 496
112340 496
112404 496
112464 496
112528 496
112592 496
112652 496
112716 496
112776 496
112840 496
112900 496
112968 496
113032 496
113096 496
113156 496
113220 496
113280 496
113344 496
113404 496
113468 496
113532 496
113592 496
113656 496
113716 496
113780 496
113840 496
113904 496
113972 496
114036 496
114096 496
114160 496
114220 496
114284 496
114344 496
114408 496
114472 496
114532 496
114596 496
114656 496
114720 496
114780 496
114844 496
114904 496
114976 481
115036 496
115100 496
115160 496
115224 496
115284 496
115348 496
115412 496
115472 496
115536 496
115596 496
115660 496
115720 481
115784 496
115848 481
115908 496
115972 496
116040 496
116100 481
116164 481
116228 496
116288 481
116352 496
116412 481
116476 481
116536 481
116600 496
116660 481
116724 481
116788 481
116848 481
116912 481
116972 496
117040 481
117104 481
117168 481
117228 481
117292 481
117352 481
117416 480
117476 481
117540 481
117604 481
117664 481
117728 481
117788 481
117852 481
117912 481
117976 481
118036 481
118108 481
118168 481
118232 481
118292 481
118356 481
118416 481
118480 481
118544 481
118604 481
118668 481
118728 481
118792 481
118852 481
118916 481
118980 481
119040 481
119108 481
119172 481
119232 481
119296 481
119360 481
119420 481
119484 481
119544 481
119608 481
119668 481
119732 481
119792 481
119856 481
119920 481
119980 481
120044 481
120112 481
120172 481
120236 481
120300 481
120360 481
120424 481
120484 481
120548 481
120608 496
120672 481
120736 481
120796 481
120860 481
120920 481
120984 481
121044 481
121108 481
121176 481
121240 481
121300 481
121364 481
121424 481
121488 481
121548 481
121612 481
121676 481
121736 481
121800 481
121860 481
121924 481
121984 480
122048 481
122112 481
122180 481
122240 481
122304 481
122364 496
122428 481
122492 481
122552 481
122616 481
122676 481
122740 481
122800 481
122864 481
122924 480
122988 481
123052 481
123112 481
123180 481
123244 481
123304 481
123368 480
123432 481
123492 481
123556 481
123616 481
123680 481
123740 481
123804 481
123868 481
123928 481
123992 481
124052 481
124116 481
124176 481
124248 481
124308 481
124372 481
124432 481
124496 481
124556 481
124620 481
124680 481
124744 481
124808 481
124868 481
124932 481
124992 481
125056 481
125116 481
125180 481
125248 481
125312 481
125372 481
125436 481
125496 481
125560 481
125624 481
125684 481
125748 481
125808 480
125872 481
125932 480
125996 481
126056 481
126120 480
126184 481
126252 481
126312 481
126376 481
126436 481
126500 481
126564 481
126624 481
126688 481
126748 496
126812 480
126872 481
126936 481
127000 481
127060 480
127124 481
127184 481
127248 481
127312 481
127376 481
127440 481
127500 481
127564 481
127624 481
127688 481
127748 481
127812 481
127872 481
127936 481
128000 481
128060 481
128124 481
128184 481
128248 481
