20 432
52 384
84 327
116 286
148 248
180 207
212 192
244 156
276 135
308 126
340 124
372 127
408 135
440 158
472 192
504 224
536 252
568 287
600 327
632 384
664 432
696 480
728 527
760 575
800 636
832 671
864 707
896 768
928 769
960 796
992 807
1024 824
1056 824
1088 816
1120 799
1156 783
1188 768
1220 736
1252 704
1284 647
1316 608
1348 568
1380 513
1412 480
1444 415
1476 384
1508 327
1540 287
1572 254
1604 224
1636 192
1672 192
1704 159
1736 152
1768 152
1800 156
1836 167
1868 192
1900 224
1932 248
1964 280
1996 318
2028 368
2060 399
2092 448
2124 496
2160 542
2192 583
2224 632
2256 668
2288 704
2320 736
2352 768
2384 771
2416 783
2448 796
2480 796
2512 783
2544 771
2576 768
2608 736
2640 704
2676 670
2708 636
2740 590
2772 543
2804 508
2840 448
2872 408
2908 384
2940 319
2972 287
3004 255
3036 240
3068 207
3100 192
3132 192
3164 192
3196 192
3228 192
3260 195
3292 224
3324 248
3356 271
3388 304
3424 352
3456 384
3488 415
3520 463
3552 510
3584 543
3616 583
3648 632
3680 655
3712 704
3744 711
3776 768
3808 768
3840 768
3880 768
3912 768
3944 768
3976 768
4008 736
4040 704
4072 671
4104 639
4140 608
4172 568
4204 519
4236 480
4268 448
4300 399
4332 384
4364 327
4396 295
4428 263
4460 248
4492 224
4524 224
4556 199
4588 195
4620 199
4656 224
4688 224
4720 248
4752 263
4784 291
4816 319
4848 384
4888 399
4920 448
4952 480
4984 519
5016 560
5048 608
5080 632
5112 655
5144 688
5176 704
5208 736
5240 768
5272 768
5304 768
5336 768
5372 736
5404 711
5436 704
5468 671
5500 639
5532 624
5564 575
5596 543
5628 510
5660 480
5692 448
5724 396
5756 384
5788 327
5820 304
5852 275
5888 255
5924 240
5956 224
5988 224
6020 224
6052 224
6088 240
6120 254
6152 271
6184 291
6216 319
6248 352
6280 384
6312 415
6344 451
6376 496
6408 527
6440 568
6472 608
6504 632
6536 647
6568 671
6604 704
6636 705
6668 718
6700 736
6732 736
6764 718
6796 707
6828 704
6860 671
6892 652
6924 624
6964 591
6996 560
7028 526
7060 496
7092 455
7124 419
7156 387
7188 368
7220 327
7252 312
7284 286
7316 255
7352 254
7384 248
7416 248
7448 248
7480 252
7512 255
7544 271
7576 287
7608 318
7640 352
7672 384
7704 399
7736 448
7768 480
7800 504
7832 527
7868 568
7900 591
7932 624
7968 639
8000 668
8032 688
8068 704
8100 704
8132 704
8164 704
8196 704
8228 688
8260 670
8292 639
8328 636
8364 608
8396 575
8428 543
8460 512
8492 480
8524 448
8556 415
8588 387
8620 384
8652 335
8684 316
8716 287
8748 280
8780 255
8812 255
8844 255
8880 255
8912 255
8944 275
8976 287
9008 316
9040 327
9072 368
9104 384
9136 414
9168 448
9200 480
9232 508
9272 542
9304 572
9336 608
9368 624
9400 639
9432 655
9464 671
9496 688
9528 704
9560 704
9596 704
9628 675
9660 670
9692 652
9724 638
9756 609
9788 583
9820 568
9852 527
9884 508
9916 480
9948 448
9980 415
10012 385
10044 384
10076 352
10112 319
10144 304
10176 287
10208 280
10240 271
10272 271
10312 271
10344 286
10376 295
10408 316
10440 327
10472 352
10504 384
10536 399
10568 448
10600 455
10632 496
10664 513
10696 543
10728 572
10760 591
10792 624
10828 636
10860 639
10892 655
10924 670
10956 671
10988 671
11020 671
11052 664
11084 647
11116 638
11148 624
11180 608
11212 575
11244 543
11276 519
11316 496
11348 462
11380 448
11412 412
11444 384
11476 384
11508 352
11544 319
11576 316
11608 304
11640 291
11672 287
11704 287
11736 295
11768 312
11800 318
11832 327
11864 352
11896 384
11928 391
11960 415
11992 448
12024 480
12060 496
12092 519
12124 543
12156 572
12188 590
12220 608
12252 632
12284 638
12316 639
12352 655
12384 655
12416 655
12448 647
12480 639
12512 636
12544 624
12576 608
12608 575
12644 560
12676 536
12708 510
12740 480
12772 455
12804 448
12836 412
12868 384
12900 384
12932 352
12964 332
12996 319
13028 316
13060 312
13092 312
13124 312
13160 316
13192 319
13224 327
13256 352
13288 384
13320 384
13356 408
13388 448
13424 451
13456 480
13488 504
13520 527
13552 543
13584 572
13616 583
13648 608
13680 624
13712 632
13744 638
13776 639
13808 639
13840 639
13872 636
13904 632
13940 624
13972 608
14004 575
14036 568
14068 543
14100 519
14132 504
14164 480
14196 451
14228 448
14260 414
14292 387
14324 384
14356 353
14396 352
14428 327
14460 319
14492 319
14524 319
14556 319
14588 327
14620 352
14652 352
14688 384
14720 384
14752 399
14784 415
14816 448
14848 460
14880 481
14912 508
14944 527
14976 543
15008 572
15040 575
15072 608
15104 608
15136 624
15168 632
15204 632
15236 632
15268 632
15300 624
15332 609
15364 608
15400 575
15436 572
15468 543
15500 527
15532 510
15564 496
15596 480
15628 448
15660 423
15692 408
15724 385
15756 384
15788 384
15820 352
15852 352
15884 335
15920 327
15952 327
15984 335
16016 352
16048 352
16080 384
16112 384
16144 391
16176 412
16208 432
16240 448
16272 480
16304 496
16336 510
16368 527
16400 543
16440 572
16472 575
16504 591
16536 608
16568 609
16600 624
16640 624
16672 624
16704 624
16736 608
16768 608
16800 583
16832 572
16864 560
16896 540
16928 515
16960 504
17000 480
17032 451
17064 448
17096 415
17128 399
17160 384
17192 384
17224 384
17260 352
17292 352
17324 352
17356 352
17388 352
17420 352
17452 368
17484 384
17516 384
17548 391
17580 412
17612 432
17644 448
17676 462
17708 480
17740 504
17776 515
17808 536
17840 551
17872 568
17904 575
17936 588
17968 608
18000 608
18040 608
18072 608
18104 608
18136 608
18168 591
18200 575
18232 572
18264 560
18296 542
18328 519
18360 508
18392 496
18424 480
18456 449
18488 448
18524 415
18556 399
18588 385
18620 384
18652 384
18684 368
18716 352
18748 352
18780 352
18812 352
18844 368
18876 384
18908 384
18940 385
18972 399
19004 415
19044 448
19076 451
19108 480
19140 496
19172 508
19204 519
19240 540
19272 551
19304 568
19336 575
19368 583
19400 591
19432 608
19464 608
19496 608
19528 608
19560 588
19592 575
19624 574
19656 568
19688 543
19720 531
19756 515
19788 504
19820 481
19852 480
19884 448
19916 448
19948 415
19980 408
20012 391
20044 384
20084 384
20116 384
20148 384
20180 384
20212 384
20244 384
20276 384
20308 384
20340 387
20372 399
20404 415
20436 432
20472 448
20504 455
20536 480
20568 496
20600 510
20632 519
20664 540
20696 543
20728 568
20760 572
20792 575
20824 575
20856 583
20888 583
20920 583
20952 575
20988 575
21020 574
21052 568
21088 543
21120 536
21152 519
21188 508
21220 496
21252 480
21284 455
21316 448
21348 448
21380 415
21412 408
21444 391
21476 385
21508 384
21540 384
21572 384
21604 384
21636 384
21668 384
21704 384
21736 387
21768 399
21800 412
21832 419
21864 448
21896 448
21928 463
21960 480
21992 496
22024 510
22056 519
22088 536
22128 543
22160 560
22192 568
22224 572
22256 575
22288 575
22320 575
22352 575
22384 574
22420 572
22452 560
22484 543
22516 540
22548 526
22580 512
22612 504
22644 496
22676 480
22708 455
22740 448
22772 448
22804 415
22836 412
22868 399
22900 391
22936 385
22968 384
23000 384
23032 384
23064 384
23096 385
23128 391
23168 399
23200 414
23232 419
23264 448
23296 448
23328 455
23360 480
23392 496
23424 504
23456 511
23488 519
23520 536
23552 543
23584 551
23616 560
23652 568
23684 572
23716 572
23748 572
23780 572
23812 568
23844 560
23876 547
23908 542
23940 527
23972 515
24004 510
24036 496
24068 480
24100 480
24132 455
24172 448
24204 448
24236 415
24268 414
24300 399
24332 396
24368 391
24400 387
24432 387
24464 387
24496 391
24528 396
24560 399
24592 412
24624 415
24656 448
24688 448
24720 449
24752 463
24784 480
24816 496
24848 504
24884 512
24916 519
24952 540
24988 543
25020 560
25052 568
25084 568
25116 568
25148 568
25180 568
25212 568
25244 560
25276 543
25308 542
25340 527
25372 519
25404 511
25436 504
25468 496
25508 480
25540 455
25572 448
25604 448
25636 432
25668 415
25704 412
25736 399
25768 399
25800 391
25832 391
25864 391
25896 391
25928 399
25960 403
25992 414
26024 415
26056 432
26088 448
26120 448
26152 460
26184 480
26220 481
26252 504
26284 508
26316 515
26348 527
26380 536
26412 543
26444 543
26476 551
26508 560
26548 560
26580 560
26612 560
26644 547
26676 543
26708 540
26740 527
26772 519
26804 511
26836 504
26868 496
26900 480
26936 480
26968 455
27000 448
27032 448
27064 432
27096 415
27128 414
27160 408
27192 399
27224 399
27256 399
27288 399
27320 399
27352 408
27384 415
27416 415
27452 432
27484 448
27516 448
27552 455
27584 480
27616 480
27652 496
27684 504
27716 511
27748 515
27780 527
27812 536
27844 543
27876 543
27908 547
27940 551
27972 551
28004 551
28036 547
28068 543
28100 542
28132 536
28168 526
28200 515
28232 510
28264 504
28296 496
28328 480
28360 480
28392 455
28424 448
28456 448
28488 448
28520 419
28552 415
28592 414
28624 408
28656 408
28688 408
28720 408
28752 412
28784 414
28816 415
28848 423
28884 448
28916 448
28948 448
28980 455
29012 480
29044 480
29076 496
29108 504
29140 510
29172 515
29204 521
29236 527
29268 540
29300 542
29332 543
29364 543
29400 543
29432 543
29464 543
29496 540
29528 529
29560 526
29596 515
29632 511
29664 504
29696 496
29728 480
29760 480
29792 463
29824 451
29856 448
29888 448
29920 448
29952 423
29984 415
30016 415
30048 414
30080 414
30116 412
30148 414
30180 415
30212 415
30244 422
30276 448
30308 448
30340 448
30372 451
30404 462
30436 480
30468 480
30500 496
30532 504
30564 508
30596 512
30636 519
30668 527
30700 529
30732 540
30764 540
30796 542
30832 536
30864 540
30896 536
30928 529
30960 527
30992 519
31024 512
31056 510
31088 504
31120 496
31152 480
31184 480
31216 463
31248 455
31280 448
31312 448
31348 448
31380 448
31412 423
31444 415
31476 415
31508 415
31540 415
31572 415
31604 419
31636 432
31676 448
31708 448
31740 448
31772 448
31804 455
31836 480
31868 480
31900 481
31932 496
31964 504
31996 510
32028 512
32064 519
32096 524
32128 527
32160 529
32192 536
32224 536
32256 536
32288 529
32320 527
32352 526
32384 519
32416 513
32448 510
32480 508
32512 496
32544 496
32580 480
32612 480
32644 463
32680 451
32712 448
32744 448
32776 448
32812 448
32844 432
32876 423
32908 419
32940 419
32972 419
33004 423
33036 432
33068 448
33100 448
33132 448
33164 448
33196 455
33228 463
33260 480
33292 480
33324 496
33356 496
33396 508
33428 510
33460 512
33492 519
33524 519
33556 527
33588 527
33620 527
33656 527
33688 527
33720 527
33752 519
33784 519
33816 513
33848 511
33880 508
33912 504
33944 496
33976 480
34008 480
34040 480
34072 455
34104 449
34136 448
34172 448
34204 448
34236 448
34268 448
34300 432
34332 432
34364 423
34396 432
34436 448
34468 448
34500 448
34532 448
34564 448
34596 451
34628 455
34660 480
34692 480
34724 480
34756 496
34788 496
34820 504
34852 508
34884 511
34920 513
34952 519
34984 519
35016 526
35048 526
35080 526
35112 524
35144 519
35176 519
35208 513
35240 512
35272 508
35304 504
35336 496
35368 496
35400 480
35440 480
35472 480
35504 455
35536 451
35568 448
35600 448
35636 448
35668 448
35700 448
35732 448
35764 448
35796 448
35828 448
35860 448
35892 448
35924 448
35956 448
35988 449
36020 455
36052 463
36084 480
36116 480
36152 481
36184 496
36216 504
36248 504
36280 510
36312 511
36344 512
36376 515
36408 519
36440 519
36476 519
36508 519
36540 519
36572 515
36604 512
36636 511
36668 508
36700 504
36732 496
36764 496
36800 480
36832 480
36864 480
36896 463
36928 455
36960 449
36992 448
37024 448
37056 448
37088 448
37120 448
37152 448
37184 448
37216 448
37248 448
37280 448
37316 448
37348 448
37380 448
37412 451
37444 460
37480 480
37512 480
37548 480
37580 496
37612 496
37644 504
37676 504
37708 508
37740 511
37772 512
37804 513
37836 515
37868 515
37900 515
37932 513
37964 513
37996 512
38028 511
38064 508
38096 504
38128 504
38160 496
38192 496
38224 480
38256 480
38288 480
38320 462
38352 455
38384 449
38416 448
38448 448
38480 448
38520 448
38552 448
38584 448
38616 448
38648 448
38680 448
38712 448
38744 448
38780 449
38812 455
38844 460
38876 480
38908 480
38940 480
38972 481
39004 496
39036 496
39068 504
39100 508
39132 510
39164 511
39196 512
39228 512
39260 512
39296 513
39328 512
39360 512
39392 511
39424 510
39456 508
39488 504
39528 504
39560 496
39592 496
39624 480
39656 480
39688 480
39720 480
39752 462
39784 455
39816 449
39848 448
39880 448
39912 448
39944 448
39976 448
40012 448
40044 448
40076 448
40108 448
40140 448
40172 448
40204 451
40236 455
40268 463
40300 480
40332 480
40364 480
40396 481
40428 496
40460 496
40492 504
40528 508
40564 508
40596 510
40628 511
40660 512
40692 512
40728 512
40760 512
40792 511
40824 510
40856 510
40888 508
40920 504
40952 504
40984 496
41016 496
41048 480
41080 480
41112 480
41144 480
41176 462
41208 455
41244 451
41276 448
41308 448
41340 448
41372 448
41404 448
41436 448
41468 448
41500 448
41532 448
41568 448
41600 448
41632 451
41664 455
41696 462
41732 480
41764 480
41796 480
41828 480
41860 496
41892 496
41924 496
41956 504
41988 504
42020 508
42052 508
42084 510
42116 510
42148 510
42180 510
42212 510
42248 508
42280 508
42312 504
42344 504
42376 504
42412 496
42448 496
42480 480
42512 480
42544 480
42576 480
42608 480
42640 460
42672 451
42704 451
42736 449
42768 448
42800 448
42832 448
42864 448
42896 448
42928 448
42964 448
42996 448
43028 451
43060 455
43092 455
43124 480
43156 480
43188 480
43220 480
43252 480
43284 481
43316 496
43348 496
43380 504
43412 504
43452 504
43484 508
43516 508
43548 508
43580 508
43612 508
43644 504
43680 508
43712 504
43744 504
43776 504
43808 496
43840 496
43872 481
43904 480
43936 480
43968 480
44000 480
44032 463
44064 455
44096 455
44128 451
44160 449
44196 448
44228 448
44260 448
44292 448
44324 448
44356 448
44388 449
44420 451
44460 455
44492 460
44524 480
44556 480
44588 480
44620 480
44652 480
44684 480
44716 496
44748 496
44780 496
44812 504
44844 504
44876 504
44912 508
44944 508
44976 508
45008 508
45040 508
45072 504
45104 504
45136 504
45168 496
45200 496
45232 496
45264 496
45296 480
45328 480
45360 480
45392 480
45428 480
45460 463
45496 455
45528 455
45560 455
45592 451
45628 449
45660 449
45692 449
45724 451
45756 451
45788 451
45820 455
45852 455
45884 462
45916 463
45948 480
45980 480
46012 480
46044 480
46076 480
46108 496
46144 496
46176 496
46208 496
46240 504
46272 504
46304 504
46336 504
46368 508
46400 508
46432 508
46464 508
46496 504
46536 504
46568 504
46600 496
46632 496
46664 496
46696 480
46728 480
46760 480
46792 480
46824 480
46860 480
46892 463
46924 460
46956 455
46988 455
47020 455
47052 451
47084 451
47116 451
47148 451
47180 455
47212 455
47244 455
47276 460
47308 463
47340 480
47376 480
47408 480
47440 480
47472 480
47504 480
47540 481
47576 496
47608 496
47640 496
47672 496
47704 504
47736 504
47768 504
47800 504
47832 504
47864 504
47896 504
47928 504
47960 496
47992 496
48024 496
48056 496
48092 481
48124 480
48156 480
48188 480
48220 480
48252 480
48284 480
48316 463
48348 462
48380 455
48412 455
48444 455
48476 455
48508 455
48540 455
48580 455
48612 455
48644 455
48676 462
48708 463
48740 480
48772 480
48808 480
48840 480
48872 480
48904 481
48936 519
48968 543
49000 560
49032 568
49064 574
49096 575
49128 575
49160 575
49192 574
49224 572
49256 568
49288 560
49324 551
49356 543
49388 542
49420 536
49452 527
49484 527
49516 524
49548 519
49588 515
49620 515
49652 513
49684 512
49716 512
49748 511
49780 511
49812 510
49844 510
49876 508
49908 508
49940 508
49972 508
50004 508
50040 508
50072 504
50108 504
50140 504
50172 504
50204 504
50236 504
50268 504
50300 504
50332 504
50364 504
50396 504
50428 504
50460 504
50492 504
50524 496
50556 496
50588 496
50624 496
50656 496
50688 496
50720 496
50752 496
50784 496
50816 496
50848 496
50880 496
50912 496
50944 496
50976 496
51008 496
51040 496
51080 496
51112 496
51144 496
51176 496
51208 496
51240 496
51272 496
51304 496
51340 496
51372 496
51404 496
51436 496
51468 496
51500 496
51532 496
51564 496
51596 496
51628 496
51660 496
51692 496
51724 496
51756 496
51788 496
51820 496
51856 496
51888 496
51920 496
51952 496
51984 496
52016 496
52048 496
52088 496
52120 496
52152 496
52184 496
52216 496
52248 496
52280 496
52312 496
52344 496
52376 496
52408 496
52440 496
52472 496
52504 496
52536 496
52572 496
52604 496
52636 496
52668 496
52700 496
52732 496
52764 496
52796 496
52828 496
52860 496
52892 496
52924 496
52956 496
52988 496
53020 496
53052 496
53088 496
53124 496
53156 496
53188 496
53220 496
53252 481
53284 496
53316 496
53348 496
53380 496
53412 481
53448 496
53480 496
53512 481
53544 496
53576 481
53608 481
53640 481
53672 481
53704 481
53736 496
53768 481
53800 496
53832 481
53864 496
53896 496
53928 481
53964 496
53996 481
54028 481
54060 496
54092 481
54128 496
54164 481
54196 481
54228 496
54260 481
54292 481
54324 481
54356 481
54388 481
54420 481
54452 481
54484 481
54516 481
54548 481
54580 481
54612 481
54644 481
54680 481
54712 481
54744 481
54776 481
54808 481
54840 481
54872 481
54904 481
54936 496
54968 481
55000 481
55032 481
55064 481
55096 480
55128 481
55168 481
55200 481
55232 481
55264 481
55296 481
55328 481
55360 481
55396 481
55428 480
55460 481
55492 481
55524 481
55556 481
55588 481
55620 481
55652 481
55684 481
55716 496
55748 481
55780 481
55812 481
55844 481
55876 481
55912 481
55944 481
55976 481
56008 481
56040 481
56072 481
56104 481
56136 481
56176 481
56208 481
56240 481
56272 481
56304 480
56336 481
56368 481
56400 480
56432 481
56464 481
56496 481
56528 481
56560 481
56592 481
56628 481
56660 481
56692 481
56724 481
56756 481
56788 481
56820 481
56852 481
56884 481
56916 481
56948 481
56980 481
57012 480
57044 481
57076 481
57108 481
57144 481
57176 481
57212 481
57244 481
57276 481
57308 481
57344 481
57376 481
57408 481
57440 481
57472 481
57504 481
57536 481
57568 481
57600 481
57632 481
57664 481
57696 481
57728 481
57760 481
57792 481
57824 481
57860 481
57892 481
57924 481
57956 481
57988 481
58020 481
58052 481
58084 481
58116 481
58148 481
58184 481
58216 481
58248 481
58280 481
58312 481
58344 481
58376 481
58408 481
58440 481
58472 481
58504 481
58536 481
58572 481
58604 481
58636 481
58668 481
58700 481
58732 481
58764 481
58796 481
58828 481
58860 481
58892 481
58924 481
58956 481
58988 481
59020 481
59052 481
59088 496
59124 481
59156 480
59188 481
59220 481
59252 481
59284 481
59316 481
59352 481
59384 481
59416 481
59448 481
59480 481
59512 481
59544 481
59576 481
59608 481
59640 481
59672 481
59704 481
59736 481
59768 481
59800 481
59832 481
59868 481
59900 481
59932 481
59964 481
59996 481
60028 481
60060 481
60092 481
60124 481
60164 481
60196 481
60228 481
60260 481
60292 481
60324 481
60356 481
60388 481
60420 481
60452 481
60484 481
60516 481
60548 481
60580 481
60616 481
60648 481
60680 496
60712 481
60744 481
60776 481
60808 481
60840 481
60872 480
60904 481
60936 481
60968 481
61000 496
61032 481
61064 480
61096 481
61132 481
61168 481
61200 481
61232 481
61264 480
61296 481
61332 481
61364 481
61396 481
61428 481
61460 481
61492 481
61524 481
61556 481
61588 480
61620 481
61652 481
61684 481
61716 496
61748 481
61780 481
61812 481
61848 481
61880 481
61912 481
61944 481
61976 481
62008 480
62040 481
62072 481
62104 481
62136 481
62168 481
62208 481
62240 481
62272 481
62304 481
62336 481
62368 481
62400 481
62432 481
62464 481
62496 481
62528 480
62564 480
62596 481
62628 481
62660 480
62692 481
62724 481
62756 481
62788 480
62820 481
62852 480
62884 496
62916 480
62948 481
62980 481
63012 481
63044 481
63080 481
63112 481
63144 481
63176 481
63212 481
63244 481
63280 481
63312 481
63344 481
63376 481
63408 481
63440 481
63472 481
63504 481
63536 481
63568 481
63600 481
63632 481
63664 481
63696 481
63728 481
63760 481
63796 481
63828 481
63860 481
63892 481
63924 481
63956 481
63988 481
64020 481
64052 481
64084 496
64116 481
64148 481
64180 481
64212 481
64252 481
64284 481
64316 481
64348 481
64380 481
64412 481
64444 481
64476 481
64512 481
64544 481
64576 481
64608 481
64640 480
64672 481
64704 481
64736 480
64768 481
64800 481
64832 481
64864 481
64896 481
64928 481
64960 481
64992 481
65028 481
65060 481
65092 481
65124 481
65156 481
65188 481
65220 481
65252 480
65292 481
65324 480
65356 481
65388 481
65420 481
65452 481
65484 481
65516 481
65548 481
65580 481
65612 481
65644 481
65676 481
65708 481
65744 481
65776 481
65808 481
65840 481
65872 481
65904 481
65936 481
65968 481
66000 481
66032 481
66064 481
66096 481
66128 481
66160 481
66192 481
66224 481
66260 481
66296 481
66328 481
66360 481
66392 481
66424 481
66460 481
