20 448
72 352
132 271
184 224
236 159
288 127
340 126
392 127
444 158
496 199
548 255
600 319
652 399
708 481
760 568
812 639
864 704
916 768
968 796
1020 816
1072 824
1124 799
1184 768
1236 711
1288 647
1340 575
1392 508
1444 432
1496 352
1548 287
1600 240
1652 192
1704 159
1756 147
1808 158
1860 192
1916 224
1968 271
2020 352
2072 412
2124 481
2180 568
2236 638
2288 704
2340 768
2392 771
2444 792
2496 792
2548 771
2600 768
2652 704
2704 639
2756 574
2808 504
2860 448
2912 384
2964 304
3016 252
3072 224
3124 192
3176 192
3232 192
3284 206
3336 248
3388 291
3440 352
3492 415
3544 496
3596 560
3648 624
3700 671
3756 718
3808 768
3860 768
3912 768
3964 768
4016 736
4068 679
4120 632
4172 572
4232 496
4284 448
4336 384
4388 316
4440 255
4492 224
4544 206
4596 195
4648 204
4700 225
4752 255
4804 312
4856 384
4908 423
4960 496
5016 547
5068 608
5120 655
5172 704
5224 736
5280 768
5332 768
5384 736
5436 704
5488 664
5540 624
5592 560
5644 504
5696 448
5752 384
5804 319
5856 284
5908 252
5960 225
6012 224
6064 224
6116 252
6168 280
6220 319
6280 384
6332 448
6384 496
6436 543
6488 608
6540 639
6592 704
6644 707
6696 736
6748 736
6800 705
6852 688
6904 639
6956 608
7012 547
7064 496
7116 448
7168 384
7220 335
7272 295
7328 255
7380 248
7432 240
7484 252
7536 255
7588 294
7640 335
7692 384
7744 448
7796 496
7852 543
7904 591
7956 636
8008 670
8060 704
8112 704
8164 704
8216 704
8268 671
8328 636
8380 590
8432 543
8484 496
8536 448
8588 387
8640 352
8692 312
8744 284
8796 255
8848 255
8900 255
8952 286
9004 316
9060 352
9112 387
9164 448
9216 496
9268 540
9320 575
9376 624
9428 654
9480 671
9532 704
9584 704
9636 671
9688 647
9740 624
9792 575
9844 540
9900 496
9952 448
10004 398
10056 368
10108 319
10160 304
10212 284
10264 275
10316 284
10376 304
10428 319
10480 384
10532 399
10584 448
10636 496
10688 536
10740 575
10792 609
10844 639
10896 655
10948 670
11000 670
11056 655
11108 638
11160 608
11212 574
11264 536
11316 496
11368 448
11424 399
11476 384
11528 335
11580 316
11632 304
11684 287
11736 304
11788 318
11840 352
11896 384
11948 403
12000 448
12052 496
12104 527
12156 572
12208 608
12260 632
12312 639
12364 652
12424 647
12476 639
12528 624
12580 608
12632 568
12684 524
12736 496
12788 448
12840 408
12892 384
12944 352
12996 319
13052 316
13104 312
13156 316
13208 319
13260 352
13312 384
13364 414
13416 448
13472 496
13524 527
13576 568
13628 608
13688 624
13740 638
13792 639
13844 638
13896 632
13948 608
14000 575
14052 543
14104 512
14160 480
14212 448
14264 408
14316 384
14368 352
14420 332
14472 319
14524 319
14576 319
14628 352
14688 384
14740 391
14792 432
14844 462
14896 504
14948 527
15000 568
15052 588
15104 608
15156 632
15208 632
15260 632
15316 624
15368 608
15420 575
15472 543
15524 512
15576 480
15628 448
15688 412
15740 384
15792 368
15844 352
15896 334
15948 327
16000 352
16052 352
16104 384
16156 399
16208 448
16260 462
16312 496
16364 527
16416 560
16472 575
16524 608
16576 609
16628 624
16680 624
16736 608
16792 583
16844 568
16896 540
16948 508
17000 480
17052 448
17104 414
17156 385
17208 384
17260 352
17312 352
17364 352
17416 352
17468 384
17520 384
17572 399
17628 448
17680 462
17736 504
17788 524
17840 551
17892 575
17948 591
18000 608
18052 608
18104 608
18156 608
18208 575
18260 560
18312 536
18364 508
18416 480
18468 448
18520 415
18572 391
18624 384
18676 384
18728 352
18788 352
18840 384
18892 384
18944 387
18996 414
19048 448
19104 480
19156 496
19208 519
19260 543
19312 572
19364 575
19416 591
19468 608
19520 608
19572 583
19624 574
19676 551
19728 527
19788 504
19840 480
19892 448
19944 419
19996 399
20048 384
20100 384
20152 384
20204 384
20260 384
20312 384
20364 398
20416 415
20468 448
20520 480
20572 496
20624 515
20676 543
20728 568
20780 575
20840 583
20892 583
20944 583
20996 575
21048 568
21100 543
21152 519
21204 504
21256 480
21308 448
21360 432
21416 403
21468 387
21520 384
21572 384
21624 384
21676 384
21728 387
21780 408
21840 432
21892 448
21944 480
21996 504
22048 518
22100 540
22152 560
22204 572
22256 575
22308 575
22360 575
22412 568
22464 551
22516 536
22572 513
22624 496
22676 480
22728 448
22780 432
22832 412
22888 391
22944 384
22996 384
23048 384
23100 385
23152 399
23204 415
23256 448
23308 449
23360 480
23412 496
23464 513
23516 536
23568 547
23620 568
23672 572
23728 572
23780 572
23832 560
23888 543
23940 527
23992 511
24048 496
24100 480
24152 448
24204 448
24256 415
24308 399
24360 391
24412 387
24464 387
24516 391
24568 403
24620 415
24672 448
24724 451
24776 480
24828 496
24884 512
24940 527
24992 543
25044 560
25096 568
25148 568
25204 560
25256 543
25308 540
25360 519
25412 508
25464 496
25516 480
25568 448
25620 448
25672 415
25724 408
25776 399
25828 391
25880 398
25940 399
25992 414
26044 432
26096 448
26148 455
26200 480
26252 504
26304 512
26360 527
26412 542
26464 547
26516 560
26568 560
26620 551
26672 543
26724 531
26776 519
26828 508
26880 496
26936 480
26988 448
27040 448
27092 415
27144 412
27200 399
27252 396
27308 399
27360 403
27412 415
27464 432
27520 448
27572 455
27624 480
27676 504
27728 512
27780 527
27832 540
27884 543
27936 551
27988 551
28040 543
28092 543
28144 527
28196 515
28248 508
28300 496
28360 480
28412 448
28464 448
28516 419
28568 415
28620 408
28676 403
28728 408
28780 414
28832 415
28884 448
28936 448
28988 462
29040 480
29092 496
29144 510
29196 519
29248 536
29300 542
29360 543
29412 543
29464 543
29516 536
29568 526
29620 512
29672 504
29724 481
29776 480
29832 451
29884 448
29936 448
29988 415
30040 415
30092 414
30144 415
30196 415
30248 432
30300 448
30352 448
30412 480
30464 480
30516 496
30568 510
30620 519
30672 527
30724 540
30776 542
30828 542
30880 540
30932 527
30988 519
31040 511
31092 504
31144 480
31196 480
31248 451
31300 448
31352 448
31412 419
31464 415
31516 415
31568 415
31620 415
31672 448
31724 448
31776 449
31828 480
31880 480
31932 496
31984 508
32036 513
32088 526
32144 529
32196 536
32248 536
32300 536
32352 527
32404 519
32460 510
32516 504
32568 480
32620 480
32672 455
32724 448
32776 448
32828 432
32880 423
32932 419
32984 423
33036 432
33088 448
33140 448
33192 451
33244 480
33300 480
33352 496
33404 508
33460 513
33512 519
33564 527
33620 527
33672 527
33724 527
33776 519
33828 512
33880 508
33932 496
33984 480
34036 480
34088 455
34140 448
34192 448
34244 448
34296 432
34348 432
34400 432
34456 448
34512 448
34564 448
34616 455
34668 480
34720 480
34776 496
34828 508
34880 511
34932 515
34984 519
35036 524
35088 524
35140 519
35192 513
35244 511
35296 504
35348 496
35400 480
35452 480
35512 455
35564 448
35616 448
35668 448
35720 448
35772 448
35824 448
35876 448
35932 448
35984 451
36036 462
36088 480
36140 480
36192 496
36244 504
36296 510
36348 513
36400 515
36452 519
36504 519
36564 515
36616 512
36668 508
36720 504
36772 496
36824 480
36876 480
36928 455
36980 448
37032 448
37088 448
37140 448
37192 448
37244 448
37296 448
37348 448
37400 451
37452 463
37504 480
37564 480
37616 496
37668 504
37720 510
37772 512
37824 515
37876 515
37928 515
37980 513
38032 511
38084 508
38136 504
38188 496
38244 480
38296 480
38348 455
38400 449
38452 448
38504 448
38556 448
38616 448
38668 448
38720 448
38772 448
38824 455
38876 463
38928 480
38980 480
39032 496
39084 504
39136 508
39188 511
39240 513
39292 515
39344 513
39400 512
39452 510
39504 508
39556 504
39612 496
39664 480
39720 480
39772 455
39824 449
39876 448
39928 448
39980 448
40032 448
40084 448
40136 448
40188 448
40240 455
40292 463
40344 480
40396 480
40448 496
40504 504
40556 510
40608 511
40664 512
40716 515
40768 513
40820 512
40872 510
40924 508
40976 496
41028 496
41080 480
41132 480
41184 460
41236 451
41288 448
41340 448
41392 448
41444 448
41500 448
41556 448
41608 449
41660 455
41712 463
41764 480
41820 480
41872 496
41924 504
41976 508
42028 510
42080 511
42132 511
42184 511
42236 510
42288 508
42340 504
42392 496
42444 481
42496 480
42556 480
42608 460
42660 451
42712 448
42764 448
42816 448
42868 448
42920 448
42976 448
43028 451
43080 455
43132 480
43184 480
43236 480
43288 496
43340 504
43392 504
43444 508
43496 510
43548 511
43608 511
43660 510
43712 508
43764 504
43816 496
43868 496
43920 480
43972 480
44024 463
44076 455
44132 449
44184 448
44236 448
44288 448
44340 448
44392 448
44444 451
44496 455
44548 480
44608 480
44660 480
44712 496
44764 496
44816 504
44868 508
44920 508
44972 508
45024 508
45076 508
45128 504
45180 504
45232 496
45288 480
45340 480
45392 480
45444 463
45496 455
45548 451
45600 449
45660 448
45712 448
45764 449
45816 451
45868 451
45920 462
45972 480
46024 480
46076 480
46128 496
46180 504
46232 504
46284 504
46336 508
46388 508
46444 508
46496 504
46548 504
46600 496
46656 496
46708 480
46764 480
46816 480
46868 480
46920 460
46972 455
47024 451
47076 451
47128 451
47180 451
47232 455
47284 460
47336 480
47388 480
47440 480
47492 480
47544 496
47600 496
47652 496
47708 504
47760 504
47812 504
47864 504
47920 504
47972 496
48024 496
48076 496
48128 480
48180 480
48232 480
48284 480
48336 462
48388 455
48440 455
48492 455
48544 451
48596 455
48648 455
48708 463
48760 480
48812 536
48864 560
48916 572
48968 575
49020 575
49076 572
49128 568
49180 551
49232 543
49284 536
49336 527
49388 521
49440 519
49492 515
49544 512
49596 511
49648 511
49700 510
49760 510
49812 508
49864 508
49916 508
49968 504
50020 504
50072 504
50124 504
50176 504
50232 504
50284 504
50336 504
50388 504
50440 504
50492 504
50544 496
50596 496
50648 496
50700 496
50760 496
50812 496
50864 496
50916 496
50968 496
51020 496
51072 496
51124 496
51176 496
51228 496
51280 496
51332 496
51388 496
51440 496
51492 496
51544 496
51596 496
51648 496
51700 496
51752 496
51812 496
51864 496
51916 496
51968 496
52020 496
52072 496
52124 496
52176 496
52228 496
52280 496
52332 496
52384 496
52436 496
52488 496
52544 496
52596 496
52648 496
52700 496
52752 496
52808 496
52864 496
52916 496
52968 496
53020 496
53072 496
53124 496
53176 496
53228 496
53280 496
53332 496
53384 496
53436 496
53488 496
53540 496
53592 496
53644 496
53700 496
53752 496
53804 481
53860 481
53920 496
53972 496
54024 496
54076 496
54128 496
54180 496
54232 496
54284 481
54336 481
54388 496
54440 496
54492 496
54544 496
54596 481
54652 481
54704 481
54756 481
54808 481
54860 496
54912 481
54968 481
55020 481
55072 496
55124 481
55176 481
55228 481
55280 481
55332 481
55384 481
55436 481
55492 481
55544 481
55596 496
55648 481
55700 481
55752 481
55804 481
55856 481
55908 481
55968 481
56020 481
56072 481
56124 481
56176 481
56228 481
56280 481
56332 481
56384 481
56436 481
56488 481
56540 481
56592 481
56648 481
56700 481
56752 481
56804 481
56856 481
56908 481
56960 481
57016 481
57068 481
57120 481
57172 481
57224 481
57276 481
57328 481
57380 481
57432 481
57488 481
57540 481
57592 481
57644 481
57696 481
57748 481
57800 481
57852 481
57904 481
57956 481
58016 481
58068 481
58120 481
58172 481
58224 481
58276 481
58328 481
58380 481
58432 481
58484 481
58536 480
58588 481
58644 481
58696 481
58748 481
58800 481
58852 481
58904 496
58956 481
59008 481
59064 481
59116 481
59168 481
59220 481
59272 481
59324 481
59376 481
59428 496
59480 481
59536 496
59588 481
59640 481
59692 481
59744 481
59796 481
59848 481
59900 481
59952 481
60004 481
60064 481
60116 481
60168 481
60220 481
60272 481
60324 481
60376 481
60428 481
60480 481
60532 481
60584 481
60636 481
60692 481
60744 496
60796 481
60848 481
60900 481
60952 496
61004 496
61056 481
61112 481
61164 481
61216 481
61268 481
61320 481
61372 481
61424 481
61476 481
61528 481
61580 481
61636 496
61688 496
61740 481
61792 481
61844 481
61896 481
61948 481
62000 481
62052 481
62112 481
62164 496
62216 481
62268 481
62320 496
62372 481
62424 481
62476 481
62528 496
62580 481
62632 481
62684 496
62736 481
62788 481
62840 481
62896 480
62948 496
63000 481
63052 481
63104 481
63160 481
63212 481
63264 481
63316 481
63368 481
63420 481
63472 481
63524 481
63576 481
63632 481
63684 481
63736 481
63788 481
63840 480
63892 481
63944 481
63996 481
64048 481
64100 481
64160 481
64212 481
64264 481
64316 481
64368 481
64420 481
64472 481
64524 481
64576 481
64628 481
64680 480
64732 496
64784 481
64836 481
64892 481
64944 481
64996 481
65048 481
65100 481
65152 481
65208 481
65260 481
65312 481
65364 481
65416 481
65468 481
65520 481
65572 481
65624 481
65676 481
65732 481
65784 481
65836 481
65888 481
65940 481
65992 481
66044 481
66096 481
66148 481
66208 481
66260 481
66312 481
66364 481
66416 481
66468 481
66520 481
66572 481
66624 481
66676 481
66728 481
66780 481
66832 481
66884 481
66940 481
66992 481
67044 481
67096 481
67148 481
67200 481
67256 481
67312 481
67364 481
67420 481
67472 481
67524 481
67576 481
67628 481
67684 481
67736 481
67788 496
67844 481
67896 481
67948 481
68000 481
68052 481
68104 481
68156 481
68208 481
68260 481
68312 481
68364 481
68416 481
68468 481
68520 481
68572 481
68624 481
68680 481
68736 481
68788 481
68840 481
68892 481
68944 481
68996 481
69052 481
69104 481
69156 481
69208 481
69260 481
69312 481
69364 481
69416 481
69468 481
69520 481
69572 481
69624 481
69676 481
69736 481
69788 481
69840 481
69892 481
69944 481
69996 481
70048 481
70100 481
70152 480
70208 481
70260 481
70312 481
70364 481
70416 481
70468 481
70520 481
70572 481
70624 481
70676 481
70728 481
70788 481
70840 481
70892 481
70944 481
70996 481
71048 481
71100 481
71152 481
71204 481
71256 481
71308 481
71364 481
71416 481
71468 481
71520 481
71572 481
71624 481
71676 496
71728 481
71788 481
71840 481
71892 481
71944 481
71996 481
72048 481
72100 481
72152 481
72204 481
72256 481
72308 481
72360 481
72412 481
72464 481
72520 481
72572 481
72624 481
72676 481
72728 480
72780 481
72836 480
72892 481
72944 496
72996 496
73048 481
73100 481
73152 481
73204 481
73256 480
73308 481
73360 481
73412 481
73464 481
73516 481
73568 481
73620 481
73676 480
73728 481
73780 481
73836 480
73888 481
73940 481
73996 481
74048 480
74100 481
74152 481
74204 480
74256 480
74308 481
74360 481
74412 480
74464 481
74516 481
74568 481
74620 481
74672 481
74724 481
74776 481
74832 481
74888 481
74940 481
74992 481
75044 481
75096 481
75152 481
75204 481
75256 481
75308 481
75360 481
75412 481
75464 481
75516 481
75568 481
75620 481
75672 481
75724 481
75776 481
75828 481
75888 481
75940 481
75992 481
76044 496
76096 481
76148 481
76200 496
76252 481
76308 481
76360 481
76412 481
76464 481
76516 481
76568 481
76620 481
76672 481
76724 481
76776 481
76828 481
76880 481
76940 480
76992 496
77044 481
77096 481
77148 481
77200 481
77252 481
77304 481
77356 481
77408 481
77464 481
77516 481
77568 481
77620 481
77672 481
77724 481
77776 481
77828 481
77880 481
77940 481
77992 481
78044 481
78096 481
78148 481
78200 481
78252 481
78304 481
78356 481
78408 481
78460 481
78512 481
78564 481
78620 481
78672 481
78724 481
78776 481
78828 481
78880 481
78932 481
78992 481
79044 481
79096 481
79148 481
79200 481
79252 481
79304 481
79356 481
79408 481
79460 481
79512 481
79564 481
79616 481
79668 481
79720 481
79776 481
79828 481
79880 481
79932 481
79988 481
80040 481
80096 481
80148 481
80200 481
80252 481
80304 481
80356 481
80408 481
80460 481
80512 481
80564 481
80616 481
80668 481
80720 481
80776 481
80832 480
80884 496
80936 481
80988 481
81040 496
81092 481
81144 481
81196 481
81248 481
81300 481
81352 481
81404 481
81456 481
81508 481
81568 481
81620 481
81672 481
81724 481
81776 481
81828 481
81880 481
81936 481
81988 481
82040 481
82092 481
82144 481
82196 481
82248 480
82300 481
82352 481
82404 481
82456 481
82508 481
82560 481
82620 481
82672 481
82724 481
82776 481
82828 481
82880 481
82932 481
82984 481
83036 496
83092 481
83144 481
83196 481
83248 481
83300 481
83352 481
83404 481
83456 481
83508 481
83560 481
83620 481
83672 481
83724 481
83776 481
83828 481
83880 481
83932 481
83984 481
84036 481
84088 481
84140 481
84192 496
84248 481
84300 481
84352 481
84404 481
84456 481
84508 481
84560 481
84612 481
84672 481
84724 481
84776 481
84828 481
84880 481
84932 481
84984 481
85036 481
85088 481
85140 481
85192 481
85244 481
85296 481
85348 481
85404 481
85456 481
85508 481
85560 481
85612 481
85668 481
85724 481
85776 481
85828 481
85880 481
85932 481
85984 480
86036 481
86088 480
86140 480
86192 481
86244 481
86296 481
86348 481
86400 481
86452 481
86504 481
86560 481
86612 481
86664 481
86720 481
86772 481
86824 481
86876 481
86928 481
86980 481
87032 481
87084 481
87136 481
87188 481
87244 481
87296 481
87348 481
87400 481
87452 481
87504 481
87556 481
87608 481
87660 481
87720 481
87772 480
87824 481
87876 480
87928 481
87980 480
88032 481
88084 481
88136 481
88188 481
88240 481
88292 481
88344 481
88396 481
88448 481
88504 481
88556 480
88608 481
88660 481
88712 481
88768 481
88820 481
88872 481
88924 481
88976 481
89028 481
89080 481
89132 481
89184 481
89240 481
89292 481
89344 481
89396 481
89448 480
89500 481
89552 481
89604 480
89656 481
89708 481
89768 481
89820 481
89872 481
89924 481
89976 481
90028 481
90080 481
90132 481
90184 481
90236 481
90288 481
90340 481
90392 481
90444 481
90500 481
90552 481
90604 481
90656 481
90708 481
90760 481
90816 480
90868 496
90920 481
90972 481
91024 496
91076 481
91128 481
91180 481
91232 481
91284 481
91340 481
91392 481
91444 481
91496 481
91548 481
91600 481
91652 481
91704 481
91756 481
91816 481
91868 481
91920 481
91972 481
92024 481
92076 481
92128 481
92180 480
92232 481
92284 480
92336 481
92388 481
92440 481
92492 481
92548 481
92600 481
92652 481
92704 481
92756 481
92808 481
92864 481
92916 481
92968 481
93020 481
93072 481
93124 481
93176 481
93228 481
93280 481
93332 481
93388 481
93440 481
93492 481
93544 481
93596 481
93648 481
93700 481
93752 481
93804 480
93864 481
93916 481
93968 481
94020 481
94072 481
94124 481
94176 481
94236 481
94288 481
94340 481
94392 481
94452 481
94504 481
94556 480
94608 481
94660 481
94712 481
94764 481
94816 448
94868 384
94920 287
94972 224
95024 192
95076 140
95132 126
95184 127
95236 143
95288 192
95340 248
95392 312
95448 387
95504 480
95556 543
95608 632
95660 704
95712 768
95764 783
95816 816
95868 824
95920 799
95972 771
96024 736
96076 671
96128 608
96180 527
96232 448
96288 384
96340 312
96392 248
96444 195
96500 159
96552 152
96604 156
96656 192
96708 224
96760 255
96812 319
96864 391
96916 480
96972 543
97024 624
97076 671
97128 736
97180 768
97232 783
97284 796
97336 783
97388 768
97440 711
97500 647
97552 583
97604 515
97656 448
97708 384
97760 316
97812 255
97864 224
97916 192
97968 192
98020 192
98072 195
98124 240
98176 284
98232 335
98284 399
98336 480
98388 540
98440 608
98492 655
98548 707
98600 768
98652 768
98704 768
98756 768
98808 736
98860 704
98912 639
98964 575
99016 513
99072 448
99124 384
99176 319
99228 271
99280 240
99332 224
99384 195
99436 199
99488 224
99548 255
99600 304
99652 352
99704 415
99756 480
99808 542
99860 608
99912 647
99964 704
100016 736
100068 768
100120 768
100172 768
100224 711
100280 671
100332 632
100384 574
100436 512
100488 449
100540 391
100596 334
100648 287
100700 254
100752 240
100804 224
100856 224
100908 248
100960 268
101012 316
101064 368
101120 415
101172 480
101224 527
101276 583
101328 638
101380 671
101432 704
101484 736
101536 736
101596 711
101648 704
101700 655
101752 624
101804 568
101856 508
101908 448
101960 391
102012 352
102064 304
102116 263
102168 252
102220 240
102276 248
102328 255
102380 286
102432 319
102484 384
102536 415
102588 480
102644 527
102696 575
102748 632
102800 664
102852 704
102904 704
102956 705
103008 704
103060 675
103116 639
103168 608
103220 568
103272 510
103324 451
103376 399
103428 368
103480 319
103532 287
103584 255
103644 255
103696 255
103748 271
103800 304
103852 335
103904 384
103956 432
104008 480
104060 526
104112 575
104164 624
104216 639
104272 671
104324 704
104376 704
104428 688
104480 664
104532 636
104584 608
104636 551
104692 508
104744 451
104796 408
104848 384
104900 327
104952 304
105004 284
105056 271
105108 271
105160 287
105216 316
105268 352
105320 384
105372 432
105424 480
105476 519
105528 568
105580 608
105632 636
105692 655
105744 671
105796 671
105848 668
105900 639
105952 624
106004 575
106056 543
106108 504
106160 451
106212 414
106264 384
106316 352
106368 316
106420 295
106476 287
106528 287
106580 312
106632 327
106684 368
106740 391
106792 448
106844 480
106896 519
106948 568
107000 608
107052 632
107104 639
107156 655
107212 655
107264 639
107316 636
107368 608
107420 575
107472 540
107524 504
107576 455
107628 415
