20 910
132 888
244 831
364 768
476 652
588 543
700 433
812 332
924 248
1036 179
1148 135
1260 127
1380 158
1492 207
1604 287
1716 385
1828 494
1940 604
2052 705
2164 796
2276 864
2396 903
2508 910
2620 888
2732 831
2844 768
2956 664
3068 556
3184 448
3296 344
3412 248
3524 184
3636 142
3748 127
3864 156
3976 199
4088 280
4200 384
4312 480
4428 600
4544 704
4656 792
4768 860
4880 897
4992 911
5104 896
5216 839
5328 768
5448 668
5560 560
5672 449
5784 348
5896 255
6008 192
6120 143
6232 127
6344 152
6464 199
6576 275
6688 368
6800 476
6912 583
7024 689
7136 782
7248 856
7360 896
7480 911
7592 896
7704 844
7816 771
7928 679
8040 574
8152 463
8264 355
8380 255
8496 192
8608 143
8720 127
8832 145
8944 193
9060 255
9172 359
9284 463
9396 575
9512 684
9624 775
9740 847
9852 896
9964 911
10076 896
10188 847
10300 783
10412 688
10532 575
10644 472
10756 366
10868 271
10980 199
11092 152
11204 127
11316 143
11428 192
11548 255
11660 352
11772 455
11884 568
11996 671
12108 768
12220 839
12332 896
12444 911
12564 896
12676 856
12788 783
12900 696
13012 591
13124 480
13236 384
13348 280
13460 206
13576 152
13692 127
13804 143
13916 184
14028 252
14140 344
14256 448
14368 556
14480 664
14592 768
14708 839
14820 896
14936 911
15048 899
15160 864
15272 796
15384 704
15496 604
15608 494
15728 384
15840 286
15952 207
16064 158
16176 127
16288 140
16400 179
16512 243
16624 327
16744 440
16856 551
16968 655
17080 768
17192 831
17304 888
17416 910
17528 903
17640 865
17760 799
17872 711
17984 608
18096 497
18208 391
18320 295
18432 216
18544 159
18656 127
18776 135
18888 176
19000 240
19112 319
19224 428
19336 540
19452 639
19564 743
19676 824
19792 888
19904 910
20016 903
20128 867
20244 807
20356 719
20468 624
20580 512
20692 408
20808 302
20924 220
21036 159
21148 127
21260 135
21372 167
21484 231
21596 316
21708 415
21828 529
21940 639
22052 737
22164 824
22276 878
22388 908
22500 903
22612 871
22724 816
22844 728
22956 625
23068 519
23180 412
23292 312
23404 225
23516 167
23628 127
23740 127
23860 167
23972 225
24084 312
24196 412
24308 519
24420 632
24532 728
24644 812
24760 871
24876 908
24988 903
25100 878
25212 817
25324 736
25440 638
25552 527
25664 419
25776 319
25892 231
26004 167
26120 135
26232 127
26344 159
26456 220
26568 300
26680 399
26792 508
26912 624
27024 728
27136 807
27248 870
27360 903
27472 910
27584 880
27696 828
27808 743
27928 639
28040 536
28152 423
28264 319
28376 240
28488 176
28600 135
28712 127
28824 159
28940 216
29052 287
29164 387
29276 496
29396 611
29508 716
29620 799
29732 865
29844 903
29956 910
30068 888
30180 831
30292 768
30412 654
30524 543
30636 440
30748 334
30860 248
30972 179
31088 142
31200 127
31312 156
31428 207
31540 287
31652 384
31768 492
31880 604
31992 704
32104 792
32216 864
32328 899
32444 911
32560 896
32672 831
32784 768
32896 664
33008 560
33120 448
33232 344
33344 255
33464 184
33576 143
33688 127
33800 152
33912 199
34024 280
34136 376
34248 480
34360 591
34480 704
34592 792
34704 856
34816 897
34928 911
35040 896
35152 844
35264 769
35376 671
35496 568
35608 451
35720 352
35832 255
35944 192
36056 143
36168 127
36284 147
36396 195
36512 271
36624 368
36736 472
36848 583
36964 688
37076 780
37188 856
37300 896
37412 911
37528 896
37644 847
37756 775
37868 679
37980 575
38092 463
38204 359
38316 255
38428 195
38548 145
38660 127
38772 143
38884 192
38996 255
39108 355
39220 462
39332 572
39444 671
39564 775
39676 847
39788 896
39900 911
40012 896
40124 856
40236 783
40348 696
40460 588
40572 472
40692 368
40804 271
40916 199
41028 152
41140 127
41252 143
41364 192
41480 255
41592 348
41708 455
41820 568
41932 671
42044 768
42156 839
42272 896
42384 911
42496 897
42608 860
42724 783
42836 696
42952 591
43064 481
43176 384
43288 284
43400 206
43512 156
43624 127
43744 143
43856 184
43968 252
44080 344
44192 448
44304 551
44416 655
44528 768
44640 831
44760 896
44872 911
44984 902
45096 864
45208 796
45320 707
45432 608
45544 496
45656 387
45776 287
45888 207
46000 158
46112 127
46224 135
46336 176
46448 241
46560 327
46672 432
46792 543
46904 655
47016 768
47128 830
47240 888
47352 910
47468 903
47580 867
47692 799
47808 711
47920 611
48032 504
48148 391
48260 295
48372 220
48484 159
48596 127
48708 135
48824 176
48940 240
49052 319
49164 423
49276 536
49388 639
49500 743
49612 824
49724 880
49844 908
49956 903
50068 871
50180 807
50292 728
50404 624
50516 513
50628 408
50740 305
50860 224
50972 163
51084 127
51196 135
51308 167
51420 227
51532 316
51644 415
51756 524
51876 638
51988 736
52100 817
52212 880
52324 903
52436 908
52548 876
52664 816
52776 736
52892 632
53004 519
53116 412
53228 312
53344 227
53456 167
53568 135
53680 127
53792 163
53908 225
54024 312
54136 408
54248 515
54360 625
54472 728
54584 812
54696 871
54808 903
54928 908
55040 880
55152 824
55264 737
55376 639
55488 536
55600 423
55712 319
55824 240
55936 172
56056 135
56168 127
56280 159
56392 220
56504 295
56616 398
56728 504
56840 615
56952 716
57072 807
57184 867
57296 903
57408 910
57520 881
57632 830
57744 768
57860 639
57972 543
58088 432
58200 327
58312 243
58424 177
58540 135
58652 127
58768 159
58880 211
58992 287
59104 387
59216 496
59328 608
59440 705
59560 799
59672 864
59784 899
59896 911
60008 888
60120 831
60232 768
60344 664
60456 556
60576 440
60688 335
60800 248
60912 184
61024 142
61136 127
61248 156
61360 199
61472 280
61592 384
61704 487
61816 600
61928 704
62040 792
62152 860
62264 899
62376 911
62488 896
62608 831
62720 768
62832 668
62944 560
63056 448
63168 348
63284 255
63396 192
63508 143
63624 127
63736 152
63848 199
63964 280
64076 376
64188 480
64300 590
64412 696
64524 783
64640 856
64756 897
64868 911
64980 896
65092 846
65204 769
65316 675
65428 574
65540 462
65660 352
65772 255
65884 192
65996 143
66108 127
66220 147
66332 193
66444 255
66556 359
66676 472
66788 575
66900 688
67012 775
67124 847
67236 896
67348 911
67460 896
67572 856
67684 775
67804 684
67916 575
68028 472
68140 364
68252 271
68364 195
68476 152
68592 127
68704 143
68820 192
68932 255
69044 352
69156 455
69272 568
69384 671
69496 768
69608 839
69720 896
69836 911
69952 896
70064 856
70176 783
70288 696
70400 591
70512 480
70624 384
70736 280
70856 199
70968 152
71080 127
71192 143
71304 184
71416 254
71528 344
71640 448
71752 558
71872 668
71984 768
72096 839
72208 896
72320 911
72432 899
72544 860
72656 796
72768 704
72888 600
73000 487
73112 384
73224 284
73336 207
73448 156
73560 127
73672 135
73788 177
73904 248
74016 335
74128 440
74240 551
74352 655
74468 768
74580 831
74692 888
74804 911
74920 902
75032 864
75148 799
75260 711
75372 608
75484 497
75596 391
75708 295
75820 216
75940 159
76052 127
76164 135
76276 176
76388 240
76500 319
76612 430
76724 540
76836 639
76956 768
77068 830
77180 881
77292 910
77404 903
77516 867
77628 807
77740 719
77852 620
77972 505
78084 398
78196 295
78308 220
78420 159
78532 127
78644 135
78756 167
78868 231
78988 319
79100 423
79212 536
79324 639
79436 737
79548 824
79664 878
79776 908
79888 903
80004 871
80116 812
80228 728
80344 624
80456 515
80568 408
80680 312
80792 225
80904 167
81020 127
81136 135
81248 167
81360 227
81472 312
81584 412
81696 519
81808 632
81920 728
82040 816
82152 876
82264 903
82376 908
82488 876
82600 817
82712 736
82824 638
82936 527
83048 414
83168 316
83280 231
83392 167
83504 135
83616 127
83728 159
83840 220
83952 304
84064 399
84184 512
84296 624
84408 728
84520 807
84632 871
84744 903
84856 910
84968 880
85080 828
85200 739
85312 639
85424 536
85536 423
85648 319
85760 240
85872 176
85984 135
86100 127
86216 159
86328 216
86440 295
86552 391
86664 504
86784 609
86896 711
87008 799
87120 864
87240 903
87352 910
87464 888
87576 831
87688 768
87800 655
87912 547
88024 440
88136 335
88256 243
88368 177
88480 142
88592 127
88704 156
88816 207
88928 286
89044 384
89156 487
89272 608
89384 705
89496 796
89608 864
89724 899
89836 911
89948 896
90060 831
90172 768
90288 664
90404 556
90516 448
90628 344
90740 252
90852 188
90964 143
91076 127
91188 152
91308 199
91420 280
91532 384
91644 481
91756 591
91868 696
91980 783
92092 856
92204 896
92316 911
92436 896
92548 839
92660 768
92772 671
92884 568
92996 455
93108 352
93220 255
93332 192
93452 143
93564 127
93676 152
93788 195
93900 271
94012 364
94124 472
94240 575
94352 686
94468 782
94580 856
94692 896
94804 911
94920 896
95032 847
95144 775
95256 686
95368 575
95484 463
95600 359
95712 255
95824 193
95936 147
96048 127
96160 143
96272 192
96384 255
96504 355
96616 463
96728 575
96840 679
96952 771
97064 846
97176 896
97288 911
97400 896
97520 856
97632 782
97744 689
97856 583
97968 476
98080 369
98192 273
98304 199
98416 152
98536 127
98648 143
98760 192
98872 255
98984 348
99096 449
99208 561
99320 668
99436 768
99552 839
99664 896
99776 911
99888 897
100000 856
100116 792
100228 704
100340 600
100452 487
100568 384
100680 280
100796 204
100908 156
101020 127
101132 142
101244 184
101356 248
101468 335
101588 448
101700 556
101812 664
101924 768
102036 831
102148 896
102260 911
102372 899
102484 864
102604 796
102716 704
102828 604
102940 494
103052 385
103164 287
103276 209
103388 159
103500 127
103620 135
103732 177
103844 241
103956 327
104068 433
104180 543
104292 639
104404 748
104516 828
104636 888
104748 910
104860 903
104972 867
105084 799
105196 718
105308 615
105424 508
105536 399
105652 295
105764 216
105876 159
105988 127
106104 135
106216 172
106328 231
106440 319
106552 419
106668 536
106784 639
106896 743
107008 824
107120 880
107232 908
107344 903
107456 871
107568 812
107680 719
107800 624
107912 512
108024 408
108136 305
108248 224
108360 167
108472 127
108584 127
108696 167
108816 231
108928 316
109040 415
109152 526
109264 632
109376 736
109488 816
109600 876
109712 908
109832 903
109944 876
110056 816
110168 736
110280 632
110392 524
110504 415
110620 316
110732 231
110848 167
110960 127
111072 127
111184 163
111300 224
111412 304
111524 403
111636 512
111748 624
111864 728
111980 812
112092 871
112204 903
112316 908
112428 880
112540 824
112652 743
112764 639
112884 531
112996 423
113108 319
113220 231
113332 176
113444 135
113556 127
113668 159
113780 216
113900 300
114012 398
114124 508
114236 615
114348 718
114460 799
114572 867
114684 903
114796 911
114916 881
115028 828
115140 768
115252 639
115364 543
115476 433
115588 327
115704 243
115816 177
115928 142
116040 127
116152 156
116264 207
116376 287
116496 387
116608 496
116720 608
116832 707
116944 798
117056 864
117168 899
117280 911
117392 896
117512 831
117624 768
117736 664
117848 551
117960 448
118072 344
118188 252
118300 184
118412 143
118528 127
118640 156
118752 206
118868 280
118980 384
119092 481
119204 591
119316 696
119428 792
119544 860
119660 899
119772 911
119884 896
119996 839
120108 768
120220 671
120332 568
120444 455
120564 348
120676 255
120788 192
120900 143
121012 127
121124 152
121236 195
121348 271
121460 366
121580 476
121692 588
121804 696
121916 783
122028 856
122140 896
122252 911
122364 896
122476 847
122596 769
122708 679
122820 574
122932 463
123044 355
123156 255
123268 193
123384 147
123496 127
123612 147
123724 193
123836 255
123948 359
124064 463
124176 575
124288 679
124400 771
124512 846
124628 896
124744 911
124856 896
124968 856
125080 780
125192 688
125304 583
125416 476
125528 368
125640 271
125756 199
125868 152
125980 127
126092 143
126204 188
126316 255
126428 348
126540 448
126652 560
126772 671
126884 768
126996 839
127108 896
127220 911
127332 897
127444 860
127556 792
127672 704
127788 591
127900 481
128012 384
128124 284
128236 207
128348 156
128464 127
128576 142
128688 179
128804 252
128916 339
129028 448
129144 551
129256 655
129368 768
129480 831
129592 888
129704 910
129820 899
129936 864
130048 796
130160 707
130272 608
130384 496
130496 391
130608 287
130720 216
130840 158
130952 127
131064 135
131176 176
131288 240
131400 327
131512 432
131624 540
131736 639
131856 768
131968 830
132080 888
132192 908
132304 903
132416 867
132528 803
132640 719
132752 620
132872 504
132984 398
133096 295
133208 220
133320 159
133432 127
133544 135
133656 167
133772 231
133888 319
134000 423
134112 536
134224 639
134336 739
134452 824
134564 880
134676 908
134788 903
134904 871
135016 807
135132 728
135244 624
135356 515
135468 408
135580 312
135692 224
135804 167
135924 127
136036 135
136148 167
136260 227
136372 312
136484 414
136596 519
136708 632
136820 732
136940 817
137052 878
137164 908
137276 908
137388 876
137500 816
137612 736
137724 636
137836 527
137956 414
138068 312
138180 227
138292 167
138404 135
138516 127
138628 163
138740 224
138852 304
138972 408
139084 515
139196 624
139308 728
139420 807
139532 871
139648 903
139760 910
139872 880
139988 824
140100 739
140212 639
140328 536
140440 423
140552 319
140664 240
140776 176
140888 135
141000 127
141116 159
141228 216
141340 295
141452 391
141564 504
141676 608
141788 711
141900 799
142012 864
142132 903
142244 910
142356 888
142468 831
142580 768
142692 655
142808 547
142920 440
143032 335
143148 248
143260 179
143372 135
143488 127
143600 156
143712 207
143824 286
143936 384
144048 487
144164 604
144280 707
144392 796
144504 864
144620 899
144732 911
144852 896
144964 831
145076 768
145188 664
145300 551
145412 448
145524 344
145636 252
145748 184
145868 142
145980 127
146092 156
146204 206
146316 280
146428 384
146540 481
146652 591
146768 696
146884 792
146996 860
147108 897
147220 911
147332 896
147448 839
147560 768
147672 671
147784 568
147900 449
148012 348
148128 255
148240 192
148352 143
148464 127
148576 152
148688 195
148800 271
148912 369
149032 476
149144 588
149256 689
149368 782
149480 856
149592 896
149704 911
149816 896
149928 847
150048 771
150160 679
150272 575
150384 463
150496 359
150608 255
150720 193
150832 147
150944 127
151064 147
151176 192
151288 255
151400 355
151512 463
151624 574
151736 679
151848 771
151960 846
152080 896
152192 911
152304 896
152416 856
152528 782
152640 689
152756 583
152868 476
152980 369
153096 271
153208 199
153320 152
153436 127
153548 143
153660 192
153772 255
153884 348
153996 449
154112 568
154228 671
154340 768
154452 839
154564 896
154676 911
154788 899
154900 860
155012 792
155132 696
155244 591
155356 481
155468 384
155580 280
155692 206
155804 156
155916 127
156028 142
156148 184
156260 254
156372 344
156484 448
156596 556
156708 664
156820 768
156932 831
157044 896
157164 911
157276 899
157388 864
157500 796
157612 707
157724 608
157836 496
157952 385
158064 287
158180 207
158292 156
158404 127
158516 135
158632 176
158744 243
158856 327
158968 432
159080 543
159196 655
159312 768
159424 831
159536 888
159648 910
159760 903
159872 867
159984 799
160096 718
160216 609
160328 504
160440 391
160552 295
160664 216
160776 159
160888 127
161000 135
161112 174
161232 240
161344 319
161456 423
161568 536
161680 639
161792 743
161904 824
162016 880
162128 908
162248 903
162360 870
162472 807
162584 719
162696 624
162808 513
162920 408
163032 305
163148 224
163264 159
163376 127
163488 135
163600 167
163712 227
163828 316
163940 415
164052 526
164164 632
164280 736
164392 824
164508 880
164620 908
164732 903
164844 876
164956 816
165068 736
165180 636
165292 527
165408 414
165520 316
165632 231
165744 167
165856 135
165968 127
166080 159
166192 224
166304 304
166424 408
166536 513
166648 624
166760 728
166872 807
166984 871
167096 903
167208 908
167320 880
167440 824
167552 739
167664 639
167776 536
167888 423
168000 319
168112 240
168228 176
168340 135
168456 127
168568 159
168680 216
168792 295
168908 391
169020 504
169132 609
169244 711
169356 799
169472 865
169588 903
169700 910
169812 888
169924 831
170036 768
170148 655
170260 551
170372 440
170492 327
170604 243
170716 177
170828 140
170940 127
171052 156
171164 207
171276 284
171388 384
171508 496
171620 608
171732 705
171844 796
171956 864
172068 899
172180 911
172292 896
172404 831
172524 768
172636 664
172748 556
172860 448
172972 344
173084 254
173196 184
173308 143
173424 127
173532 152
173644 193
173756 255
173868 359
173988 472
174100 575
174212 688
174324 780
174436 847
174548 896
174660 911
174772 896
174884 847
175004 775
175116 679
175228 575
175340 467
175452 359
175564 271
175676 195
175788 152
175904 127
176020 143
176132 192
176244 255
176356 352
176468 455
176584 568
176696 671
176808 768
176920 839
177036 896
177148 911
177264 896
177376 856
177488 783
177600 696
177712 591
177824 480
177936 384
178056 275
178168 199
178280 152
178392 127
178504 143
178616 184
178728 252
178840 344
178952 448
179072 561
179184 670
179296 768
179408 831
179520 896
179632 911
179744 899
179856 864
179968 796
180088 704
180200 600
180312 487
180424 384
180536 286
180648 207
180760 156
180872 127
180984 135
181104 184
181216 248
181328 335
181440 440
181552 551
181664 655
181780 768
181892 831
182004 888
182120 910
182232 903
182344 864
182460 799
182572 711
182684 608
182796 504
182908 391
183020 295
183136 211
183252 158
183364 127
183476 135
183588 176
183700 240
183812 319
183924 428
184036 536
184156 652
184268 768
184380 828
184492 881
184604 910
184716 903
184828 867
184940 807
185052 719
185172 615
185284 508
185396 399
185508 302
185620 220
185732 163
185844 127
185956 135
186068 167
186180 231
186300 319
186412 419
186524 527
186636 639
186748 737
186860 824
186972 880
187088 908
187200 908
187316 871
187428 812
187540 728
187652 627
187768 519
187880 412
187992 312
188104 227
188216 167
188332 127
188448 127
188560 167
188672 224
188784 312
188896 408
189008 519
189120 625
189232 728
189352 816
189464 876
189576 903
189688 908
189800 878
189912 824
190024 736
190136 639
190248 531
190368 415
190480 318
190592 231
190704 167
190816 135
190928 127
191040 159
191152 220
191264 300
191384 403
191496 512
191608 624
191720 719
191832 807
191944 870
192056 903
192168 908
192284 881
192400 824
192512 743
192624 639
192736 536
192848 428
192964 319
193076 240
193188 176
193300 135
193416 127
193528 159
193644 216
193756 295
193868 391
193980 499
194092 608
194204 711
194316 799
194436 865
194548 903
194660 910
194772 888
194884 831
194996 768
195108 655
195220 551
195332 440
195452 334
195564 243
195676 179
195788 135
195900 127
196012 156
196124 207
196236 284
196348 384
196468 492
196580 604
196692 704
196804 796
196916 860
197028 899
197140 911
197252 896
197364 839
197484 768
197596 664
197708 560
197820 448
197932 344
198044 255
198160 188
198272 143
198384 127
198500 152
198612 199
198724 280
198840 376
198952 480
199064 591
199176 696
199288 783
199400 856
199516 897
199632 911
199744 896
199856 844
199968 768
200080 671
200192 572
200304 460
200416 353
200536 255
200648 192
200760 143
200872 127
200984 147
201096 195
201208 255
201320 359
201432 465
201544 583
201664 688
201776 780
201888 856
202000 896
202112 911
202224 896
202336 847
202456 775
202568 684
202680 575
202792 465
202904 359
203016 271
203136 193
203248 147
203360 127
203472 143
203584 192
203696 255
203808 353
203920 455
204032 572
204152 679
204264 775
204376 847
204488 896
204600 911
204712 896
204824 856
204936 783
205052 696
205168 583
205280 476
205392 368
205504 275
205616 199
205732 152
205844 127
205956 143
206068 184
206184 255
206296 352
206412 451
206524 568
206636 670
206748 768
206860 839
206972 896
207084 911
207204 897
207316 856
207428 792
207540 704
207652 600
207764 487
207876 384
207988 284
208100 207
208220 152
208332 127
208444 142
208556 184
208668 248
208780 335
208892 440
209004 551
209116 655
209236 768
209348 831
209460 896
209572 911
209684 899
209796 864
209908 799
210020 707
210132 608
210252 492
210364 384
210476 287
210588 209
210700 159
210812 127
210928 135
211040 176
211152 240
211268 334
211380 433
211492 543
211608 654
211720 768
211832 830
211944 888
212056 911
212168 903
212280 867
212396 799
212508 718
212620 615
212732 508
212844 399
212956 304
213068 224
213180 159
213292 127
213412 135
213524 174
213636 231
213748 319
213860 419
213972 527
214088 639
214200 736
214312 824
214428 880
214540 908
214652 903
214768 871
214880 812
214992 728
215104 632
215216 519
215328 412
215444 307
215560 224
215672 167
215784 127
215896 127
216008 167
216120 225
216232 312
216344 408
216464 519
216576 632
216688 732
216800 816
216912 871
217024 903
217136 908
217248 880
217360 824
217480 736
217592 636
217704 527
217816 415
217928 319
218040 231
218152 174
218264 135
218376 127
218496 163
218608 224
218720 304
218832 399
218944 511
219056 620
219168 719
219284 807
219396 867
219512 903
219624 908
219736 880
219848 825
219964 743
220076 639
220188 540
220300 432
220412 327
220528 238
220644 176
220756 135
220868 127
220980 159
221092 216
221204 291
221316 391
221428 496
221548 615
221660 716
221772 799
221884 865
221996 903
222108 911
222220 888
222332 831
222444 768
222564 654
222676 543
222788 435
222900 334
223012 248
223124 184
223236 140
223348 127
223460 156
223580 207
223692 287
223804 384
223916 492
224028 604
224140 704
224252 793
224364 864
224480 899
224596 911
224708 896
224820 831
224932 768
225044 664
225160 560
225272 448
225384 344
225496 255
225612 184
225724 142
225840 127
225952 152
226064 199
226176 280
226288 376
226400 480
226512 590
226632 704
226744 792
226856 860
226968 897
227080 911
227192 896
227304 844
227416 769
227528 671
227640 568
227760 455
227872 352
227984 255
228096 192
228208 143
228320 127
228432 152
228544 195
228656 255
228776 368
228888 472
229000 583
229112 688
229224 780
229336 856
229448 896
229560 911
229676 896
229792 847
229904 771
230016 679
230128 575
230240 463
230356 359
230468 255
230580 195
230692 152
230808 127
230920 143
231036 192
231148 255
231260 355
