20 899
140 768
252 504
364 255
476 135
588 184
700 384
812 639
924 847
1040 908
1156 780
1268 536
1380 287
1492 143
1604 167
1720 352
1832 611
1944 831
2056 911
2172 799
2284 572
2400 316
2512 153
2624 156
2736 319
2848 575
2960 807
3072 911
3192 828
3304 608
3416 344
3528 163
3640 143
3752 295
3864 543
3976 783
4088 903
4208 846
4320 636
4432 384
4544 184
4656 135
4768 270
4880 513
4992 768
5104 899
5224 864
5336 668
5448 408
5560 199
5672 127
5784 248
5896 480
6008 736
6120 896
6240 880
6352 704
6464 440
6576 220
6688 127
6800 224
6916 448
7028 704
7140 880
7256 896
7368 728
7480 472
7596 240
7708 127
7820 199
7932 415
8044 671
8156 865
8272 897
8388 768
8500 508
8612 255
8724 135
8836 184
8948 384
9060 639
9172 847
9292 903
9404 780
9516 540
9628 287
9740 143
9852 167
9964 352
10076 611
10188 831
10308 910
10420 799
10532 572
10644 318
10756 152
10868 156
10980 319
11092 575
11204 812
11324 911
11436 824
11548 608
11660 348
11772 167
11884 143
11996 295
12112 543
12224 783
12340 910
12452 846
12564 636
12676 384
12792 184
12904 135
13016 255
13128 512
13240 768
13352 903
13472 864
13584 668
13696 408
13808 199
13920 127
14032 243
14144 480
14256 736
14368 896
14488 880
14600 704
14712 440
14824 220
14936 127
15048 224
15160 448
15272 704
15384 880
15504 896
15616 728
15728 472
15840 240
15952 127
16064 199
16176 415
16288 671
16400 865
16520 897
16632 768
16744 505
16856 255
16968 135
17080 184
17192 384
17308 639
17420 847
17536 903
17648 782
17760 540
17872 287
17988 143
18100 167
18212 352
18324 611
18436 831
18552 910
18668 799
18780 574
18892 319
19004 156
19116 156
19228 319
19340 575
19452 807
19572 911
19684 828
19796 608
19908 348
20020 167
20132 143
20244 295
20356 543
20468 783
20588 910
20700 846
20812 638
20924 384
21036 184
21148 135
21260 271
21372 512
21484 768
21604 903
21716 864
21828 668
21940 408
22052 199
22164 127
22276 243
22388 480
22504 736
22620 896
22732 878
22844 704
22956 440
23068 220
23184 127
23296 224
23408 448
23520 704
23636 888
23748 896
23864 728
23976 472
24088 240
24200 127
24312 199
24424 414
24536 671
24656 871
24768 899
24880 768
24992 508
25104 255
25216 135
25328 184
25440 384
25552 639
25672 856
25784 903
25896 782
26008 540
26120 287
26232 143
26344 167
26456 352
26568 609
26688 831
26800 911
26912 799
27024 575
27136 319
27248 156
27360 156
27472 319
27584 575
27704 817
27816 911
27928 828
28040 608
28152 348
28264 167
28380 143
28492 295
28604 543
28720 798
28832 908
28952 831
29064 624
29180 352
29292 167
29404 143
29520 287
29632 543
29744 783
29856 903
29968 856
30080 655
30196 384
30312 184
30424 135
30536 255
30648 508
30760 768
30872 899
30984 871
31096 688
31216 414
31328 199
31440 127
31552 240
31664 476
31776 728
31888 896
32000 888
32112 716
32232 448
32344 224
32456 127
32568 220
32680 440
32792 704
32904 880
33016 896
33128 743
33248 480
33360 243
33472 127
33584 199
33696 408
33808 670
33920 864
34032 903
34148 769
34264 512
34376 255
34488 135
34600 184
34712 384
34828 639
34940 847
35052 908
35164 796
35280 543
35392 295
35508 143
35620 167
35732 352
35844 608
35956 828
36068 911
36180 816
36300 575
36412 319
36524 156
36636 156
36748 319
36860 575
36972 803
37084 911
37196 831
37308 609
37428 352
37540 167
37652 143
37764 287
37876 542
37988 783
38100 903
38212 856
38324 655
38444 384
38556 185
38668 135
38780 255
38892 505
39004 768
39116 897
39228 871
39340 688
39460 415
39572 199
39684 127
39796 240
39908 472
40020 728
40132 896
40244 888
40356 719
40476 448
40588 224
40700 127
40812 216
40924 440
41036 696
41148 876
41264 896
41376 748
41492 480
41604 248
41716 127
41828 195
41944 408
42056 668
42168 864
42280 903
42392 775
42508 515
42624 271
42736 135
42848 179
42960 384
43072 636
43184 844
43296 910
43408 799
43528 551
43640 295
43752 145
43864 163
43976 344
44088 604
44200 824
44312 911
44424 824
44544 583
44656 327
44768 158
44880 152
44992 316
45104 572
45216 799
45328 910
45440 839
45560 615
45672 355
45784 167
45896 143
46008 287
46120 536
46232 780
46344 903
46460 860
46576 639
46688 385
46800 192
46912 135
47024 255
47140 504
47252 768
47364 897
47476 876
47592 671
47704 415
47820 199
47932 127
48044 238
48156 472
48268 728
48380 896
48492 896
48612 707
48724 448
48836 224
48948 127
49060 216
49172 440
49284 696
49396 880
49508 896
49628 736
49740 481
49852 248
49964 127
50076 195
50188 403
50300 664
50412 864
50524 903
50644 768
50756 515
50868 271
50980 135
51092 177
51204 376
51316 632
51428 844
51540 910
51660 792
51772 551
51884 295
51996 147
52108 163
52220 344
52336 604
52448 824
52560 911
52676 812
52788 583
52900 327
53016 159
53128 152
53240 316
53352 568
53464 799
53576 910
53688 839
53804 624
53916 359
54028 176
54140 135
54252 280
54364 527
54476 775
54588 903
54700 864
54820 654
54932 391
55044 192
55156 127
55268 255
55380 496
55492 768
55608 896
55720 876
55836 684
55948 423
56060 207
56172 127
56288 231
56400 463
56512 719
56624 888
56736 896
56852 711
56968 455
57080 231
57192 127
57304 209
57416 430
57528 688
57640 871
57752 897
57868 768
57980 508
58092 255
58204 135
58316 184
58428 384
58540 639
58656 847
58772 903
58884 782
58996 542
59108 287
59220 143
59332 167
59448 352
59560 609
59672 830
59788 911
59900 799
60012 575
60128 319
60240 156
60352 156
60464 319
60576 575
60688 807
60804 911
60920 828
61032 608
61144 348
61256 167
61368 143
61480 291
61592 543
61704 783
61824 908
61936 847
62048 639
62160 384
62272 184
62384 135
62496 255
62608 511
62720 768
62840 903
62952 864
63064 670
63176 409
63288 199
63400 127
63512 243
63624 480
63736 736
63856 896
63968 880
64080 704
64192 448
64304 220
64416 127
64528 224
64644 448
64756 704
64872 888
64984 896
65096 729
65208 476
65324 240
65436 127
65548 199
65660 412
65772 671
65888 871
66004 899
66116 768
66228 510
66340 255
66452 135
66564 184
66676 384
66788 639
66908 856
67020 903
67132 783
67244 543
67356 291
67468 143
67580 167
67692 352
67804 608
67924 831
68036 911
68148 807
68260 575
68372 319
68484 156
68596 156
68708 319
68820 575
68940 816
69052 911
69164 828
69276 608
69388 352
69500 167
69612 143
69724 287
69840 543
69956 796
70068 910
70180 847
70292 639
70404 384
70520 184
70632 135
70744 255
70856 511
70972 768
71084 903
71200 864
71312 671
71424 412
71536 199
71648 127
71760 241
71872 476
71992 743
72104 896
72216 880
72328 704
72440 448
72552 224
72664 127
72776 220
72888 448
73000 711
73120 888
73232 896
73344 728
73456 476
73568 241
73680 127
73792 199
73904 412
74016 671
74136 871
74248 899
74360 768
74472 511
74584 255
74696 135
74808 184
74920 384
75032 639
75152 856
75264 903
75376 783
75488 543
75600 295
75712 143
75824 167
75936 348
76048 608
76168 831
76280 911
76392 807
76504 575
76616 319
76728 158
76840 152
76956 318
77068 572
77184 816
77296 911
77408 830
77520 611
77636 352
77748 167
77860 143
77972 287
78084 540
78200 792
78316 908
78428 847
78540 639
78652 384
78764 184
78876 135
78988 255
79100 504
79220 768
79332 899
79444 865
79556 671
79668 415
79780 199
79892 127
80004 240
80116 472
80236 737
80348 896
80460 880
80572 704
80684 448
80796 224
80908 127
81020 216
81132 440
81252 711
81364 881
81476 896
81588 736
81700 480
81812 248
81924 127
82036 195
82152 408
82268 679
82380 867
82492 899
82604 768
82716 513
82828 271
82944 135
83056 179
83168 384
83284 639
83396 856
83508 908
83624 783
83736 543
83848 295
83960 143
84072 163
84184 344
84300 615
84416 831
84528 911
84640 807
84752 575
84864 319
84976 158
85088 152
85200 316
85320 583
85432 816
85544 911
85656 831
85768 615
85880 353
85992 167
86104 143
86216 287
86336 551
86448 792
86560 908
86672 847
86788 638
86900 384
87020 176
87132 142
87244 280
87356 527
87468 771
87580 903
87692 864
87804 671
87916 408
88036 192
88148 127
88260 255
88372 496
88484 743
88596 896
88708 880
88820 704
88932 441
89052 207
89164 127
89276 231
89388 462
89500 719
89612 896
89724 896
89836 728
89948 473
90068 231
90180 127
90292 211
90404 432
90516 689
90628 876
90744 899
90856 768
90968 508
91084 255
91196 127
91308 192
91424 398
91536 655
91648 860
91760 908
91872 783
91984 542
92096 280
92216 142
92328 176
92440 368
92552 625
92664 839
92776 911
92888 803
93000 575
93112 319
93232 152
93344 159
93456 335
93568 593
93680 824
93792 911
93904 828
94016 608
94128 352
94248 159
94360 152
94472 307
94584 560
94696 798
94808 910
94920 847
95032 639
95144 384
95264 176
95376 135
95488 280
95600 527
95712 771
95824 903
95940 864
96052 670
96164 412
96280 192
96392 127
96504 254
96620 496
96732 743
96844 896
96956 880
97068 704
97180 448
97296 209
97412 127
97524 231
97636 460
97748 716
97860 896
97972 896
98084 732
98196 476
98316 231
98428 127
98540 207
98652 428
98764 688
98876 871
98988 899
99100 768
99212 508
99332 255
99444 127
99556 192
99668 396
99780 655
99892 860
100004 908
100116 783
100228 543
100348 280
100460 142
100572 176
100684 368
100796 624
100908 839
101020 911
101136 807
101248 575
101364 307
101476 152
101588 159
101700 335
101816 591
101928 824
102040 911
102152 828
102264 608
102380 335
102496 159
102608 152
102720 305
102832 560
102944 796
103056 910
103168 847
103280 639
103400 368
103512 176
103624 135
103736 280
103848 527
103960 769
104072 903
104184 864
104296 671
104416 398
104528 192
104640 127
104752 254
104864 492
104976 743
105088 896
105200 880
105312 704
105432 430
105544 209
105656 127
105768 227
105880 455
105992 716
106104 896
106216 896
106332 736
106448 462
106560 231
106672 127
106784 207
106896 423
107012 688
107124 871
107236 899
107348 768
107464 496
107576 255
107692 135
107804 192
107916 391
108028 655
108140 856
108252 908
108364 783
108476 543
108592 287
108704 143
108816 167
108928 355
109040 615
109152 831
109264 911
109376 814
109488 583
109608 316
109720 152
109832 158
109944 327
110056 583
110168 814
110280 911
110392 831
110504 615
110624 344
110736 167
110848 143
110960 295
111072 551
111184 792
111296 908
111412 856
111524 639
111640 384
111752 184
111864 135
111976 271
112092 515
112204 768
112316 903
112428 867
112540 679
112656 408
112772 199
112884 127
112996 248
113108 481
113220 736
113332 896
113444 881
113556 711
113676 440
113788 216
113900 127
114012 224
114124 448
114236 705
114348 881
114460 896
114572 737
114692 472
114804 240
114916 127
115028 199
115140 415
115252 679
115364 867
115476 903
115588 768
115696 531
115812 286
115924 143
116036 172
116148 359
116260 620
116372 831
116484 911
116596 807
116716 568
116828 312
116940 152
117052 159
117164 327
117276 588
117388 816
117500 911
117612 831
117732 600
117844 337
117956 159
118068 147
118180 304
118292 556
118404 792
118516 908
118628 847
118748 632
118860 369
118972 176
119084 135
119196 271
119308 519
119420 768
119532 903
119648 865
119764 664
119876 399
119988 193
120100 127
120212 248
120328 487
120440 737
120552 896
120664 880
120780 696
120892 432
121008 216
121120 127
121232 225
121344 451
121456 711
121568 881
121680 896
121800 719
121912 463
122024 236
122136 127
122248 206
122360 419
122472 679
122584 871
122696 899
122816 768
122928 504
123040 255
123152 127
123264 192
123376 387
123488 639
123600 856
123712 908
123832 775
123944 536
124056 286
124168 143
124280 172
124392 359
124504 615
124616 831
124728 911
124844 799
124960 568
125072 312
125184 152
125296 159
125408 327
125524 583
125636 816
125748 911
125860 831
125976 604
126088 344
126200 167
126312 143
126424 295
126536 547
126648 783
126760 908
126872 856
126992 636
127104 384
127216 184
127328 135
127440 270
127552 513
127664 768
127776 899
127892 867
128008 668
128120 408
128232 199
128344 127
128456 248
128568 480
128684 736
128796 896
128908 881
129024 704
129136 440
129248 220
129364 127
129476 224
129588 448
129700 704
129812 880
129924 896
130040 728
130156 472
130268 240
130380 127
130492 199
130604 415
130716 671
130828 865
130940 903
131060 768
131172 508
131284 255
131396 135
131508 184
131620 384
131732 639
131844 847
131956 908
132076 783
132188 542
132300 287
132412 143
132524 167
132636 352
132748 609
132860 831
132972 911
133092 807
133204 575
133316 319
133428 156
133540 156
133652 319
133764 575
133880 807
133992 911
134108 828
134220 608
134332 348
134444 167
134560 143
134672 291
134784 543
134896 783
135008 903
135124 846
135240 639
135352 384
135464 184
135576 135
135688 255
135800 512
135912 768
136024 899
136144 864
136256 670
136368 408
136480 199
136592 127
136704 243
136816 480
136928 736
137040 896
137160 880
137272 704
137384 440
137496 220
137608 127
137720 224
137832 448
137944 704
138056 880
138176 896
138288 728
138400 476
138512 240
138624 127
138736 199
138848 414
138960 671
139076 864
139192 899
139304 768
139416 508
139528 255
139640 135
139756 184
139868 384
139980 639
140092 847
140208 903
140320 783
140436 542
140548 291
140660 143
140772 167
140884 352
140996 609
141108 830
141220 911
141336 812
141448 583
141560 319
141672 159
141784 152
141896 316
142008 569
142120 799
142232 910
142352 831
142464 615
142576 355
142688 167
142800 143
142912 286
143024 536
143136 775
143248 903
143368 856
143480 639
143592 387
143704 192
143816 127
143928 255
144040 504
144156 768
144268 897
144384 867
144496 679
144612 423
144732 199
144844 127
144956 248
145068 480
145180 736
145292 896
145404 881
145516 711
145628 451
145748 220
145860 127
145972 224
146084 448
146196 704
146308 880
146420 896
146532 737
146644 487
146764 240
146876 127
146988 199
147100 415
147212 671
147324 864
147440 903
147552 768
147664 519
147780 255
147892 135
148004 184
148120 384
148232 639
148344 847
148456 908
148568 792
148680 551
148796 287
148912 143
149024 167
149136 352
149248 609
149360 830
149472 911
149584 816
149696 588
149816 319
149928 156
150040 156
150152 319
150264 575
150376 807
150488 910
150600 831
150712 620
150832 352
150944 167
151056 143
151168 291
151280 543
151392 783
151504 903
151616 856
151728 652
151848 384
151960 184
152072 135
152184 255
152296 512
152408 768
152520 899
152636 867
152748 684
152860 408
152976 199
153088 127
153200 241
153316 480
153428 736
153540 896
153652 881
153764 711
153876 455
153992 220
154108 127
154220 224
154332 448
154444 704
154556 880
154668 896
154780 739
154892 487
155012 241
155124 127
155236 199
155348 414
155460 671
155572 864
155684 903
155796 768
155908 519
156028 255
156140 135
156252 184
156364 384
156476 639
156588 847
156700 908
156812 792
156924 556
157044 287
157156 143
157268 167
157380 352
157492 609
157604 831
157716 911
157832 816
157944 591
158060 319
158172 156
158284 156
158396 319
158512 575
158624 807
158736 911
158848 831
158960 624
159076 352
159192 167
159304 143
159416 291
159528 543
159640 783
159752 903
159864 856
159976 654
160096 384
160208 184
160320 135
160432 255
160544 510
160656 768
160768 899
160880 871
160992 684
161112 412
161224 199
161336 127
161448 240
161560 480
161672 732
161784 896
161896 888
162008 711
162128 448
162240 224
162352 127
162464 220
162576 448
162688 704
162800 880
162912 896
163028 743
163144 480
163256 241
163368 127
163480 199
163592 412
163708 671
163820 864
163932 903
164044 768
164160 510
164272 255
164388 135
164500 184
164612 384
164724 639
164836 847
164948 908
165060 792
165180 542
165292 287
165404 143
165516 167
165628 352
165740 608
165852 828
165964 911
166076 816
166196 575
166308 319
166420 156
166532 156
166644 319
166756 575
166868 807
166980 911
167092 831
167212 608
167324 352
167436 167
167548 143
167660 287
167772 543
167884 783
167996 903
168108 856
168224 639
168340 384
168452 184
168564 135
168676 255
168788 510
168904 768
169016 897
169128 871
169240 688
169356 415
169468 204
169580 127
169692 240
169804 472
169916 728
170028 896
170140 888
170252 719
170372 448
170484 224
170596 127
170708 216
170820 435
170932 696
171044 876
171156 896
171272 768
171388 481
171500 248
171612 127
171724 195
171836 403
171948 664
172064 864
172176 903
172288 775
172404 515
172516 271
172628 135
172740 177
172856 376
172968 632
173080 844
173192 910
173304 799
173420 551
173536 287
173652 143
173764 167
173876 355
173988 615
174100 831
174212 911
174324 814
174436 575
174556 316
174668 152
174780 158
174892 327
175004 583
175116 816
175228 911
175340 831
175452 615
175572 344
175684 163
175796 145
175908 295
176020 551
176132 792
176244 908
176356 856
176468 639
176588 256
176700 179
176812 135
176924 271
177036 519
177148 768
177260 902
177372 870
177488 679
177604 408
177716 195
177828 127
177940 248
178052 481
178168 736
178280 896
178392 881
178504 707
178620 440
178732 216
178848 127
178960 224
179072 448
179184 705
179296 880
179408 896
179520 736
179632 483
179748 248
179860 127
179972 199
180084 408
180196 670
180308 864
180420 903
180532 769
180644 527
180764 255
180876 135
180988 184
181100 384
181212 638
181324 846
181436 910
181548 796
181660 560
181780 295
181892 143
182004 167
182116 348
182228 608
182340 828
182452 911
182568 824
182680 591
182796 319
182908 156
183020 156
183132 318
183248 574
183360 799
183472 910
183584 831
183696 625
183812 352
183928 167
184040 143
184152 287
184264 540
184376 782
184488 903
184600 856
184712 655
184832 384
184944 184
185056 135
185168 255
185280 505
185392 768
185504 897
185616 871
185728 688
185848 415
185960 199
186072 127
186184 240
186296 472
186408 728
186520 896
186632 888
186744 719
186864 448
186976 224
187088 127
187200 216
187312 440
187424 696
187536 880
187648 896
187764 768
187880 481
187992 248
188104 127
188216 195
188328 408
188444 668
188556 864
188668 903
188780 771
188896 513
189008 255
189124 135
189236 184
189348 384
189460 638
189572 846
189684 910
189796 798
189916 543
190028 295
190140 143
190252 163
190364 344
190476 604
190588 828
190700 911
190812 824
190932 575
191044 319
191156 158
191268 152
191380 316
191492 572
191604 799
191716 910
191828 839
191948 615
192060 353
192172 167
192284 143
192396 287
192508 540
192620 775
192732 903
192844 856
192964 639
193076 384
193188 188
193300 135
193412 255
193524 504
193640 768
193752 897
193864 871
193980 671
194092 415
194204 199
194320 127
194432 240
194544 472
194656 728
194768 896
194880 896
194992 719
195108 455
195220 227
195332 127
195444 216
195556 432
195668 696
195780 871
195892 896
196004 768
196124 487
196236 252
196348 127
196460 192
196572 399
196684 664
196800 860
196912 903
197024 775
197140 519
197252 280
197364 135
197480 176
197592 368
197704 632
197816 839
197928 910
198040 799
198156 556
198272 304
198384 147
198496 159
198608 335
198720 600
198832 824
198944 911
199056 824
199176 590
199288 332
199400 159
199512 152
199624 312
199736 563
199848 798
199960 910
200072 844
200192 622
200304 359
200416 176
200528 142
200640 280
200752 527
200864 771
200976 903
201088 864
201208 654
201320 391
201432 192
201544 127
201656 255
201768 496
201880 768
201996 896
202108 876
202224 684
202336 423
202456 199
202568 127
202684 248
202796 480
202908 736
203020 896
203132 880
203248 696
203364 440
203476 216
203588 127
203700 224
203812 448
203924 705
204036 880
204148 896
204268 728
204380 472
204492 240
204604 127
204716 199
204828 415
204940 671
205052 865
205164 903
205284 768
205396 504
205508 255
205620 135
205732 184
205844 384
205956 639
206068 847
206180 908
206300 780
206412 540
206524 287
206636 143
206748 167
206860 352
206972 611
207084 831
207200 911
207316 799
207428 574
207540 318
207652 152
207764 156
207880 319
207992 575
208104 807
208216 911
208332 828
208444 608
208560 348
208672 167
208784 143
208896 295
209008 543
209120 783
209232 908
209352 847
209464 636
209576 384
209688 184
209800 135
209912 255
210024 512
210136 768
210248 899
210368 864
210480 668
210592 408
210704 199
210816 127
210928 248
211040 480
211152 736
211264 896
211384 878
211496 704
211608 440
211720 220
211832 127
211944 224
212056 448
212168 704
212280 880
212400 896
212512 728
212624 472
212736 240
212848 127
212960 199
213076 415
213188 671
213300 864
213416 897
213528 768
213640 508
213752 255
213868 135
213980 184
214092 384
214204 639
214316 847
214432 903
214548 780
214660 540
214772 287
214884 143
214996 167
215108 352
215220 611
215332 830
215444 911
215564 799
215676 574
215788 319
215900 156
216012 156
216124 319
216236 575
216348 807
216460 911
216580 828
216692 608
216804 352
216916 167
217028 143
217140 291
217252 543
217364 783
217476 903
217596 847
217708 639
217820 384
217932 184
218044 135
218156 255
218268 511
218384 768
218496 899
218612 864
218724 671
218836 412
218948 199
219064 127
219176 241
219288 480
219400 732
219512 896
219628 880
219744 704
219856 448
219968 224
220080 127
220192 220
220304 448
220416 704
220528 880
220648 896
220760 728
220872 476
220984 241
221096 127
221208 199
221320 412
221432 671
221544 864
221664 899
221776 768
221888 510
222000 255
222112 135
222224 184
222336 384
222448 639
222560 847
222680 903
222792 782
222904 543
223016 291
223128 143
223240 167
223352 352
223464 608
223580 831
223696 911
223808 807
223920 575
224032 319
224144 156
224260 156
224372 319
224484 575
224596 807
224712 911
224824 828
224940 608
225052 352
225164 167
225276 143
225388 287
225500 543
225612 783
225732 908
225844 847
225956 639
226068 384
226180 184
226292 135
226404 255
226516 510
226628 768
226748 903
226860 864
226972 671
227084 412
227196 199
227308 127
227420 240
227532 476
227644 728
227764 896
227876 880
227988 704
228100 448
228212 224
228324 127
228436 220
228548 440
228660 704
228780 888
228892 896
229004 736
229116 480
229228 243
229340 127
229456 199
229568 412
229680 670
229796 871
229908 899
230020 768
230136 511
230248 255
230360 135
230472 184
230584 384
230696 639
230812 856
230928 903
231040 783
231152 543
231264 295
