20 217
140 497
252 615
364 728
476 839
588 799
700 689
812 575
924 460
1036 348
1156 231
1268 344
1380 462
1492 575
1604 696
1716 799
1828 839
1940 728
2052 611
2172 327
2284 216
2396 207
2508 318
2620 432
2732 543
2844 664
2956 775
3068 867
3188 583
3300 463
3412 352
3524 240
3636 179
3748 287
3864 399
3976 519
4088 633
4204 844
4316 728
4428 608
4544 494
4656 384
4768 255
4880 159
4992 255
5104 376
5220 664
5336 780
5448 864
5560 768
5672 639
5784 519
5896 408
6008 295
6120 192
6240 399
6352 519
6464 638
6576 768
6688 864
6800 780
6912 668
7024 551
7136 435
7256 159
7368 255
7480 384
7592 494
7704 608
7816 719
7928 831
8040 807
8152 696
8272 408
8384 287
8496 184
8608 238
8720 348
8832 463
8944 575
9060 696
9172 799
9288 671
9400 558
9512 440
9624 327
9736 220
9852 199
9964 312
10076 423
10188 540
10304 824
10416 816
10532 704
10644 590
10756 476
10868 359
10980 249
11092 167
11204 280
11324 560
11436 679
11548 796
11660 847
11772 736
11884 624
11996 508
12108 391
12220 280
12332 300
12452 419
12564 536
12676 639
12788 768
12900 871
13012 768
13124 654
13236 536
13348 419
13468 159
13580 255
13692 369
13804 487
13916 601
14028 716
14140 828
14252 816
14364 704
14484 415
14596 304
14708 193
14820 224
14932 335
15044 449
15156 568
15268 679
15380 796
15500 684
15612 568
15724 451
15836 335
15948 227
16060 192
16172 302
16288 415
16400 527
16516 814
16628 824
16740 711
16852 600
16968 480
17080 368
17192 255
17304 163
17416 271
17532 556
17648 679
17760 792
17872 856
17984 739
18096 625
18208 511
18320 398
18432 286
18552 295
18664 415
18776 529
18888 639
19000 768
19112 871
19224 771
19336 664
19448 543
19568 255
19680 159
19792 271
19904 384
20016 497
20128 611
20240 728
20352 831
20464 799
20584 519
20696 398
20808 287
20920 179
21032 240
21144 352
21256 463
21368 575
21484 696
21600 775
21712 655
21824 543
21936 428
22048 316
22164 206
22276 211
22388 319
22500 440
22616 719
22728 839
22844 799
22956 688
23068 572
23180 455
23292 344
23404 231
23516 184
23636 463
23748 583
23860 704
23972 812
24084 830
24196 718
24308 604
24420 487
24532 371
24652 207
24764 319
24876 440
24988 556
25100 671
25212 783
25324 856
25436 743
25548 632
25668 348
25780 227
25892 192
26004 295
26116 412
26228 527
26340 639
26452 768
26564 865
26684 608
26796 480
26908 368
27020 255
27132 159
27244 271
27360 384
27472 497
27584 615
27700 860
27812 739
27924 632
28040 512
28152 396
28264 286
28376 176
28488 241
28600 352
28712 467
28828 688
28936 732
29048 839
29160 799
29276 688
29388 574
29500 455
29612 344
29728 238
29840 348
29952 463
30068 575
30180 696
30292 799
30404 839
30516 728
30628 611
30744 327
30860 211
30972 207
31084 316
31196 432
31308 543
31420 664
31532 775
31644 867
31764 590
31876 467
31988 352
32100 243
32212 176
32324 284
32436 396
32548 511
32660 625
32780 847
32892 736
33004 615
33116 504
33228 385
33340 273
33452 167
33564 252
33676 359
33796 639
33908 768
34020 871
34132 768
34244 639
34356 536
34468 415
34584 305
34696 195
34812 385
34924 510
35036 624
35148 737
35264 847
35376 792
35488 679
35600 568
35712 448
35828 176
35944 252
36056 359
36168 480
36280 593
36392 711
36504 824
36616 824
36728 707
36848 423
36960 304
37072 195
37184 224
37296 335
37408 448
37520 568
37632 679
37744 792
37864 684
37976 560
38088 448
38200 334
38312 224
38424 195
38536 304
38648 415
38760 536
38880 816
38992 824
39104 707
39216 591
39328 480
39440 359
39552 252
39664 167
39780 275
39892 568
40008 679
40120 792
40232 856
40344 737
40460 624
40572 510
40684 391
40796 284
40908 176
41024 355
41136 472
41248 583
41360 704
41472 816
41584 831
41696 719
41808 608
41920 487
42040 211
42152 207
42264 318
42376 432
42488 543
42600 664
42712 775
42824 871
42940 768
43056 472
43168 352
43280 240
43392 177
43504 286
43620 399
43732 515
43844 632
43956 743
44072 736
44184 609
44300 496
44412 384
44524 271
44636 159
44748 255
44860 368
44972 483
45092 768
45204 867
45316 768
45428 639
45540 527
45652 412
45764 295
45876 192
45988 227
46108 511
46220 632
46332 748
46444 860
46556 783
46668 671
46780 556
46892 440
47004 327
47124 252
47236 376
47348 487
47460 604
47572 718
47684 830
47796 816
47908 704
48020 583
48140 304
48252 192
48364 231
48476 344
48588 455
48700 574
48816 688
48928 799
49040 844
49156 560
49268 440
49380 319
49496 216
49608 199
49720 312
49832 428
49944 543
50056 655
50172 817
50288 704
50400 583
50512 472
50624 353
50736 248
50848 176
50960 284
51072 391
51192 679
51304 799
51416 844
51528 736
51640 615
51752 504
51864 385
51976 275
52088 167
52208 415
52320 540
52432 655
52544 768
52656 876
52768 768
52880 654
52992 536
53104 419
53224 159
53336 280
53448 387
53560 504
53672 620
53784 736
53896 846
54012 798
54124 684
54240 398
54352 280
54464 172
54576 248
54692 359
54804 476
54916 590
55028 704
55140 816
55256 664
55372 536
55484 423
55596 312
55708 199
55820 220
55932 327
56044 448
56156 560
56268 671
56384 871
56496 769
56608 655
56720 542
56832 423
56944 312
57056 199
57168 216
57280 319
57400 611
57512 728
57624 831
57736 807
57852 638
57964 768
58076 864
58192 782
58304 668
58416 551
58528 440
58640 319
58752 216
58868 368
58984 492
59096 608
59208 719
59320 831
59432 812
59544 704
59656 583
59768 467
59888 192
60000 231
60112 348
60224 460
60336 575
60448 689
60560 799
60672 839
60784 728
60904 448
61016 319
61128 216
61240 207
61352 316
61464 432
61576 543
61688 664
61800 771
61912 704
62032 575
62144 465
62256 352
62368 243
62480 176
62592 284
62708 396
62820 512
62932 632
63048 847
63160 732
63272 615
63388 504
63500 385
63612 271
63724 167
63836 252
63948 359
64064 639
64180 768
64292 876
64404 768
64516 652
64628 536
64740 419
64852 312
64964 199
65084 384
65196 504
65308 620
65420 736
65532 844
65644 799
65756 686
65868 572
65980 455
66100 179
66212 248
66324 359
66436 472
66548 590
66660 704
66772 816
66884 830
66996 718
67116 432
67228 312
67340 199
67452 216
67564 319
67676 440
67788 558
67904 671
68016 783
68132 696
68244 572
68356 455
68468 344
68584 231
68696 192
68808 295
68920 412
69032 527
69148 807
69264 828
69376 718
69488 600
69600 483
69712 369
69824 255
69936 159
70048 255
70168 551
70280 671
70392 783
70504 856
70616 743
70728 632
70840 515
70952 399
71064 287
71184 287
71296 412
71408 527
71520 639
71632 768
71744 865
71856 775
71968 664
72080 551
72200 255
72312 159
72424 255
72536 384
72648 494
72760 608
72872 719
72984 831
73100 807
73216 527
73328 408
73440 295
73552 184
73664 231
73780 344
73892 455
74004 574
74116 688
74232 792
74344 671
74460 556
74572 440
74684 327
74796 217
74908 199
75020 312
75132 423
75252 711
75364 831
75476 812
75588 704
75700 583
75812 472
75924 353
76036 248
76148 176
76268 449
76380 574
76492 688
76604 799
76716 844
76828 736
76940 615
77052 504
77164 385
77276 195
77396 312
77508 423
77620 542
77732 655
77844 769
77956 871
78068 768
78180 639
78296 531
78412 280
78524 167
78636 252
78748 359
78860 480
78972 591
79084 705
79196 824
79308 824
79428 543
79540 415
79652 305
79764 199
79876 224
79988 327
80100 448
80216 563
80328 675
80444 799
80556 679
80668 568
80780 448
80896 335
81008 224
81120 192
81232 304
81344 415
81460 704
81572 816
81688 830
81800 719
81912 604
82024 487
82136 376
82248 255
82360 159
82480 432
82592 556
82704 670
82816 782
82928 864
83040 768
83152 636
83264 519
83376 408
83496 176
83608 287
83720 408
83832 519
83944 636
84056 768
84168 860
84280 783
84392 671
84512 384
84624 255
84736 159
84848 255
84960 368
85072 483
85184 600
85296 711
85408 828
85528 639
85640 527
85752 414
85864 302
85976 192
86088 225
86204 335
86316 451
86428 568
86544 847
86656 792
86772 184
86884 231
86996 348
87108 462
87220 575
87332 696
87444 799
87564 671
87676 558
87788 440
87900 327
88012 220
88124 199
88236 312
88348 423
88464 540
88580 824
88692 816
88804 704
88916 590
89028 472
89144 359
89256 248
89368 167
89480 280
89596 561
89708 684
89824 798
89936 847
90048 736
90160 620
90272 504
90384 387
90496 280
90616 304
90728 423
90840 540
90952 654
91064 768
91176 871
91288 768
91400 652
91512 536
91632 255
91744 167
91856 280
91968 387
92080 504
92192 620
92304 736
92416 844
92528 799
92648 515
92760 391
92872 284
92984 176
93096 241
93208 352
93320 467
93432 575
93544 704
93664 780
93776 664
93888 543
94000 432
94112 319
94224 207
94340 207
94452 319
94564 432
94680 718
94792 831
94904 807
95020 696
95132 575
95244 463
95356 352
95468 240
95580 176
95696 455
95812 575
95924 689
96036 799
96148 839
96260 728
96372 611
96484 497
96596 384
96716 199
96828 316
96940 432
97052 543
97164 664
97276 771
97388 871
97500 768
97612 639
97732 359
97844 241
97956 176
98068 284
98180 398
98292 512
98404 632
98516 743
98628 856
98748 624
98860 497
98972 384
99084 271
99196 163
99308 255
99420 368
99536 480
99648 600
99764 876
99876 768
99988 639
100100 527
100216 415
100328 304
100440 193
100552 224
100664 335
100780 620
100896 739
101008 856
101120 792
101232 679
101344 563
101456 448
101568 335
101680 225
101792 192
101908 387
102020 504
102132 615
102244 736
102356 839
102468 799
102580 688
102692 574
102804 455
102924 184
103036 231
103148 348
103260 462
103372 575
103484 689
103596 799
103708 839
103824 732
103940 448
104052 327
104164 224
104276 195
104388 305
104500 419
104616 536
104728 639
104840 768
104956 711
105068 600
105180 481
105292 368
105408 255
105520 159
105632 255
105744 384
105856 496
105972 782
106088 856
106200 743
106312 632
106424 513
106536 399
106648 287
106760 184
106872 240
106992 519
107104 639
107216 768
107328 865
107440 775
107552 664
107664 543
107776 432
107888 319
108008 255
108120 384
108232 496
108344 609
108456 728
108568 831
108680 807
108792 696
108904 575
109024 295
109136 184
109248 240
109360 352
109472 463
109584 575
109696 696
109808 807
109924 831
110040 551
110152 432
110264 318
110376 207
110488 207
110604 319
110716 432
110828 547
110940 664
111056 814
111168 696
111284 575
111396 463
111508 352
111620 240
111732 177
111844 287
111956 399
112076 688
112188 799
112300 839
112412 728
112524 615
112636 497
112748 384
112860 271
112972 167
113092 415
113204 543
113316 655
113428 768
113540 871
113652 768
113764 639
113876 536
113988 419
114108 163
114220 280
114332 391
114444 505
114556 620
114668 736
114780 846
114892 798
115004 688
115124 399
115236 280
115348 176
115460 248
115572 355
115684 319
115796 432
115908 543
116020 664
116136 775
116248 867
116360 768
116476 472
116588 359
116700 249
116812 167
116924 275
117040 387
117152 504
117264 615
117376 736
117492 743
117604 632
117716 515
117832 399
117944 287
118056 184
118168 231
118280 344
118392 455
118508 743
118624 864
118736 782
118848 670
118960 551
119072 440
119184 319
119296 216
119408 199
119528 481
119640 604
119752 718
119864 830
119976 816
120088 704
120200 583
120312 472
120424 355
120536 224
120656 344
120768 455
120880 572
120992 688
121104 799
121216 846
121328 736
121440 615
121552 504
121672 243
121784 176
121896 284
122008 396
122120 512
122232 632
122344 739
122456 856
122568 792
122688 508
122800 391
122912 280
123024 174
123136 248
123248 355
123360 473
123472 590
123588 704
123704 775
123816 655
123928 540
124040 423
124152 312
124268 199
124380 216
124492 319
124604 440
124720 728
124832 839
124948 799
125060 688
125172 574
125284 455
125396 344
125508 236
125620 184
125740 460
125852 575
125964 688
126076 799
126188 839
126300 732
126412 615
126524 504
126636 385
126756 193
126868 312
126980 423
127092 540
127204 655
127316 768
127428 876
127540 768
127652 652
127772 368
127884 252
127996 167
128108 275
128220 387
128332 504
128444 620
128556 736
128668 846
128788 632
128900 508
129012 391
129124 280
129236 174
129348 248
129460 355
129576 472
129688 588
129804 867
129916 768
130028 655
130140 540
130256 423
130368 312
130480 199
130592 216
130704 319
130820 609
130936 736
131048 844
131160 799
131272 688
131384 572
131496 455
131608 344
131720 231
131840 352
131952 472
132064 583
132176 704
132288 812
132400 831
132512 719
132624 608
132736 487
132856 209
132968 216
133080 319
133192 440
133304 551
133416 670
133528 782
133640 860
133752 768
133872 463
133984 344
134096 231
134208 184
134320 291
134432 408
134544 519
134656 638
134772 768
134888 728
135000 608
135112 492
135224 384
135336 255
135452 159
135564 255
135676 376
135788 487
135904 771
136016 864
136132 768
136244 639
136356 524
136468 412
136580 295
136692 192
136804 225
136916 335
137032 542
137144 655
137256 768
137368 871
137480 768
137592 639
137704 536
137816 419
137928 312
138048 270
138160 384
138272 496
138384 609
138496 728
138608 831
138720 807
138832 696
138944 575
139064 295
139176 192
139288 231
139400 344
139512 455
139624 572
139736 686
139852 798
139964 846
140080 568
140192 448
140304 327
140416 220
140532 199
140644 312
140756 423
140868 540
140980 654
141096 824
141212 704
141324 590
141436 472
141548 359
141660 248
141772 167
141884 280
141996 391
142116 671
142228 796
142340 847
142452 736
142564 624
142676 504
142788 391
142900 280
143012 167
143132 415
143244 536
143356 652
143468 768
143580 871
143692 768
143804 654
143916 536
144028 423
144148 159
144260 280
144372 387
144484 504
144604 176
144720 412
144832 536
144948 639
145060 768
145172 871
145284 769
145396 655
145508 543
145620 430
145740 159
145852 271
145964 384
146076 497
146188 611
146300 728
146412 831
146524 799
146636 696
146756 408
146868 287
146980 179
147092 240
147204 352
147316 463
147428 575
147540 696
147652 807
147772 670
147884 543
147996 432
148108 319
148220 207
148332 207
148444 319
148556 432
148668 543
148788 830
148900 807
149012 696
149124 575
149236 463
149348 352
149464 240
149576 177
149688 286
149804 572
149916 696
150028 799
150144 839
150256 728
150368 615
150480 499
150592 384
150704 271
150820 305
150936 428
151048 542
151160 655
151272 768
151384 876
151496 768
151608 639
151720 536
151832 255
151952 167
152064 280
152176 391
152288 508
152400 620
152512 736
152624 846
152736 799
152848 688
152968 399
153080 284
153192 176
153304 241
153416 352
153528 467
153640 583
153752 696
153864 807
153984 668
154096 543
154208 432
154320 318
154432 207
154544 207
154660 319
154772 432
154884 547
155000 831
155112 807
155224 696
155340 575
155452 463
155564 352
155676 240
155788 177
155900 287
156016 572
156132 696
156244 799
156356 831
156468 728
156580 611
156692 496
156804 384
156916 271
157036 312
157148 432
157260 543
157372 664
157484 771
157596 871
157708 768
157820 639
157932 527
158052 252
158164 176
158276 284
158388 396
158500 512
158612 625
158724 739
158836 856
158948 792
159068 508
159180 385
159292 271
159404 167
159516 252
159628 366
159740 480
159856 591
159968 707
160084 768
160196 639
160308 536
160420 415
160536 304
160648 195
160760 224
160872 327
160984 448
161100 732
161216 847
161328 796
161440 684
161552 568
161664 451
161776 344
161888 231
162000 192
162120 463
162232 588
162344 704
162456 816
162568 831
162680 719
162792 608
162904 487
163016 384
163136 206
163248 319
163360 433
163472 551
163584 664
163696 775
163808 865
163920 768
164032 639
164152 355
164264 241
164376 176
164488 284
164600 398
164712 512
164824 625
164936 739
165052 856
165168 624
165280 504
165392 385
165504 271
165616 167
165732 252
165844 359
165956 480
166068 591
166184 871
166296 768
166412 639
166524 536
166636 415
166748 307
166860 199
166972 220
167084 327
167204 615
167316 736
167428 847
167540 798
167652 684
167764 568
167876 451
167988 335
168100 227
168212 352
168332 473
168444 590
168556 704
168668 816
168780 828
168892 716
169004 601
169116 483
169228 371
169348 207
169460 327
169572 440
169684 558
169796 671
169908 783
170020 860
170132 768
170248 636
170364 352
170476 231
170588 184
170700 291
170812 408
170928 519
171040 638
171152 768
171264 864
171380 615
171492 494
171608 384
171720 255
171832 159
171944 255
172056 369
172168 483
172280 600
172400 876
172512 768
172624 639
172736 527
172848 415
172960 304
173072 195
173184 224
173296 335
173416 615
173532 828
173644 807
173756 704
173868 575
173980 465
174096 352
174208 243
174324 335
174436 460
174548 575
174660 689
174776 799
174888 844
175000 732
175112 615
175224 504
175340 224
175456 199
175568 312
175680 423
175792 540
175904 655
176016 768
176128 876
176240 768
176360 481
176472 359
176584 252
176696 167
176808 273
176920 385
177032 504
177144 615
177256 732
177376 768
177488 632
177600 512
177712 399
177824 287
177936 179
178048 240
178160 352
178272 463
178392 768
178504 864
178616 775
178728 668
178840 551
178952 440
179064 319
179176 216
179292 204
179408 483
179520 608
179632 719
179744 831
179856 812
179972 704
180084 583
180196 472
180308 353
180424 224
180536 344
180652 455
180764 572
180876 688
180988 799
181100 846
181212 736
181324 620
181444 334
181556 220
181668 199
181780 312
181892 423
182004 540
182116 654
182228 768
182340 876
182460 600
182572 476
182684 359
182796 252
182908 167
183020 275
183132 387
183244 504
183356 620
183468 856
183588 737
183700 624
183812 508
183924 391
184036 284
184148 176
184260 243
184372 355
184488 472
184604 728
184716 839
184828 799
184940 696
185052 575
185164 462
185276 348
185388 240
185500 184
185620 455
185732 575
185844 696
185956 807
186068 831
186180 728
186292 611
186408 496
186520 384
186636 199
186748 316
186860 428
186972 543
187088 655
187200 769
187312 871
187424 768
187536 639
187652 364
187768 248
187880 167
187992 280
188104 391
188216 508
188328 620
188440 736
188552 844
188672 632
188784 511
188896 391
189008 284
189120 177
189232 240
189344 352
189456 463
189568 575
189688 864
189800 775
189912 664
190024 543
190136 432
190248 319
190360 207
190472 207
190584 318
190704 604
190816 728
190928 831
191040 807
191152 696
191264 583
191376 465
191488 353
191604 243
191720 335
191832 455
191944 575
192056 688
192168 799
192284 839
192396 736
192508 615
192620 504
192736 224
192848 199
192964 312
193076 423
193188 542
193300 655
193412 768
193524 876
193636 768
193756 480
193868 355
193980 248
194092 167
194204 280
194316 391
194428 508
194540 624
194652 736
194772 743
194884 624
194996 508
195108 391
195220 280
195332 176
195444 248
195556 355
195668 472
195788 768
195900 871
196012 769
196124 655
196236 543
196348 430
196460 318
196572 207
196684 207
196804 487
196916 611
197028 728
197140 831
197252 807
197364 696
197480 575
197592 465
197704 352
197820 225
197932 344
198044 455
198160 575
198272 688
198384 799
198496 844
198608 736
198720 620
198836 335
198952 220
199064 199
199176 307
199288 423
199400 537
199512 654
199624 768
199736 876
199848 768
199964 572
200076 455
200188 344
200300 231
200412 184
200524 291
200636 408
200748 519
200860 638
200980 839
201092 728
201204 611
201316 496
201428 384
201540 271
201652 163
201764 255
201880 368
201996 652
202108 771
202220 871
202332 768
202444 595
202556 480
202668 368
202780 255
202892 159
203004 271
203116 384
203228 497
203348 782
203460 864
203572 768
203684 638
203796 519
203908 408
204020 295
204132 192
204244 231
204364 512
204476 632
204588 743
204700 856
204812 792
204924 679
205036 568
205148 448
205260 335
205380 248
205492 359
205604 480
205716 591
205828 705
205940 824
206052 824
206168 711
206280 600
206392 316
206508 199
206620 220
206732 327
206848 448
206960 560
207072 671
207184 783
207296 860
207408 768
207524 463
207640 344
207752 231
207864 184
207976 287
208088 408
208200 519
208312 636
208424 768
208544 732
208656 609
208768 496
208880 384
208992 271
209104 163
209216 255
209328 368
209440 480
209560 768
209672 871
209784 768
209896 639
210008 536
210120 419
210232 312
210344 199
210456 216
210576 497
210688 615
210800 736
210912 844
211024 799
211136 688
211248 574
211364 455
211476 344
211592 236
211704 353
211816 472
211928 583
212044 704
212156 807
212268 831
212380 719
212492 608
212608 319
212724 207
212836 207
212948 319
213060 432
213172 543
213284 664
213396 775
213508 867
213628 588
213740 463
213852 352
213964 241
214076 177
214188 286
214300 399
214412 513
214524 632
214644 847
214756 728
214868 615
214980 499
215092 384
215204 271
215316 167
215428 252
215540 359
215660 639
215772 768
215884 871
215996 769
216108 655
216220 542
216332 423
216444 316
216556 207
216676 384
216788 496
216900 611
217012 728
217124 831
217236 807
217352 696
217464 575
217576 463
217692 192
217804 231
217916 344
218032 460
218144 575
218256 688
218368 799
218480 844
218592 736
218708 448
218824 327
218936 220
219048 199
219160 307
219272 419
219384 536
219496 639
219608 768
219728 716
219840 591
219952 480
220064 368
220176 255
220288 163
220400 271
220512 384
220624 499
220744 783
220856 856
220968 743
221080 632
221192 513
221304 399
221416 287
221528 184
221640 240
221752 519
221872 639
221984 768
222096 865
222208 775
222320 664
222432 547
222548 432
222660 319
222772 211
222888 319
223000 440
223112 551
223224 668
223336 780
223448 864
223560 768
223672 639
223784 524
223904 243
224016 176
224128 284
224240 391
224352 511
224464 624
224576 739
224688 847
224800 792
224920 510
225032 391
225144 284
225256 176
225368 243
225480 353
225592 472
225708 583
225820 704
225936 775
226048 659
226160 543
226272 430
226388 316
226500 207
226612 207
226724 319
226836 433
226952 719
227068 831
227180 807
227292 696
227404 575
227516 463
227628 352
227740 241
227852 176
227972 451
228084 575
228196 688
228308 799
228420 844
228532 736
228644 620
228756 504
228868 391
228988 192
229100 305
229212 419
229324 536
229436 639
229548 768
229660 871
229772 769
229884 655
230004 371
230116 255
230228 159
230340 271
230452 384
230564 496
230676 609
230788 728
230904 831
231020 639
231132 519
231244 403
